

 --- EXPECTATION VALUES PSI VECTORS ---


   M expectation values psi vectors 
         1    0.00000000    0.00000000


   M^2 expectation values psi vectors 
         1    0.00000000    0.00000000


   inversion expectation values psi vectors 
         1    0.00000000    0.00000000


   X, Y, Z dipole expectation values psi vectors
         1    0.00000000    0.00000000   -0.00000000    0.00000000   -0.00000000   -0.00000000


   X, Y, Z reflection expectation values psi vectors
         1    1.00000000   -0.00000000    1.00000000    0.00000000    1.00000000   -0.00000000


 --- EXPECTATION VALUES ORBITALS ---


   inversion expectation values orbitals
         1    1.00000000    0.00000000
         2   -1.00000000   -0.00000000
         3    1.00000000    0.00000000
         4   -1.00000000    0.00000000
         5   -1.00000000   -0.00000000
         6    1.00000000    0.00000000
         7   -1.00000000    0.00000000


   X,Y,Z dipole expectation values orbitals
         1   -0.00000000   -0.00000000    0.00000000    0.00000000    0.00000000   -0.00000000
         2   -0.00000000    0.00000000    0.00000000    0.00000000   -0.00000000   -0.00000000
         3   -0.00000000    0.00000000   -0.00000000    0.00000000   -0.00000000   -0.00000000
         4    0.00000000   -0.00000000   -0.00000000   -0.00000000   -0.00000000   -0.00000000
         5    0.00000000    0.00000000   -0.00000000   -0.00000000    0.00000000    0.00000000
         6   -0.00000000    0.00000000    0.00000000    0.00000000    0.00000000   -0.00000000
         7   -0.00000000   -0.00000000    0.00000000   -0.00000000    0.00000000   -0.00000000


   X,Y,Z reflection expectation values orbitals 
         1    1.00000000   -0.00000000    1.00000000    0.00000000    1.00000000    0.00000000
         2    1.00000000   -0.00000000    1.00000000    0.00000000   -1.00000000   -0.00000000
         3    1.00000000    0.00000000    1.00000000   -0.00000000    1.00000000    0.00000000
         4   -0.00000000   -0.00000000    0.00000000    0.00000000    1.00000000    0.00000000
         5    0.00000000    0.00000000   -0.00000000   -0.00000000    1.00000000   -0.00000000
         6    1.00000000   -0.00000000    1.00000000    0.00000000    1.00000000    0.00000000
         7    1.00000000   -0.00000000    1.00000000   -0.00000000   -1.00000000    0.00000000


 --- ORBITAL OCCUPATIONS BY STATE ---
  Orbital State              1
              1   1.9634271347
              2   0.0210030689
              3   0.0062007627
              4   0.0044874390
              5   0.0044874390
              6   0.0002009010
              7   0.0001932546


 ---------------- MATRIX ELEMENTS ------------------


   M matrix elements 
 --------------------------------
      PSI VECTORS    
 --------------------------------
    0.00000000    0.00000000


   M^2 matrix elements 
 --------------------------------
      PSI VECTORS    
 --------------------------------
    0.00000000    0.00000000


   inversion matrix elements 
 --------------------------------
      ORBITALS    
 --------------------------------
    1.00000000    0.00000000   -0.00000000    0.00000000    0.00000000    0.00000000   -0.00000000   -0.00000000   -0.00000000    0.00000000    0.00000000    0.00000000   -0.00000000   -0.00000000
   -0.00000000   -0.00000000   -1.00000000   -0.00000000    0.00000000    0.00000000    0.00000000   -0.00000000   -0.00000000   -0.00000000    0.00000000    0.00000000    0.00000000   -0.00000000
    0.00000000   -0.00000000    0.00000000   -0.00000000    1.00000000    0.00000000    0.00000000    0.00000000   -0.00000000    0.00000000    0.00000000   -0.00000000    0.00000000    0.00000000
   -0.00000000    0.00000000    0.00000000    0.00000000    0.00000000   -0.00000000   -1.00000000    0.00000000   -0.00000000    0.00000000   -0.00000000    0.00000000   -0.00000000    0.00000000
   -0.00000000   -0.00000000   -0.00000000    0.00000000   -0.00000000   -0.00000000   -0.00000000   -0.00000000   -1.00000000   -0.00000000   -0.00000000   -0.00000000    0.00000000   -0.00000000
    0.00000000   -0.00000000    0.00000000   -0.00000000    0.00000000    0.00000000   -0.00000000   -0.00000000   -0.00000000    0.00000000    1.00000000    0.00000000    0.00000000    0.00000000
   -0.00000000    0.00000000    0.00000000    0.00000000    0.00000000   -0.00000000   -0.00000000   -0.00000000    0.00000000    0.00000000    0.00000000   -0.00000000   -1.00000000    0.00000000
 --------------------------------
      PSI VECTORS    
 --------------------------------
    0.00000000    0.00000000


   Z dipole matrix elements 
 --------------------------------
      ORBITALS    
 --------------------------------
    0.00000000   -0.00000000    0.64946175    0.00070080   -0.00000000   -0.00000000   -0.00000000   -0.00000000   -0.00000000    0.00000000   -0.00000000   -0.00000000   -0.24427983   -0.00004480
    0.64946175   -0.00070080   -0.00000000   -0.00000000   -0.30085801    0.00027367   -0.00000000   -0.00000000    0.00000000   -0.00000000   -0.49193820    0.00044061    0.00000000    0.00000000
   -0.00000000    0.00000000   -0.30085801   -0.00027367   -0.00000000   -0.00000000    0.00000000    0.00000000    0.00000000   -0.00000000    0.00000000    0.00000000    0.70848859    0.00000989
   -0.00000000    0.00000000   -0.00000000    0.00000000    0.00000000   -0.00000000   -0.00000000   -0.00000000    0.00000000   -0.00000000    0.00000000   -0.00000000    0.00000000   -0.00000000
   -0.00000000   -0.00000000    0.00000000    0.00000000    0.00000000    0.00000000    0.00000000    0.00000000    0.00000000    0.00000000    0.00000000    0.00000000   -0.00000000    0.00000000
   -0.00000000    0.00000000   -0.49193820   -0.00044061    0.00000000   -0.00000000    0.00000000    0.00000000    0.00000000   -0.00000000    0.00000000   -0.00000000    0.05836162   -0.00000000
   -0.24427983    0.00004480    0.00000000   -0.00000000    0.70848859   -0.00000989    0.00000000    0.00000000   -0.00000000   -0.00000000    0.05836162    0.00000000    0.00000000   -0.00000000
 --------------------------------
      PSI VECTORS    
 --------------------------------
   -0.00000000   -0.00000000


   Y dipole matrix elements 
 --------------------------------
      ORBITALS    
 --------------------------------
    0.00000000    0.00000000    0.00000000   -0.00000000    0.00000000   -0.00000000   -0.00007221    0.39377760    0.00007221   -0.39377760    0.00000000   -0.00000000   -0.00000000    0.00000000
    0.00000000    0.00000000    0.00000000    0.00000000   -0.00000000   -0.00000000    0.00000000    0.00000000   -0.00000000   -0.00000000    0.00000000    0.00000000   -0.00000000    0.00000000
    0.00000000    0.00000000   -0.00000000    0.00000000   -0.00000000    0.00000000    0.00000302   -0.21621082   -0.00000302    0.21621082   -0.00000000    0.00000000    0.00000000   -0.00000000
   -0.00007221   -0.39377760    0.00000000   -0.00000000    0.00000302    0.21621082   -0.00000000   -0.00000000    0.00000000    0.00000000   -0.00000000   -0.18326184   -0.00000000    0.00000000
    0.00007221    0.39377760   -0.00000000    0.00000000   -0.00000302   -0.21621082    0.00000000   -0.00000000   -0.00000000   -0.00000000    0.00000000    0.18326184    0.00000000   -0.00000000
    0.00000000    0.00000000    0.00000000   -0.00000000   -0.00000000   -0.00000000   -0.00000000    0.18326184    0.00000000   -0.18326184    0.00000000    0.00000000   -0.00000000    0.00000000
   -0.00000000   -0.00000000   -0.00000000   -0.00000000    0.00000000    0.00000000   -0.00000000   -0.00000000    0.00000000    0.00000000   -0.00000000   -0.00000000    0.00000000   -0.00000000
 --------------------------------
      PSI VECTORS    
 --------------------------------
   -0.00000000    0.00000000


   X dipole matrix elements 
 --------------------------------
      ORBITALS    
 --------------------------------
   -0.00000000   -0.00000000   -0.00000000    0.00000000    0.00000000   -0.00000000   -0.39377760   -0.00007221   -0.39377760   -0.00007221   -0.00000000   -0.00000000    0.00000000   -0.00000000
   -0.00000000   -0.00000000   -0.00000000    0.00000000    0.00000000    0.00000000   -0.00000000    0.00000000   -0.00000000    0.00000000   -0.00000000   -0.00000000    0.00000000   -0.00000000
    0.00000000    0.00000000    0.00000000   -0.00000000   -0.00000000    0.00000000    0.21621082    0.00000302    0.21621082    0.00000302    0.00000000    0.00000000   -0.00000000    0.00000000
   -0.39377760    0.00007221   -0.00000000   -0.00000000    0.21621082   -0.00000302    0.00000000   -0.00000000    0.00000000   -0.00000000   -0.18326184    0.00000000    0.00000000    0.00000000
   -0.39377760    0.00007221   -0.00000000   -0.00000000    0.21621082   -0.00000302    0.00000000    0.00000000    0.00000000    0.00000000   -0.18326184    0.00000000    0.00000000    0.00000000
   -0.00000000    0.00000000   -0.00000000    0.00000000    0.00000000   -0.00000000   -0.18326184   -0.00000000   -0.18326184   -0.00000000   -0.00000000    0.00000000    0.00000000   -0.00000000
    0.00000000    0.00000000    0.00000000    0.00000000   -0.00000000   -0.00000000    0.00000000   -0.00000000    0.00000000   -0.00000000    0.00000000    0.00000000   -0.00000000   -0.00000000
 --------------------------------
      PSI VECTORS    
 --------------------------------
    0.00000000    0.00000000


   Z reflection matrix elements 
 --------------------------------
      ORBITALS    
 --------------------------------
    1.00000000    0.00000000   -0.00000000    0.00000000    0.00000000    0.00000000   -0.00000000    0.00000000    0.00000000   -0.00000000    0.00000000    0.00000000   -0.00000000   -0.00000000
   -0.00000000   -0.00000000   -1.00000000   -0.00000000    0.00000000    0.00000000    0.00000000    0.00000000    0.00000000   -0.00000000    0.00000000    0.00000000    0.00000000   -0.00000000
    0.00000000   -0.00000000    0.00000000   -0.00000000    1.00000000    0.00000000    0.00000000    0.00000000   -0.00000000   -0.00000000    0.00000000   -0.00000000    0.00000000    0.00000000
   -0.00000000   -0.00000000    0.00000000   -0.00000000    0.00000000   -0.00000000    1.00000000    0.00000000    0.00000000   -0.00000000    0.00000000   -0.00000000   -0.00000000    0.00000000
    0.00000000    0.00000000    0.00000000    0.00000000   -0.00000000    0.00000000    0.00000000    0.00000000    1.00000000   -0.00000000    0.00000000    0.00000000   -0.00000000    0.00000000
    0.00000000   -0.00000000    0.00000000   -0.00000000    0.00000000    0.00000000    0.00000000    0.00000000    0.00000000   -0.00000000    1.00000000    0.00000000    0.00000000    0.00000000
   -0.00000000    0.00000000    0.00000000    0.00000000    0.00000000   -0.00000000   -0.00000000   -0.00000000   -0.00000000   -0.00000000    0.00000000   -0.00000000   -1.00000000    0.00000000
 --------------------------------
      PSI VECTORS    
 --------------------------------
    1.00000000   -0.00000000


   Y reflection matrix elements 
 --------------------------------
      ORBITALS    
 --------------------------------
    1.00000000    0.00000000    0.00000000    0.00000000    0.00000000    0.00000000   -0.00000000   -0.00000000   -0.00000000   -0.00000000    0.00000000    0.00000000   -0.00000000   -0.00000000
    0.00000000   -0.00000000    1.00000000    0.00000000    0.00000000    0.00000000   -0.00000000   -0.00000000   -0.00000000   -0.00000000    0.00000000    0.00000000   -0.00000000    0.00000000
    0.00000000   -0.00000000    0.00000000   -0.00000000    1.00000000   -0.00000000    0.00000000    0.00000000    0.00000000    0.00000000    0.00000000   -0.00000000   -0.00000000   -0.00000000
   -0.00000000    0.00000000   -0.00000000    0.00000000    0.00000000   -0.00000000    0.00000000    0.00000000   -1.00000000    0.00000000   -0.00000000   -0.00000000    0.00000000   -0.00000000
   -0.00000000    0.00000000   -0.00000000    0.00000000    0.00000000   -0.00000000   -1.00000000   -0.00000000   -0.00000000   -0.00000000   -0.00000000    0.00000000    0.00000000   -0.00000000
    0.00000000   -0.00000000    0.00000000   -0.00000000    0.00000000    0.00000000   -0.00000000    0.00000000   -0.00000000   -0.00000000    1.00000000    0.00000000   -0.00000000    0.00000000
   -0.00000000    0.00000000   -0.00000000   -0.00000000   -0.00000000    0.00000000    0.00000000    0.00000000    0.00000000    0.00000000   -0.00000000   -0.00000000    1.00000000   -0.00000000
 --------------------------------
      PSI VECTORS    
 --------------------------------
    1.00000000    0.00000000


   X reflection matrix elements 
 --------------------------------
      ORBITALS    
 --------------------------------
    1.00000000   -0.00000000    0.00000000    0.00000000    0.00000000    0.00000000    0.00000000   -0.00000000   -0.00000000    0.00000000    0.00000000    0.00000000   -0.00000000   -0.00000000
    0.00000000   -0.00000000    1.00000000   -0.00000000    0.00000000    0.00000000    0.00000000   -0.00000000   -0.00000000    0.00000000    0.00000000    0.00000000   -0.00000000    0.00000000
    0.00000000   -0.00000000    0.00000000   -0.00000000    1.00000000    0.00000000    0.00000000    0.00000000   -0.00000000   -0.00000000    0.00000000   -0.00000000   -0.00000000   -0.00000000
    0.00000000    0.00000000    0.00000000    0.00000000    0.00000000   -0.00000000   -0.00000000   -0.00000000    1.00000000   -0.00000000    0.00000000    0.00000000   -0.00000000   -0.00000000
   -0.00000000   -0.00000000   -0.00000000   -0.00000000   -0.00000000    0.00000000    1.00000000    0.00000000    0.00000000    0.00000000   -0.00000000   -0.00000000    0.00000000    0.00000000
    0.00000000   -0.00000000    0.00000000   -0.00000000    0.00000000    0.00000000    0.00000000   -0.00000000   -0.00000000    0.00000000    1.00000000   -0.00000000   -0.00000000    0.00000000
   -0.00000000    0.00000000   -0.00000000   -0.00000000   -0.00000000    0.00000000   -0.00000000    0.00000000    0.00000000   -0.00000000   -0.00000000   -0.00000000    1.00000000   -0.00000000
 --------------------------------
      PSI VECTORS    
 --------------------------------
    1.00000000   -0.00000000
