 #           1000
    0.000000000000         0.00000000E+00      0.00000000E+00
    1.000000000000        -0.35183996E-22     -0.25981219E-31
    2.000000000000         0.11276634E-22     -0.13480145E-30
    3.000000000000         0.17435020E-22     -0.19558932E-30
    4.000000000000         0.13165809E-19     -0.27741101E-30
    5.000000000000         0.10989760E-17     -0.53010355E-30
    6.000000000000         0.30609506E-16     -0.77209048E-30
    7.000000000000         0.21002113E-15     -0.77047002E-30
    8.000000000000         0.73419394E-15     -0.17761079E-29
    9.000000000000         0.20805628E-14      0.23164556E-29
   10.000000000000         0.70807390E-14      0.32604606E-29
   11.000000000000         0.24940387E-13      0.29771803E-31
   12.000000000000         0.81956293E-13      0.25245916E-27
   13.000000000000         0.25473200E-12      0.51681789E-28
   14.000000000000         0.76733114E-12     -0.37990964E-26
   15.000000000000         0.22815565E-11     -0.91913828E-26
   16.000000000000         0.67090609E-11      0.17751616E-25
   17.000000000000         0.19239196E-10     -0.99461543E-25
   18.000000000000         0.52827596E-10     -0.27745045E-24
   19.000000000000         0.13654973E-09     -0.27396032E-24
   20.000000000000         0.33021392E-09     -0.58835468E-24
   21.000000000000         0.75015036E-09     -0.14585464E-23
   22.000000000000         0.16081273E-08      0.14486109E-23
   23.000000000000         0.32584937E-08      0.63472346E-23
   24.000000000000         0.62600858E-08      0.18989052E-22
   25.000000000000         0.11452727E-07      0.16187651E-22
   26.000000000000         0.20043156E-07      0.32391567E-22
   27.000000000000         0.33708337E-07      0.40164767E-22
   28.000000000000         0.54547568E-07      0.82169529E-22
   29.000000000000         0.85347421E-07      0.69025935E-22
   30.000000000000         0.12964673E-06      0.23898489E-21
   31.000000000000         0.19155000E-06      0.20077820E-21
   32.000000000000         0.27532262E-06      0.10991264E-22
   33.000000000000         0.38467220E-06      0.96969967E-23
   34.000000000000         0.52193480E-06      0.22807320E-21
   35.000000000000         0.68760154E-06      0.94172476E-22
   36.000000000000         0.88021158E-06      0.18888468E-21
   37.000000000000         0.10965182E-05     -0.12120249E-21
   38.000000000000         0.13321625E-05      0.15483100E-22
   39.000000000000         0.15824967E-05     -0.83576426E-22
   40.000000000000         0.18429402E-05     -0.17974284E-21
   41.000000000000         0.21088892E-05     -0.44216881E-21
   42.000000000000         0.23757306E-05     -0.97797881E-21
   43.000000000000         0.26392189E-05     -0.14769718E-20
   44.000000000000         0.28957347E-05     -0.21019127E-20
   45.000000000000         0.31424193E-05     -0.20272558E-20
   46.000000000000         0.33774391E-05     -0.21428597E-20
   47.000000000000         0.36001289E-05     -0.21943643E-20
   48.000000000000         0.38108380E-05     -0.21970573E-20
   49.000000000000         0.40105776E-05     -0.17878168E-20
   50.000000000000         0.42006945E-05     -0.14598450E-20
   51.000000000000         0.43824354E-05     -0.13442471E-20
   52.000000000000         0.45565950E-05     -0.16434789E-20
   53.000000000000         0.47236453E-05     -0.14139369E-20
   54.000000000000         0.48840459E-05     -0.16866978E-20
   55.000000000000         0.50383450E-05     -0.19232720E-20
   56.000000000000         0.51871720E-05     -0.27066133E-20
   57.000000000000         0.53314852E-05     -0.25306316E-20
   58.000000000000         0.54727653E-05     -0.27295694E-20
   59.000000000000         0.56127850E-05     -0.28914913E-20
   60.000000000000         0.57531188E-05     -0.25101660E-20
   61.000000000000         0.58946554E-05     -0.23300502E-20
   62.000000000000         0.60372617E-05     -0.29973865E-20
   63.000000000000         0.61796305E-05     -0.29853886E-20
   64.000000000000         0.63194738E-05     -0.26516209E-20
   65.000000000000         0.64539622E-05     -0.29417593E-20
   66.000000000000         0.65802473E-05     -0.34248274E-20
   67.000000000000         0.66959767E-05     -0.37248933E-20
   68.000000000000         0.67996657E-05     -0.37466166E-20
   69.000000000000         0.68908610E-05     -0.42498670E-20
   70.000000000000         0.69700779E-05     -0.42324813E-20
   71.000000000000         0.70386264E-05     -0.42234825E-20
   72.000000000000         0.70983810E-05     -0.46430640E-20
   73.000000000000         0.71516329E-05     -0.48974287E-20
   74.000000000000         0.72010608E-05     -0.47357125E-20
   75.000000000000         0.72496766E-05     -0.52582841E-20
   76.000000000000         0.73006449E-05     -0.52961284E-20
   77.000000000000         0.73570595E-05     -0.53060541E-20
   78.000000000000         0.74217729E-05     -0.52990243E-20
   79.000000000000         0.74971317E-05     -0.51201407E-20
   80.000000000000         0.75846028E-05     -0.51656336E-20
   81.000000000000         0.76844541E-05     -0.44160015E-20
   82.000000000000         0.77956622E-05     -0.45210531E-20
   83.000000000000         0.79160202E-05     -0.43756772E-20
   84.000000000000         0.80423775E-05     -0.45100954E-20
   85.000000000000         0.81710195E-05     -0.49954471E-20
   86.000000000000         0.82981254E-05     -0.53982930E-20
   87.000000000000         0.84202076E-05     -0.53726426E-20
   88.000000000000         0.85344047E-05     -0.55136852E-20
   89.000000000000         0.86386267E-05     -0.53702708E-20
   90.000000000000         0.87315986E-05     -0.53919900E-20
   91.000000000000         0.88128213E-05     -0.54240421E-20
   92.000000000000         0.88824759E-05     -0.58506541E-20
   93.000000000000         0.89412536E-05     -0.58808344E-20
   94.000000000000         0.89901693E-05     -0.57077504E-20
   95.000000000000         0.90303835E-05     -0.58972359E-20
   96.000000000000         0.90630661E-05     -0.59224608E-20
   97.000000000000         0.90893057E-05     -0.59704309E-20
   98.000000000000         0.91101353E-05     -0.57857546E-20
   99.000000000000         0.91266022E-05     -0.58497599E-20
  100.000000000000         0.91398353E-05     -0.55317098E-20
  101.000000000000         0.91510994E-05     -0.54632552E-20
  102.000000000000         0.91617884E-05     -0.54608689E-20
  103.000000000000         0.91734268E-05     -0.57478976E-20
  104.000000000000         0.91875270E-05     -0.57534810E-20
  105.000000000000         0.92054848E-05     -0.59639918E-20
  106.000000000000         0.92283649E-05     -0.54203235E-20
  107.000000000000         0.92567553E-05     -0.56188441E-20
  108.000000000000         0.92907007E-05     -0.58093098E-20
  109.000000000000         0.93296388E-05     -0.58450907E-20
  110.000000000000         0.93724381E-05     -0.61222011E-20
  111.000000000000         0.94175124E-05     -0.61530056E-20
  112.000000000000         0.94629990E-05     -0.64003380E-20
  113.000000000000         0.95069738E-05     -0.65324847E-20
  114.000000000000         0.95477148E-05     -0.64447911E-20
  115.000000000000         0.95839727E-05     -0.66817667E-20
  116.000000000000         0.96151324E-05     -0.61802534E-20
  117.000000000000         0.96414909E-05     -0.65926017E-20
  118.000000000000         0.96639488E-05     -0.63843656E-20
  119.000000000000         0.96840368E-05     -0.64334800E-20
  120.000000000000         0.97035046E-05     -0.65170264E-20
  121.000000000000         0.97242807E-05     -0.67608449E-20
  122.000000000000         0.97479131E-05     -0.68274362E-20
  123.000000000000         0.97753189E-05     -0.68371540E-20
  124.000000000000         0.98069051E-05     -0.68228736E-20
  125.000000000000         0.98426204E-05     -0.66222767E-20
  126.000000000000         0.98815274E-05     -0.65654110E-20
  127.000000000000         0.99225374E-05     -0.64883856E-20
  128.000000000000         0.99644196E-05     -0.66406842E-20
  129.000000000000         0.10005740E-04     -0.67544236E-20
  130.000000000000         0.10045804E-04     -0.67694118E-20
  131.000000000000         0.10083822E-04     -0.66825660E-20
  132.000000000000         0.10119251E-04     -0.66123737E-20
  133.000000000000         0.10151965E-04     -0.64571135E-20
  134.000000000000         0.10181704E-04     -0.65220476E-20
  135.000000000000         0.10209500E-04     -0.63353753E-20
  136.000000000000         0.10235274E-04     -0.63383221E-20
  137.000000000000         0.10259253E-04     -0.62654760E-20
  138.000000000000         0.10281524E-04     -0.63020772E-20
  139.000000000000         0.10301877E-04     -0.61384012E-20
  140.000000000000         0.10320477E-04     -0.58695762E-20
  141.000000000000         0.10337053E-04     -0.59420097E-20
  142.000000000000         0.10351615E-04     -0.61146916E-20
  143.000000000000         0.10364398E-04     -0.61089643E-20
  144.000000000000         0.10375327E-04     -0.60463927E-20
  145.000000000000         0.10385552E-04     -0.56071018E-20
  146.000000000000         0.10396179E-04     -0.55619254E-20
  147.000000000000         0.10407610E-04     -0.55256370E-20
  148.000000000000         0.10420294E-04     -0.56130978E-20
  149.000000000000         0.10434760E-04     -0.57455521E-20
  150.000000000000         0.10450981E-04     -0.61092072E-20
  151.000000000000         0.10467994E-04     -0.62916980E-20
  152.000000000000         0.10485351E-04     -0.63989214E-20
  153.000000000000         0.10503550E-04     -0.64755432E-20
  154.000000000000         0.10521112E-04     -0.62257402E-20
  155.000000000000         0.10537599E-04     -0.60420000E-20
  156.000000000000         0.10551820E-04     -0.60586013E-20
  157.000000000000         0.10565348E-04     -0.62349869E-20
  158.000000000000         0.10578069E-04     -0.64809111E-20
  159.000000000000         0.10589843E-04     -0.66730676E-20
  160.000000000000         0.10600760E-04     -0.64620323E-20
  161.000000000000         0.10610190E-04     -0.65992994E-20
  162.000000000000         0.10618943E-04     -0.65387132E-20
  163.000000000000         0.10627980E-04     -0.64623958E-20
  164.000000000000         0.10637324E-04     -0.62341458E-20
  165.000000000000         0.10646569E-04     -0.60737796E-20
  166.000000000000         0.10656000E-04     -0.59809368E-20
  167.000000000000         0.10665324E-04     -0.58839105E-20
  168.000000000000         0.10676196E-04     -0.59660024E-20
  169.000000000000         0.10688243E-04     -0.59115180E-20
  170.000000000000         0.10701574E-04     -0.56169984E-20
  171.000000000000         0.10716087E-04     -0.58334070E-20
  172.000000000000         0.10731481E-04     -0.58679482E-20
  173.000000000000         0.10747322E-04     -0.60378975E-20
  174.000000000000         0.10763143E-04     -0.60532628E-20
  175.000000000000         0.10778555E-04     -0.57829207E-20
  176.000000000000         0.10793348E-04     -0.57277124E-20
  177.000000000000         0.10807532E-04     -0.58073324E-20
  178.000000000000         0.10820419E-04     -0.56305311E-20
  179.000000000000         0.10833163E-04     -0.56631575E-20
  180.000000000000         0.10847365E-04     -0.55143184E-20
  181.000000000000         0.10862352E-04     -0.55564531E-20
  182.000000000000         0.10878333E-04     -0.54575585E-20
  183.000000000000         0.10895299E-04     -0.55063078E-20
  184.000000000000         0.10912858E-04     -0.55204817E-20
  185.000000000000         0.10929706E-04     -0.54248328E-20
  186.000000000000         0.10947672E-04     -0.54836657E-20
  187.000000000000         0.10965097E-04     -0.55572434E-20
  188.000000000000         0.10981411E-04     -0.53933701E-20
  189.000000000000         0.10995672E-04     -0.54870506E-20
  190.000000000000         0.11009347E-04     -0.55307881E-20
  191.000000000000         0.11022051E-04     -0.55477469E-20
  192.000000000000         0.11034699E-04     -0.54660435E-20
  193.000000000000         0.11051101E-04     -0.53448964E-20
  194.000000000000         0.11069699E-04     -0.54340925E-20
  195.000000000000         0.11090387E-04     -0.54849374E-20
  196.000000000000         0.11112604E-04     -0.55032388E-20
  197.000000000000         0.11134292E-04     -0.55155925E-20
  198.000000000000         0.11157875E-04     -0.54926855E-20
  199.000000000000         0.11183649E-04     -0.55108153E-20
  200.000000000000         0.11210691E-04     -0.54801365E-20
  201.000000000000         0.11238083E-04     -0.55093352E-20
  202.000000000000         0.11264650E-04     -0.55716180E-20
  203.000000000000         0.11287748E-04     -0.56302981E-20
  204.000000000000         0.11308425E-04     -0.55970797E-20
  205.000000000000         0.11330104E-04     -0.55386906E-20
  206.000000000000         0.11351339E-04     -0.55599351E-20
  207.000000000000         0.11371425E-04     -0.55796690E-20
  208.000000000000         0.11389243E-04     -0.55354713E-20
  209.000000000000         0.11404338E-04     -0.55826393E-20
  210.000000000000         0.11419019E-04     -0.56017175E-20
  211.000000000000         0.11434901E-04     -0.55611787E-20
  212.000000000000         0.11451999E-04     -0.55292477E-20
  213.000000000000         0.11468641E-04     -0.55053150E-20
  214.000000000000         0.11482728E-04     -0.55116654E-20
  215.000000000000         0.11496019E-04     -0.54946957E-20
  216.000000000000         0.11512125E-04     -0.55074488E-20
  217.000000000000         0.11527967E-04     -0.54982038E-20
  218.000000000000         0.11543527E-04     -0.54835039E-20
  219.000000000000         0.11558777E-04     -0.55028375E-20
  220.000000000000         0.11573675E-04     -0.54916150E-20
  221.000000000000         0.11588170E-04     -0.54775558E-20
  222.000000000000         0.11602213E-04     -0.54559864E-20
  223.000000000000         0.11615765E-04     -0.54415249E-20
  224.000000000000         0.11628809E-04     -0.54658511E-20
  225.000000000000         0.11640756E-04     -0.54442317E-20
  226.000000000000         0.11652844E-04     -0.54475764E-20
  227.000000000000         0.11664578E-04     -0.54687711E-20
  228.000000000000         0.11676027E-04     -0.54635719E-20
  229.000000000000         0.11687272E-04     -0.54766946E-20
  230.000000000000         0.11698373E-04     -0.54612111E-20
  231.000000000000         0.11707305E-04     -0.54528213E-20
  232.000000000000         0.11718171E-04     -0.54612844E-20
  233.000000000000         0.11728884E-04     -0.54916397E-20
  234.000000000000         0.11739405E-04     -0.54920672E-20
  235.000000000000         0.11749700E-04     -0.54979273E-20
  236.000000000000         0.11758550E-04     -0.55008757E-20
  237.000000000000         0.11768401E-04     -0.54978761E-20
  238.000000000000         0.11778086E-04     -0.55162146E-20
  239.000000000000         0.11787649E-04     -0.54703757E-20
  240.000000000000         0.11797118E-04     -0.54653054E-20
  241.000000000000         0.11806475E-04     -0.54617421E-20
  242.000000000000         0.11815656E-04     -0.54726933E-20
  243.000000000000         0.11824555E-04     -0.54995709E-20
  244.000000000000         0.11833051E-04     -0.54756040E-20
  245.000000000000         0.11841045E-04     -0.54853863E-20
  246.000000000000         0.11848498E-04     -0.54721599E-20
  247.000000000000         0.11854940E-04     -0.54772504E-20
  248.000000000000         0.11861527E-04     -0.54663506E-20
  249.000000000000         0.11867946E-04     -0.54583999E-20
  250.000000000000         0.11874431E-04     -0.54476951E-20
  251.000000000000         0.11881201E-04     -0.54673188E-20
  252.000000000000         0.11888416E-04     -0.54935592E-20
  253.000000000000         0.11896149E-04     -0.54612026E-20
  254.000000000000         0.11904374E-04     -0.54780824E-20
  255.000000000000         0.11912984E-04     -0.55395792E-20
  256.000000000000         0.11921824E-04     -0.55097089E-20
  257.000000000000         0.11930746E-04     -0.55178802E-20
  258.000000000000         0.11938613E-04     -0.54558173E-20
  259.000000000000         0.11945720E-04     -0.54314411E-20
  260.000000000000         0.11953496E-04     -0.54223429E-20
  261.000000000000         0.11961654E-04     -0.54094167E-20
  262.000000000000         0.11970540E-04     -0.53720890E-20
  263.000000000000         0.11981112E-04     -0.54106536E-20
  264.000000000000         0.11993212E-04     -0.54228543E-20
  265.000000000000         0.12006121E-04     -0.54498450E-20
  266.000000000000         0.12019771E-04     -0.54119774E-20
  267.000000000000         0.12034426E-04     -0.54854153E-20
  268.000000000000         0.12050205E-04     -0.55196147E-20
  269.000000000000         0.12067332E-04     -0.54420477E-20
  270.000000000000         0.12084906E-04     -0.54667079E-20
  271.000000000000         0.12101921E-04     -0.54284320E-20
  272.000000000000         0.12117970E-04     -0.54282238E-20
  273.000000000000         0.12132700E-04     -0.54077055E-20
  274.000000000000         0.12146199E-04     -0.54446937E-20
  275.000000000000         0.12158453E-04     -0.54273783E-20
  276.000000000000         0.12169666E-04     -0.53564777E-20
  277.000000000000         0.12180117E-04     -0.52858553E-20
  278.000000000000         0.12190093E-04     -0.52948684E-20
  279.000000000000         0.12199513E-04     -0.52633316E-20
  280.000000000000         0.12208515E-04     -0.52609268E-20
  281.000000000000         0.12218058E-04     -0.53220155E-20
  282.000000000000         0.12227439E-04     -0.53365162E-20
  283.000000000000         0.12236507E-04     -0.53583772E-20
  284.000000000000         0.12245081E-04     -0.53448444E-20
  285.000000000000         0.12252235E-04     -0.53832468E-20
  286.000000000000         0.12258755E-04     -0.53549836E-20
  287.000000000000         0.12265035E-04     -0.53207519E-20
  288.000000000000         0.12270478E-04     -0.53556053E-20
  289.000000000000         0.12275149E-04     -0.53862845E-20
  290.000000000000         0.12278742E-04     -0.54423318E-20
  291.000000000000         0.12281383E-04     -0.54061320E-20
  292.000000000000         0.12283887E-04     -0.54343238E-20
  293.000000000000         0.12286441E-04     -0.54014392E-20
  294.000000000000         0.12288928E-04     -0.54350463E-20
  295.000000000000         0.12291248E-04     -0.53987919E-20
  296.000000000000         0.12293374E-04     -0.53470288E-20
  297.000000000000         0.12295395E-04     -0.53194998E-20
  298.000000000000         0.12297536E-04     -0.53260635E-20
  299.000000000000         0.12300004E-04     -0.53810442E-20
  300.000000000000         0.12302830E-04     -0.53807334E-20
  301.000000000000         0.12305895E-04     -0.54320190E-20
  302.000000000000         0.12309162E-04     -0.54923027E-20
  303.000000000000         0.12312809E-04     -0.55557897E-20
  304.000000000000         0.12317097E-04     -0.56855020E-20
  305.000000000000         0.12322210E-04     -0.56707451E-20
  306.000000000000         0.12328297E-04     -0.57459682E-20
  307.000000000000         0.12335524E-04     -0.57109167E-20
  308.000000000000         0.12343708E-04     -0.57151554E-20
  309.000000000000         0.12352369E-04     -0.57657696E-20
  310.000000000000         0.12361002E-04     -0.56373505E-20
  311.000000000000         0.12369928E-04     -0.56140881E-20
  312.000000000000         0.12378976E-04     -0.55662686E-20
  313.000000000000         0.12387583E-04     -0.54541829E-20
  314.000000000000         0.12395565E-04     -0.55848790E-20
  315.000000000000         0.12402423E-04     -0.57492281E-20
  316.000000000000         0.12408461E-04     -0.58215543E-20
  317.000000000000         0.12414038E-04     -0.58994640E-20
  318.000000000000         0.12419304E-04     -0.57738369E-20
  319.000000000000         0.12424291E-04     -0.58082157E-20
  320.000000000000         0.12428962E-04     -0.57718706E-20
  321.000000000000         0.12433239E-04     -0.57504717E-20
  322.000000000000         0.12437212E-04     -0.58202109E-20
  323.000000000000         0.12441134E-04     -0.58271625E-20
  324.000000000000         0.12445199E-04     -0.58353329E-20
  325.000000000000         0.12448993E-04     -0.59034208E-20
  326.000000000000         0.12452431E-04     -0.59130613E-20
  327.000000000000         0.12454954E-04     -0.59790534E-20
  328.000000000000         0.12457180E-04     -0.60947264E-20
  329.000000000000         0.12459290E-04     -0.60559985E-20
  330.000000000000         0.12460948E-04     -0.60061644E-20
  331.000000000000         0.12461884E-04     -0.60826485E-20
  332.000000000000         0.12462679E-04     -0.60851813E-20
  333.000000000000         0.12463642E-04     -0.59456492E-20
  334.000000000000         0.12464579E-04     -0.60050523E-20
  335.000000000000         0.12465501E-04     -0.59348984E-20
  336.000000000000         0.12466697E-04     -0.59253883E-20
  337.000000000000         0.12468189E-04     -0.57791300E-20
  338.000000000000         0.12469834E-04     -0.57839898E-20
  339.000000000000         0.12472115E-04     -0.58657286E-20
  340.000000000000         0.12474961E-04     -0.59588906E-20
  341.000000000000         0.12478109E-04     -0.57415490E-20
  342.000000000000         0.12481367E-04     -0.57241239E-20
  343.000000000000         0.12484527E-04     -0.56872620E-20
  344.000000000000         0.12488079E-04     -0.57921568E-20
  345.000000000000         0.12491636E-04     -0.57412775E-20
  346.000000000000         0.12495221E-04     -0.56976928E-20
  347.000000000000         0.12498923E-04     -0.55150415E-20
  348.000000000000         0.12502453E-04     -0.54915697E-20
  349.000000000000         0.12506317E-04     -0.56234031E-20
  350.000000000000         0.12510853E-04     -0.56925739E-20
  351.000000000000         0.12516312E-04     -0.55931591E-20
  352.000000000000         0.12522381E-04     -0.55618294E-20
  353.000000000000         0.12528784E-04     -0.55528334E-20
  354.000000000000         0.12535234E-04     -0.54301521E-20
  355.000000000000         0.12541065E-04     -0.53702368E-20
  356.000000000000         0.12546517E-04     -0.53676541E-20
  357.000000000000         0.12551294E-04     -0.52811093E-20
  358.000000000000         0.12555182E-04     -0.52850641E-20
  359.000000000000         0.12558239E-04     -0.54021377E-20
  360.000000000000         0.12560168E-04     -0.54811043E-20
  361.000000000000         0.12561692E-04     -0.54351971E-20
  362.000000000000         0.12563182E-04     -0.53537195E-20
  363.000000000000         0.12564905E-04     -0.53085331E-20
  364.000000000000         0.12567036E-04     -0.53557327E-20
  365.000000000000         0.12569335E-04     -0.53481301E-20
  366.000000000000         0.12571381E-04     -0.53650861E-20
  367.000000000000         0.12573307E-04     -0.53592434E-20
  368.000000000000         0.12575400E-04     -0.54795744E-20
  369.000000000000         0.12577194E-04     -0.54146108E-20
  370.000000000000         0.12578268E-04     -0.55443464E-20
  371.000000000000         0.12578769E-04     -0.55499553E-20
  372.000000000000         0.12579338E-04     -0.55890650E-20
  373.000000000000         0.12580203E-04     -0.54824645E-20
  374.000000000000         0.12581264E-04     -0.53909043E-20
  375.000000000000         0.12582608E-04     -0.54022784E-20
  376.000000000000         0.12584519E-04     -0.53744117E-20
  377.000000000000         0.12587144E-04     -0.54146837E-20
  378.000000000000         0.12590390E-04     -0.55515298E-20
  379.000000000000         0.12594129E-04     -0.56558052E-20
  380.000000000000         0.12598150E-04     -0.54943023E-20
  381.000000000000         0.12602086E-04     -0.55641986E-20
  382.000000000000         0.12605751E-04     -0.54552229E-20
  383.000000000000         0.12609322E-04     -0.53411235E-20
  384.000000000000         0.12613239E-04     -0.52757297E-20
  385.000000000000         0.12617591E-04     -0.52909881E-20
  386.000000000000         0.12622275E-04     -0.54171866E-20
  387.000000000000         0.12627263E-04     -0.54491887E-20
  388.000000000000         0.12632344E-04     -0.53943381E-20
  389.000000000000         0.12638133E-04     -0.52717591E-20
  390.000000000000         0.12644857E-04     -0.51191432E-20
  391.000000000000         0.12652253E-04     -0.50742656E-20
  392.000000000000         0.12659941E-04     -0.50840860E-20
  393.000000000000         0.12667571E-04     -0.51019713E-20
  394.000000000000         0.12674906E-04     -0.51218227E-20
  395.000000000000         0.12682110E-04     -0.51148956E-20
  396.000000000000         0.12689707E-04     -0.51517077E-20
  397.000000000000         0.12697506E-04     -0.51109204E-20
  398.000000000000         0.12705237E-04     -0.51610181E-20
  399.000000000000         0.12712652E-04     -0.52465827E-20
  400.000000000000         0.12719464E-04     -0.52721468E-20
  401.000000000000         0.12726646E-04     -0.52317704E-20
  402.000000000000         0.12734192E-04     -0.52090480E-20
  403.000000000000         0.12741594E-04     -0.51660606E-20
  404.000000000000         0.12748504E-04     -0.51674857E-20
  405.000000000000         0.12754775E-04     -0.51623697E-20
  406.000000000000         0.12760654E-04     -0.52199375E-20
  407.000000000000         0.12766416E-04     -0.52012230E-20
  408.000000000000         0.12772550E-04     -0.52429462E-20
  409.000000000000         0.12779079E-04     -0.52820591E-20
  410.000000000000         0.12785644E-04     -0.52797848E-20
  411.000000000000         0.12791951E-04     -0.52255543E-20
  412.000000000000         0.12797594E-04     -0.52647790E-20
  413.000000000000         0.12803509E-04     -0.52571931E-20
  414.000000000000         0.12810000E-04     -0.52099894E-20
  415.000000000000         0.12816307E-04     -0.51826292E-20
  416.000000000000         0.12822381E-04     -0.52041393E-20
  417.000000000000         0.12827554E-04     -0.52061027E-20
  418.000000000000         0.12832077E-04     -0.52183961E-20
  419.000000000000         0.12836410E-04     -0.52437791E-20
  420.000000000000         0.12841223E-04     -0.52886926E-20
  421.000000000000         0.12846532E-04     -0.52800887E-20
  422.000000000000         0.12851857E-04     -0.52480674E-20
  423.000000000000         0.12857220E-04     -0.52640785E-20
  424.000000000000         0.12861815E-04     -0.52751263E-20
  425.000000000000         0.12866260E-04     -0.53080867E-20
  426.000000000000         0.12871609E-04     -0.53143911E-20
  427.000000000000         0.12876874E-04     -0.53096465E-20
  428.000000000000         0.12882029E-04     -0.52774471E-20
  429.000000000000         0.12886862E-04     -0.52666339E-20
  430.000000000000         0.12890828E-04     -0.52788245E-20
  431.000000000000         0.12894435E-04     -0.52680719E-20
  432.000000000000         0.12898345E-04     -0.52476437E-20
  433.000000000000         0.12903300E-04     -0.52392515E-20
  434.000000000000         0.12908341E-04     -0.52203648E-20
  435.000000000000         0.12913475E-04     -0.51840430E-20
  436.000000000000         0.12918139E-04     -0.51744013E-20
  437.000000000000         0.12922067E-04     -0.51631437E-20
  438.000000000000         0.12926398E-04     -0.51811433E-20
  439.000000000000         0.12931397E-04     -0.51606682E-20
  440.000000000000         0.12936388E-04     -0.51631492E-20
  441.000000000000         0.12940855E-04     -0.51675340E-20
  442.000000000000         0.12944906E-04     -0.51834215E-20
  443.000000000000         0.12948614E-04     -0.51888108E-20
  444.000000000000         0.12952017E-04     -0.52044832E-20
  445.000000000000         0.12955707E-04     -0.52031076E-20
  446.000000000000         0.12960342E-04     -0.51889353E-20
  447.000000000000         0.12965358E-04     -0.51898196E-20
  448.000000000000         0.12970186E-04     -0.51712627E-20
  449.000000000000         0.12974356E-04     -0.51871740E-20
  450.000000000000         0.12978189E-04     -0.51794512E-20
  451.000000000000         0.12981929E-04     -0.51780559E-20
  452.000000000000         0.12985902E-04     -0.51550710E-20
  453.000000000000         0.12990682E-04     -0.51672526E-20
  454.000000000000         0.12995448E-04     -0.51601635E-20
  455.000000000000         0.13000105E-04     -0.51487132E-20
  456.000000000000         0.13004350E-04     -0.51533084E-20
  457.000000000000         0.13007888E-04     -0.51628466E-20
  458.000000000000         0.13012102E-04     -0.51437036E-20
  459.000000000000         0.13016681E-04     -0.51464576E-20
  460.000000000000         0.13021282E-04     -0.51340837E-20
  461.000000000000         0.13025887E-04     -0.51280717E-20
  462.000000000000         0.13030088E-04     -0.51264768E-20
  463.000000000000         0.13033393E-04     -0.51211457E-20
  464.000000000000         0.13036920E-04     -0.51240330E-20
  465.000000000000         0.13041265E-04     -0.51235163E-20
  466.000000000000         0.13045510E-04     -0.51171966E-20
  467.000000000000         0.13049668E-04     -0.51054147E-20
  468.000000000000         0.13053443E-04     -0.51151291E-20
  469.000000000000         0.13056466E-04     -0.51007092E-20
  470.000000000000         0.13060519E-04     -0.51032902E-20
  471.000000000000         0.13064586E-04     -0.51006319E-20
  472.000000000000         0.13068675E-04     -0.50858308E-20
  473.000000000000         0.13072681E-04     -0.50937164E-20
  474.000000000000         0.13075590E-04     -0.50824404E-20
  475.000000000000         0.13078667E-04     -0.50845182E-20
  476.000000000000         0.13082328E-04     -0.50910757E-20
  477.000000000000         0.13086195E-04     -0.50813784E-20
  478.000000000000         0.13089944E-04     -0.50965904E-20
  479.000000000000         0.13093454E-04     -0.51082857E-20
  480.000000000000         0.13096685E-04     -0.51177920E-20
  481.000000000000         0.13099894E-04     -0.51163384E-20
  482.000000000000         0.13103791E-04     -0.51258639E-20
  483.000000000000         0.13108587E-04     -0.51243680E-20
  484.000000000000         0.13113506E-04     -0.51027807E-20
  485.000000000000         0.13117985E-04     -0.51071941E-20
  486.000000000000         0.13122264E-04     -0.50817774E-20
  487.000000000000         0.13126779E-04     -0.50820407E-20
  488.000000000000         0.13131451E-04     -0.51011607E-20
  489.000000000000         0.13135765E-04     -0.50876804E-20
  490.000000000000         0.13140025E-04     -0.51090476E-20
  491.000000000000         0.13145221E-04     -0.51181224E-20
  492.000000000000         0.13150465E-04     -0.50755506E-20
  493.000000000000         0.13155602E-04     -0.50702421E-20
  494.000000000000         0.13160087E-04     -0.50173155E-20
  495.000000000000         0.13165230E-04     -0.50203300E-20
  496.000000000000         0.13171239E-04     -0.50087122E-20
  497.000000000000         0.13177355E-04     -0.50014123E-20
  498.000000000000         0.13183246E-04     -0.50130198E-20
  499.000000000000         0.13188643E-04     -0.50152020E-20
  500.000000000000         0.13193408E-04     -0.49964494E-20
  501.000000000000         0.13197729E-04     -0.49990466E-20
  502.000000000000         0.13202678E-04     -0.49905448E-20
  503.000000000000         0.13207271E-04     -0.50060130E-20
  504.000000000000         0.13211563E-04     -0.50031905E-20
  505.000000000000         0.13215629E-04     -0.50290905E-20
  506.000000000000         0.13218950E-04     -0.50265184E-20
  507.000000000000         0.13222638E-04     -0.50218454E-20
  508.000000000000         0.13226335E-04     -0.50257028E-20
  509.000000000000         0.13229914E-04     -0.50251074E-20
  510.000000000000         0.13233332E-04     -0.50386352E-20
  511.000000000000         0.13236218E-04     -0.50414841E-20
  512.000000000000         0.13238445E-04     -0.50608939E-20
  513.000000000000         0.13240200E-04     -0.50166459E-20
  514.000000000000         0.13242208E-04     -0.50245771E-20
  515.000000000000         0.13244399E-04     -0.50250884E-20
  516.000000000000         0.13246458E-04     -0.50276961E-20
  517.000000000000         0.13248481E-04     -0.50539330E-20
  518.000000000000         0.13249848E-04     -0.50360424E-20
  519.000000000000         0.13251246E-04     -0.50592541E-20
  520.000000000000         0.13253091E-04     -0.50784596E-20
  521.000000000000         0.13255228E-04     -0.51039063E-20
  522.000000000000         0.13257569E-04     -0.50889246E-20
  523.000000000000         0.13260198E-04     -0.50961359E-20
  524.000000000000         0.13262717E-04     -0.51484287E-20
  525.000000000000         0.13264799E-04     -0.51149137E-20
  526.000000000000         0.13266873E-04     -0.51277082E-20
  527.000000000000         0.13269546E-04     -0.50739129E-20
  528.000000000000         0.13272738E-04     -0.50673731E-20
  529.000000000000         0.13276259E-04     -0.50972280E-20
  530.000000000000         0.13279860E-04     -0.50910232E-20
  531.000000000000         0.13283533E-04     -0.52231403E-20
  532.000000000000         0.13287408E-04     -0.51315045E-20
  533.000000000000         0.13291574E-04     -0.51047255E-20
  534.000000000000         0.13296225E-04     -0.50534168E-20
  535.000000000000         0.13301076E-04     -0.51051944E-20
  536.000000000000         0.13305836E-04     -0.50882338E-20
  537.000000000000         0.13310224E-04     -0.50620985E-20
  538.000000000000         0.13314159E-04     -0.50872003E-20
  539.000000000000         0.13318364E-04     -0.50182066E-20
  540.000000000000         0.13322935E-04     -0.49616730E-20
  541.000000000000         0.13327574E-04     -0.49930538E-20
  542.000000000000         0.13332030E-04     -0.51083433E-20
  543.000000000000         0.13336174E-04     -0.51929494E-20
  544.000000000000         0.13340217E-04     -0.51768440E-20
  545.000000000000         0.13344162E-04     -0.51097145E-20
  546.000000000000         0.13347909E-04     -0.51935677E-20
  547.000000000000         0.13351326E-04     -0.52545163E-20
  548.000000000000         0.13354237E-04     -0.51792199E-20
  549.000000000000         0.13356581E-04     -0.51977795E-20
  550.000000000000         0.13358638E-04     -0.51805917E-20
  551.000000000000         0.13360725E-04     -0.51447931E-20
  552.000000000000         0.13362764E-04     -0.51288951E-20
  553.000000000000         0.13364528E-04     -0.51584956E-20
  554.000000000000         0.13366063E-04     -0.51968544E-20
  555.000000000000         0.13367593E-04     -0.51255366E-20
  556.000000000000         0.13369196E-04     -0.50572694E-20
  557.000000000000         0.13370688E-04     -0.49633829E-20
  558.000000000000         0.13371825E-04     -0.50781807E-20
  559.000000000000         0.13372651E-04     -0.51737714E-20
  560.000000000000         0.13373475E-04     -0.51423146E-20
  561.000000000000         0.13374459E-04     -0.50720573E-20
  562.000000000000         0.13375511E-04     -0.50297164E-20
  563.000000000000         0.13376558E-04     -0.49742433E-20
  564.000000000000         0.13377696E-04     -0.49533299E-20
  565.000000000000         0.13379066E-04     -0.49551660E-20
  566.000000000000         0.13380774E-04     -0.49463267E-20
  567.000000000000         0.13382877E-04     -0.50338015E-20
  568.000000000000         0.13385278E-04     -0.51141921E-20
  569.000000000000         0.13387645E-04     -0.50596770E-20
  570.000000000000         0.13389741E-04     -0.49845848E-20
  571.000000000000         0.13391899E-04     -0.50041331E-20
  572.000000000000         0.13394439E-04     -0.49065008E-20
  573.000000000000         0.13396981E-04     -0.48576454E-20
  574.000000000000         0.13399511E-04     -0.49280091E-20
  575.000000000000         0.13401727E-04     -0.49652850E-20
  576.000000000000         0.13404005E-04     -0.50384642E-20
  577.000000000000         0.13406661E-04     -0.49835331E-20
  578.000000000000         0.13409548E-04     -0.50876302E-20
  579.000000000000         0.13412450E-04     -0.50685510E-20
  580.000000000000         0.13415096E-04     -0.50655775E-20
  581.000000000000         0.13417452E-04     -0.51245146E-20
  582.000000000000         0.13419618E-04     -0.51104265E-20
  583.000000000000         0.13421794E-04     -0.51290112E-20
  584.000000000000         0.13424086E-04     -0.50985885E-20
  585.000000000000         0.13426250E-04     -0.50575160E-20
  586.000000000000         0.13428088E-04     -0.50328825E-20
  587.000000000000         0.13429460E-04     -0.50744452E-20
  588.000000000000         0.13430587E-04     -0.51184686E-20
  589.000000000000         0.13431750E-04     -0.50528357E-20
  590.000000000000         0.13432962E-04     -0.50334187E-20
  591.000000000000         0.13434034E-04     -0.50696356E-20
  592.000000000000         0.13434963E-04     -0.50060233E-20
  593.000000000000         0.13435906E-04     -0.50242724E-20
  594.000000000000         0.13436873E-04     -0.50561438E-20
  595.000000000000         0.13437814E-04     -0.50646751E-20
  596.000000000000         0.13438809E-04     -0.51113354E-20
  597.000000000000         0.13439983E-04     -0.50428826E-20
  598.000000000000         0.13441279E-04     -0.50228210E-20
  599.000000000000         0.13442519E-04     -0.51515759E-20
  600.000000000000         0.13443659E-04     -0.51743486E-20
  601.000000000000         0.13444787E-04     -0.51210475E-20
  602.000000000000         0.13445988E-04     -0.50809042E-20
  603.000000000000         0.13447422E-04     -0.50849117E-20
  604.000000000000         0.13449370E-04     -0.50608189E-20
  605.000000000000         0.13451872E-04     -0.50952259E-20
  606.000000000000         0.13454745E-04     -0.51403546E-20
  607.000000000000         0.13457646E-04     -0.51031024E-20
  608.000000000000         0.13460642E-04     -0.51778313E-20
  609.000000000000         0.13463974E-04     -0.51615731E-20
  610.000000000000         0.13467652E-04     -0.50963566E-20
  611.000000000000         0.13471377E-04     -0.51081696E-20
  612.000000000000         0.13474887E-04     -0.51681678E-20
  613.000000000000         0.13478171E-04     -0.53169580E-20
  614.000000000000         0.13481316E-04     -0.54271769E-20
  615.000000000000         0.13484459E-04     -0.53621647E-20
  616.000000000000         0.13487850E-04     -0.53781176E-20
  617.000000000000         0.13491679E-04     -0.54141537E-20
  618.000000000000         0.13495703E-04     -0.53699002E-20
  619.000000000000         0.13499608E-04     -0.53659409E-20
  620.000000000000         0.13503290E-04     -0.52997370E-20
  621.000000000000         0.13506926E-04     -0.53529618E-20
  622.000000000000         0.13510526E-04     -0.54235569E-20
  623.000000000000         0.13513962E-04     -0.54054898E-20
  624.000000000000         0.13517216E-04     -0.53577707E-20
  625.000000000000         0.13520361E-04     -0.53474310E-20
  626.000000000000         0.13523286E-04     -0.53079614E-20
  627.000000000000         0.13525816E-04     -0.53825492E-20
  628.000000000000         0.13528127E-04     -0.53417582E-20
  629.000000000000         0.13530588E-04     -0.53245296E-20
  630.000000000000         0.13533251E-04     -0.53049336E-20
  631.000000000000         0.13535785E-04     -0.53239065E-20
  632.000000000000         0.13537948E-04     -0.53196023E-20
  633.000000000000         0.13539784E-04     -0.53008349E-20
  634.000000000000         0.13541417E-04     -0.52427247E-20
  635.000000000000         0.13542960E-04     -0.52749997E-20
  636.000000000000         0.13544614E-04     -0.52783725E-20
  637.000000000000         0.13546516E-04     -0.52486821E-20
  638.000000000000         0.13548411E-04     -0.52600045E-20
  639.000000000000         0.13550052E-04     -0.52759550E-20
  640.000000000000         0.13551478E-04     -0.52878590E-20
  641.000000000000         0.13553156E-04     -0.53024998E-20
  642.000000000000         0.13555208E-04     -0.52919783E-20
  643.000000000000         0.13557317E-04     -0.53220805E-20
  644.000000000000         0.13559197E-04     -0.53222635E-20
  645.000000000000         0.13560739E-04     -0.52881676E-20
  646.000000000000         0.13562143E-04     -0.52780729E-20
  647.000000000000         0.13563630E-04     -0.52871608E-20
  648.000000000000         0.13565329E-04     -0.52964283E-20
  649.000000000000         0.13567276E-04     -0.52820706E-20
  650.000000000000         0.13569357E-04     -0.53066762E-20
  651.000000000000         0.13571395E-04     -0.53028527E-20
  652.000000000000         0.13573424E-04     -0.53083081E-20
  653.000000000000         0.13575710E-04     -0.52740816E-20
  654.000000000000         0.13578377E-04     -0.52597352E-20
  655.000000000000         0.13581165E-04     -0.52417378E-20
  656.000000000000         0.13583688E-04     -0.52784713E-20
  657.000000000000         0.13585847E-04     -0.53002102E-20
  658.000000000000         0.13587825E-04     -0.52845719E-20
  659.000000000000         0.13589756E-04     -0.52824854E-20
  660.000000000000         0.13591671E-04     -0.52936529E-20
  661.000000000000         0.13593730E-04     -0.52919818E-20
  662.000000000000         0.13596088E-04     -0.52719352E-20
  663.000000000000         0.13598595E-04     -0.52716075E-20
  664.000000000000         0.13600939E-04     -0.52541340E-20
  665.000000000000         0.13603156E-04     -0.52231538E-20
  666.000000000000         0.13605697E-04     -0.52335127E-20
  667.000000000000         0.13608643E-04     -0.52165330E-20
  668.000000000000         0.13611519E-04     -0.52205417E-20
  669.000000000000         0.13613999E-04     -0.52206137E-20
  670.000000000000         0.13616113E-04     -0.52149370E-20
  671.000000000000         0.13617985E-04     -0.52015393E-20
  672.000000000000         0.13619813E-04     -0.51986701E-20
  673.000000000000         0.13622059E-04     -0.52011479E-20
  674.000000000000         0.13624529E-04     -0.52033669E-20
  675.000000000000         0.13627037E-04     -0.51895193E-20
  676.000000000000         0.13629442E-04     -0.51814007E-20
  677.000000000000         0.13631352E-04     -0.51914044E-20
  678.000000000000         0.13633579E-04     -0.52026977E-20
  679.000000000000         0.13636169E-04     -0.52154650E-20
  680.000000000000         0.13638713E-04     -0.52162656E-20
  681.000000000000         0.13641170E-04     -0.52017915E-20
  682.000000000000         0.13643203E-04     -0.52012105E-20
  683.000000000000         0.13644915E-04     -0.51993389E-20
  684.000000000000         0.13646511E-04     -0.52033227E-20
  685.000000000000         0.13648576E-04     -0.51901805E-20
  686.000000000000         0.13650955E-04     -0.51879181E-20
  687.000000000000         0.13653406E-04     -0.51832218E-20
  688.000000000000         0.13655943E-04     -0.51889068E-20
  689.000000000000         0.13657959E-04     -0.51884203E-20
  690.000000000000         0.13659994E-04     -0.51890308E-20
  691.000000000000         0.13662372E-04     -0.51882586E-20
  692.000000000000         0.13664988E-04     -0.51877452E-20
  693.000000000000         0.13667664E-04     -0.51907875E-20
  694.000000000000         0.13670280E-04     -0.51859957E-20
  695.000000000000         0.13672539E-04     -0.51866028E-20
  696.000000000000         0.13674331E-04     -0.51890917E-20
  697.000000000000         0.13676227E-04     -0.51908394E-20
  698.000000000000         0.13678752E-04     -0.51942135E-20
  699.000000000000         0.13681351E-04     -0.51973826E-20
  700.000000000000         0.13684053E-04     -0.52029714E-20
  701.000000000000         0.13686386E-04     -0.52064997E-20
  702.000000000000         0.13688555E-04     -0.52108531E-20
  703.000000000000         0.13690809E-04     -0.52114588E-20
  704.000000000000         0.13693253E-04     -0.52090405E-20
  705.000000000000         0.13696023E-04     -0.52051447E-20
  706.000000000000         0.13698904E-04     -0.52044932E-20
  707.000000000000         0.13701697E-04     -0.51965707E-20
  708.000000000000         0.13703894E-04     -0.51926946E-20
  709.000000000000         0.13705824E-04     -0.51941420E-20
  710.000000000000         0.13707987E-04     -0.51926743E-20
  711.000000000000         0.13710511E-04     -0.51917911E-20
  712.000000000000         0.13713211E-04     -0.51877150E-20
  713.000000000000         0.13715833E-04     -0.51899001E-20
  714.000000000000         0.13718219E-04     -0.51912390E-20
  715.000000000000         0.13720367E-04     -0.51905969E-20
  716.000000000000         0.13722452E-04     -0.51983114E-20
  717.000000000000         0.13724705E-04     -0.52032210E-20
  718.000000000000         0.13727163E-04     -0.52044565E-20
  719.000000000000         0.13729555E-04     -0.51971191E-20
  720.000000000000         0.13731557E-04     -0.51915502E-20
  721.000000000000         0.13733158E-04     -0.51870286E-20
  722.000000000000         0.13734673E-04     -0.51901936E-20
  723.000000000000         0.13736459E-04     -0.52048691E-20
  724.000000000000         0.13738598E-04     -0.52007488E-20
  725.000000000000         0.13740858E-04     -0.51945928E-20
  726.000000000000         0.13742910E-04     -0.51924248E-20
  727.000000000000         0.13744618E-04     -0.51998642E-20
  728.000000000000         0.13746142E-04     -0.52003684E-20
  729.000000000000         0.13747723E-04     -0.51914556E-20
  730.000000000000         0.13749451E-04     -0.51807276E-20
  731.000000000000         0.13751228E-04     -0.51631418E-20
  732.000000000000         0.13752837E-04     -0.51692799E-20
  733.000000000000         0.13754130E-04     -0.51644658E-20
  734.000000000000         0.13755297E-04     -0.51669665E-20
  735.000000000000         0.13756801E-04     -0.51657739E-20
  736.000000000000         0.13758799E-04     -0.51659617E-20
  737.000000000000         0.13760947E-04     -0.51754010E-20
  738.000000000000         0.13762965E-04     -0.51744097E-20
  739.000000000000         0.13764662E-04     -0.51650971E-20
  740.000000000000         0.13766144E-04     -0.51584679E-20
  741.000000000000         0.13767661E-04     -0.51520710E-20
  742.000000000000         0.13769361E-04     -0.51488291E-20
  743.000000000000         0.13771086E-04     -0.51410693E-20
  744.000000000000         0.13772704E-04     -0.51353311E-20
  745.000000000000         0.13774054E-04     -0.51387586E-20
  746.000000000000         0.13775315E-04     -0.51463909E-20
  747.000000000000         0.13776872E-04     -0.51401157E-20
  748.000000000000         0.13778947E-04     -0.51227853E-20
  749.000000000000         0.13781201E-04     -0.51354777E-20
  750.000000000000         0.13783458E-04     -0.51193224E-20
  751.000000000000         0.13785375E-04     -0.51418515E-20
  752.000000000000         0.13787015E-04     -0.51275062E-20
  753.000000000000         0.13788594E-04     -0.51233188E-20
  754.000000000000         0.13790307E-04     -0.51111019E-20
  755.000000000000         0.13792179E-04     -0.51241145E-20
  756.000000000000         0.13794016E-04     -0.51272414E-20
  757.000000000000         0.13795697E-04     -0.50619975E-20
  758.000000000000         0.13797164E-04     -0.50994522E-20
  759.000000000000         0.13798633E-04     -0.50839424E-20
  760.000000000000         0.13800400E-04     -0.50863729E-20
  761.000000000000         0.13802502E-04     -0.50778799E-20
  762.000000000000         0.13804629E-04     -0.50527541E-20
  763.000000000000         0.13806585E-04     -0.50319371E-20
  764.000000000000         0.13808290E-04     -0.50623109E-20
  765.000000000000         0.13809858E-04     -0.50613286E-20
  766.000000000000         0.13811433E-04     -0.50274266E-20
  767.000000000000         0.13813176E-04     -0.50349486E-20
  768.000000000000         0.13815098E-04     -0.49997792E-20
  769.000000000000         0.13816991E-04     -0.49780922E-20
  770.000000000000         0.13818677E-04     -0.49500320E-20
  771.000000000000         0.13820108E-04     -0.49729859E-20
  772.000000000000         0.13821565E-04     -0.49624786E-20
  773.000000000000         0.13823226E-04     -0.49763083E-20
  774.000000000000         0.13825014E-04     -0.49770586E-20
  775.000000000000         0.13826794E-04     -0.49827064E-20
  776.000000000000         0.13828508E-04     -0.48603596E-20
  777.000000000000         0.13830109E-04     -0.49028568E-20
  778.000000000000         0.13831601E-04     -0.49012795E-20
  779.000000000000         0.13833115E-04     -0.48850720E-20
  780.000000000000         0.13834803E-04     -0.48760134E-20
  781.000000000000         0.13836561E-04     -0.48903607E-20
  782.000000000000         0.13838171E-04     -0.48695915E-20
  783.000000000000         0.13839473E-04     -0.48429002E-20
  784.000000000000         0.13840621E-04     -0.48499583E-20
  785.000000000000         0.13841750E-04     -0.48635938E-20
  786.000000000000         0.13842906E-04     -0.47969564E-20
  787.000000000000         0.13844163E-04     -0.48292790E-20
  788.000000000000         0.13845575E-04     -0.48398898E-20
  789.000000000000         0.13847033E-04     -0.47536828E-20
  790.000000000000         0.13848356E-04     -0.46980952E-20
  791.000000000000         0.13849558E-04     -0.46413568E-20
  792.000000000000         0.13850809E-04     -0.46406715E-20
  793.000000000000         0.13852158E-04     -0.46540740E-20
  794.000000000000         0.13853454E-04     -0.46411482E-20
  795.000000000000         0.13854557E-04     -0.45829733E-20
  796.000000000000         0.13855480E-04     -0.45500287E-20
  797.000000000000         0.13856295E-04     -0.45181585E-20
  798.000000000000         0.13857083E-04     -0.45279310E-20
  799.000000000000         0.13857989E-04     -0.45474338E-20
  800.000000000000         0.13859148E-04     -0.44987838E-20
  801.000000000000         0.13860499E-04     -0.44324051E-20
  802.000000000000         0.13861789E-04     -0.44066716E-20
  803.000000000000         0.13862910E-04     -0.44021758E-20
  804.000000000000         0.13864008E-04     -0.43327138E-20
  805.000000000000         0.13865164E-04     -0.43106412E-20
  806.000000000000         0.13866275E-04     -0.42735350E-20
  807.000000000000         0.13867245E-04     -0.42529316E-20
  808.000000000000         0.13868095E-04     -0.43204772E-20
  809.000000000000         0.13868897E-04     -0.43000069E-20
  810.000000000000         0.13869713E-04     -0.42803351E-20
  811.000000000000         0.13870636E-04     -0.42877027E-20
  812.000000000000         0.13871741E-04     -0.43075945E-20
  813.000000000000         0.13872972E-04     -0.43116507E-20
  814.000000000000         0.13874161E-04     -0.42670108E-20
  815.000000000000         0.13875210E-04     -0.42844601E-20
  816.000000000000         0.13876189E-04     -0.43223029E-20
  817.000000000000         0.13877159E-04     -0.43151565E-20
  818.000000000000         0.13878070E-04     -0.43628629E-20
  819.000000000000         0.13878881E-04     -0.42961841E-20
  820.000000000000         0.13879661E-04     -0.42628641E-20
  821.000000000000         0.13880509E-04     -0.42598523E-20
  822.000000000000         0.13881441E-04     -0.43035099E-20
  823.000000000000         0.13882433E-04     -0.42567176E-20
  824.000000000000         0.13883524E-04     -0.43080031E-20
  825.000000000000         0.13884722E-04     -0.42533558E-20
  826.000000000000         0.13885923E-04     -0.42030769E-20
  827.000000000000         0.13886999E-04     -0.41524907E-20
  828.000000000000         0.13887931E-04     -0.40976255E-20
  829.000000000000         0.13888803E-04     -0.40813768E-20
  830.000000000000         0.13889687E-04     -0.41586415E-20
  831.000000000000         0.13890624E-04     -0.41765948E-20
  832.000000000000         0.13891689E-04     -0.41925934E-20
  833.000000000000         0.13892911E-04     -0.42313033E-20
  834.000000000000         0.13894214E-04     -0.42640276E-20
  835.000000000000         0.13895546E-04     -0.43034747E-20
  836.000000000000         0.13896982E-04     -0.43366912E-20
  837.000000000000         0.13898616E-04     -0.43171749E-20
  838.000000000000         0.13900332E-04     -0.42678029E-20
  839.000000000000         0.13901872E-04     -0.41891188E-20
  840.000000000000         0.13903134E-04     -0.41715293E-20
  841.000000000000         0.13904235E-04     -0.41665124E-20
  842.000000000000         0.13905359E-04     -0.41103026E-20
  843.000000000000         0.13906639E-04     -0.40736623E-20
  844.000000000000         0.13908133E-04     -0.40694355E-20
  845.000000000000         0.13909793E-04     -0.41197524E-20
  846.000000000000         0.13911483E-04     -0.40974838E-20
  847.000000000000         0.13913105E-04     -0.41400315E-20
  848.000000000000         0.13914729E-04     -0.41606736E-20
  849.000000000000         0.13916515E-04     -0.41461083E-20
  850.000000000000         0.13918400E-04     -0.41400956E-20
  851.000000000000         0.13920122E-04     -0.41368516E-20
  852.000000000000         0.13921508E-04     -0.41212781E-20
  853.000000000000         0.13922653E-04     -0.41244834E-20
  854.000000000000         0.13923689E-04     -0.41871687E-20
  855.000000000000         0.13924753E-04     -0.41511851E-20
  856.000000000000         0.13926022E-04     -0.41327803E-20
  857.000000000000         0.13927575E-04     -0.41092588E-20
  858.000000000000         0.13929232E-04     -0.41513817E-20
  859.000000000000         0.13930723E-04     -0.41547670E-20
  860.000000000000         0.13932019E-04     -0.41558766E-20
  861.000000000000         0.13933284E-04     -0.41374073E-20
  862.000000000000         0.13934598E-04     -0.41014919E-20
  863.000000000000         0.13935900E-04     -0.41189679E-20
  864.000000000000         0.13937125E-04     -0.41441190E-20
  865.000000000000         0.13938221E-04     -0.41272523E-20
  866.000000000000         0.13939150E-04     -0.41462268E-20
  867.000000000000         0.13940002E-04     -0.41628865E-20
  868.000000000000         0.13941021E-04     -0.41459159E-20
  869.000000000000         0.13942427E-04     -0.41152970E-20
  870.000000000000         0.13943986E-04     -0.41063127E-20
  871.000000000000         0.13945579E-04     -0.41013384E-20
  872.000000000000         0.13946860E-04     -0.40833922E-20
  873.000000000000         0.13947928E-04     -0.41143258E-20
  874.000000000000         0.13948960E-04     -0.41148498E-20
  875.000000000000         0.13950084E-04     -0.41306680E-20
  876.000000000000         0.13951364E-04     -0.41328593E-20
  877.000000000000         0.13952728E-04     -0.41385153E-20
  878.000000000000         0.13954013E-04     -0.41467362E-20
  879.000000000000         0.13955143E-04     -0.41276071E-20
  880.000000000000         0.13956309E-04     -0.41123869E-20
  881.000000000000         0.13957749E-04     -0.40927024E-20
  882.000000000000         0.13959470E-04     -0.41054767E-20
  883.000000000000         0.13961243E-04     -0.41271113E-20
  884.000000000000         0.13962843E-04     -0.41239379E-20
  885.000000000000         0.13964222E-04     -0.41222753E-20
  886.000000000000         0.13965465E-04     -0.41293497E-20
  887.000000000000         0.13966704E-04     -0.41237486E-20
  888.000000000000         0.13968052E-04     -0.41074956E-20
  889.000000000000         0.13969533E-04     -0.41023251E-20
  890.000000000000         0.13971034E-04     -0.41074601E-20
  891.000000000000         0.13972403E-04     -0.41034732E-20
  892.000000000000         0.13973644E-04     -0.40972636E-20
  893.000000000000         0.13974914E-04     -0.40997704E-20
  894.000000000000         0.13976348E-04     -0.40810655E-20
  895.000000000000         0.13977960E-04     -0.40758798E-20
  896.000000000000         0.13979638E-04     -0.40644344E-20
  897.000000000000         0.13981207E-04     -0.40515840E-20
  898.000000000000         0.13982555E-04     -0.40458355E-20
  899.000000000000         0.13983774E-04     -0.40484812E-20
  900.000000000000         0.13985070E-04     -0.40498976E-20
  901.000000000000         0.13986555E-04     -0.40497740E-20
  902.000000000000         0.13988165E-04     -0.40501871E-20
  903.000000000000         0.13989701E-04     -0.40543521E-20
  904.000000000000         0.13991006E-04     -0.40566057E-20
  905.000000000000         0.13992171E-04     -0.40547300E-20
  906.000000000000         0.13993491E-04     -0.40539249E-20
  907.000000000000         0.13995101E-04     -0.40465642E-20
  908.000000000000         0.13996759E-04     -0.40497421E-20
  909.000000000000         0.13998315E-04     -0.40406580E-20
  910.000000000000         0.13999573E-04     -0.40362684E-20
  911.000000000000         0.14000708E-04     -0.40365124E-20
  912.000000000000         0.14002028E-04     -0.40332150E-20
  913.000000000000         0.14003612E-04     -0.40373151E-20
  914.000000000000         0.14005204E-04     -0.40430549E-20
  915.000000000000         0.14006679E-04     -0.40421846E-20
  916.000000000000         0.14007892E-04     -0.40385392E-20
  917.000000000000         0.14008995E-04     -0.40365572E-20
  918.000000000000         0.14010280E-04     -0.40389343E-20
  919.000000000000         0.14011876E-04     -0.40344800E-20
  920.000000000000         0.14013472E-04     -0.40357229E-20
  921.000000000000         0.14014978E-04     -0.40375699E-20
  922.000000000000         0.14016200E-04     -0.40377809E-20
  923.000000000000         0.14017295E-04     -0.40392713E-20
  924.000000000000         0.14018500E-04     -0.40402306E-20
  925.000000000000         0.14019923E-04     -0.40415430E-20
  926.000000000000         0.14021473E-04     -0.40416457E-20
  927.000000000000         0.14022978E-04     -0.40420591E-20
  928.000000000000         0.14024320E-04     -0.40404693E-20
  929.000000000000         0.14025498E-04     -0.40413727E-20
  930.000000000000         0.14026669E-04     -0.40409713E-20
  931.000000000000         0.14028062E-04     -0.40391559E-20
  932.000000000000         0.14029714E-04     -0.40385116E-20
  933.000000000000         0.14031374E-04     -0.40400736E-20
  934.000000000000         0.14032864E-04     -0.40426479E-20
  935.000000000000         0.14034149E-04     -0.40436841E-20
  936.000000000000         0.14035350E-04     -0.40399852E-20
  937.000000000000         0.14036630E-04     -0.40407888E-20
  938.000000000000         0.14038147E-04     -0.40411848E-20
  939.000000000000         0.14039789E-04     -0.40400400E-20
  940.000000000000         0.14041427E-04     -0.40396273E-20
  941.000000000000         0.14042872E-04     -0.40362248E-20
  942.000000000000         0.14044081E-04     -0.40373142E-20
  943.000000000000         0.14045334E-04     -0.40313864E-20
  944.000000000000         0.14046841E-04     -0.40315837E-20
  945.000000000000         0.14048448E-04     -0.40321909E-20
  946.000000000000         0.14050030E-04     -0.40321979E-20
  947.000000000000         0.14051440E-04     -0.40290307E-20
  948.000000000000         0.14052592E-04     -0.40326731E-20
  949.000000000000         0.14053621E-04     -0.40315094E-20
  950.000000000000         0.14054764E-04     -0.40327275E-20
  951.000000000000         0.14056123E-04     -0.40308690E-20
  952.000000000000         0.14057447E-04     -0.40287318E-20
  953.000000000000         0.14058745E-04     -0.40342446E-20
  954.000000000000         0.14059728E-04     -0.40354904E-20
  955.000000000000         0.14060581E-04     -0.40320167E-20
  956.000000000000         0.14061528E-04     -0.40366019E-20
  957.000000000000         0.14062615E-04     -0.40401354E-20
  958.000000000000         0.14063767E-04     -0.40406390E-20
  959.000000000000         0.14064861E-04     -0.40377443E-20
  960.000000000000         0.14065767E-04     -0.40427812E-20
  961.000000000000         0.14066470E-04     -0.40512975E-20
  962.000000000000         0.14067143E-04     -0.40572068E-20
  963.000000000000         0.14067992E-04     -0.40480283E-20
  964.000000000000         0.14069026E-04     -0.40398270E-20
  965.000000000000         0.14070069E-04     -0.40474924E-20
  966.000000000000         0.14070962E-04     -0.40537026E-20
  967.000000000000         0.14071745E-04     -0.40561186E-20
  968.000000000000         0.14072534E-04     -0.40532949E-20
  969.000000000000         0.14073407E-04     -0.40483791E-20
  970.000000000000         0.14074424E-04     -0.40495912E-20
  971.000000000000         0.14075590E-04     -0.40434408E-20
  972.000000000000         0.14076777E-04     -0.40293519E-20
  973.000000000000         0.14077808E-04     -0.40290991E-20
  974.000000000000         0.14078701E-04     -0.40223067E-20
  975.000000000000         0.14079659E-04     -0.40250795E-20
  976.000000000000         0.14080787E-04     -0.40315080E-20
  977.000000000000         0.14082003E-04     -0.40452982E-20
  978.000000000000         0.14083185E-04     -0.40570936E-20
  979.000000000000         0.14084292E-04     -0.40379591E-20
  980.000000000000         0.14085369E-04     -0.40360072E-20
  981.000000000000         0.14086507E-04     -0.40325693E-20
  982.000000000000         0.14087783E-04     -0.40177831E-20
  983.000000000000         0.14089195E-04     -0.39845613E-20
  984.000000000000         0.14090605E-04     -0.39905581E-20
  985.000000000000         0.14091830E-04     -0.39713966E-20
  986.000000000000         0.14092853E-04     -0.39540459E-20
  987.000000000000         0.14093857E-04     -0.39735250E-20
  988.000000000000         0.14094927E-04     -0.39913865E-20
  989.000000000000         0.14095970E-04     -0.39965106E-20
  990.000000000000         0.14096895E-04     -0.40015592E-20
  991.000000000000         0.14097704E-04     -0.39853600E-20
  992.000000000000         0.14098454E-04     -0.39728881E-20
  993.000000000000         0.14099213E-04     -0.39798850E-20
  994.000000000000         0.14100032E-04     -0.39434171E-20
  995.000000000000         0.14100911E-04     -0.39615702E-20
  996.000000000000         0.14101770E-04     -0.39855328E-20
  997.000000000000         0.14102504E-04     -0.39745020E-20
  998.000000000000         0.14103098E-04     -0.39808997E-20
  999.000000000000         0.14103644E-04     -0.39860630E-20
 1000.000000000000         0.14104225E-04     -0.39828065E-20
