 #KVL flux sum: time, flux integral, flux

    0.000000000000         0.00000000E+00      0.00000000E+00      0.00000000E+00      0.00000000E+00
    1.000000000000         0.82960070E-19     -0.33860717E-24      0.82960070E-19     -0.33860717E-24
    2.000000000000         0.98054083E-18     -0.10427124E-22      0.89758076E-18     -0.10088517E-22
    3.000000000000         0.34302234E-15     -0.21468680E-22      0.34204180E-15     -0.11041556E-22
    4.000000000000         0.37119836E-13     -0.29686603E-22      0.36776814E-13     -0.82179229E-23
    5.000000000000         0.32652088E-12     -0.40784754E-22      0.28940104E-12     -0.11098151E-22
    6.000000000000         0.17176256E-11     -0.50046227E-22      0.13911047E-11     -0.92614739E-23
    7.000000000000         0.79973604E-11     -0.61668918E-22      0.62797348E-11     -0.11622690E-22
    8.000000000000         0.37933238E-10     -0.71381512E-22      0.29935878E-10     -0.97125944E-23
    9.000000000000         0.18099157E-09     -0.76798784E-22      0.14305833E-09     -0.54172716E-23
   10.000000000000         0.79667863E-09     -0.76234312E-22      0.61568706E-09      0.56447167E-24
   11.000000000000         0.30541802E-08     -0.92305374E-22      0.22575016E-08     -0.16071062E-22
   12.000000000000         0.99932831E-08     -0.88370784E-22      0.69391029E-08      0.39345908E-23
   13.000000000000         0.27831269E-07     -0.15644906E-21      0.17837986E-07     -0.68078276E-22
   14.000000000000         0.66632214E-07      0.10999943E-22      0.38800945E-07      0.16744900E-21
   15.000000000000         0.13707150E-06     -0.27916260E-22      0.70439286E-07     -0.38916203E-22
   16.000000000000         0.24604549E-06      0.21285061E-21      0.10897399E-06      0.24076687E-21
   17.000000000000         0.39224229E-06      0.45857945E-21      0.14619680E-06      0.24572884E-21
   18.000000000000         0.56701268E-06      0.56432191E-21      0.17477039E-06      0.10574246E-21
   19.000000000000         0.75985092E-06      0.37000950E-21      0.19283824E-06     -0.19431241E-21
   20.000000000000         0.96233067E-06      0.20001996E-21      0.20247975E-06     -0.16998954E-21
   21.000000000000         0.11691196E-05      0.16858393E-21      0.20678889E-06     -0.31436034E-22
   22.000000000000         0.13771322E-05      0.60829187E-21      0.20801262E-06      0.43970795E-21
   23.000000000000         0.15839364E-05      0.13341292E-21      0.20680419E-06     -0.47487896E-21
   24.000000000000         0.17864911E-05      0.12237771E-21      0.20255468E-06     -0.11035208E-22
   25.000000000000         0.19807368E-05     -0.25088506E-21      0.19424571E-06     -0.37326277E-21
   26.000000000000         0.21620611E-05     -0.58086889E-22      0.18132432E-06      0.19279817E-21
   27.000000000000         0.23262856E-05      0.11245132E-21      0.16422455E-06      0.17053821E-21
   28.000000000000         0.24706140E-05     -0.34122003E-21      0.14432832E-06     -0.45367135E-21
   29.000000000000         0.25941316E-05     -0.83186470E-22      0.12351767E-06      0.25803356E-21
   30.000000000000         0.26977609E-05     -0.20518990E-21      0.10362926E-06     -0.12200343E-21
   31.000000000000         0.27839035E-05     -0.85343259E-22      0.86142596E-07      0.11984664E-21
   32.000000000000         0.28560106E-05     -0.26298437E-22      0.72107116E-07      0.59044822E-22
   33.000000000000         0.29181586E-05     -0.15835445E-21      0.62147943E-07     -0.13205601E-21
   34.000000000000         0.29745065E-05     -0.30348056E-21      0.56347988E-07     -0.14512611E-21
   35.000000000000         0.30285510E-05     -0.38939914E-21      0.54044470E-07     -0.85918580E-22
   36.000000000000         0.30823252E-05     -0.25723466E-21      0.53774158E-07      0.13216448E-21
   37.000000000000         0.31359286E-05     -0.54456324E-21      0.53603475E-07     -0.28732858E-21
   38.000000000000         0.31877281E-05     -0.41356229E-21      0.51799457E-07      0.13100095E-21
   39.000000000000         0.32352337E-05     -0.57071844E-21      0.47505614E-07     -0.15715615E-21
   40.000000000000         0.32762615E-05     -0.66058976E-21      0.41027749E-07     -0.89871316E-22
   41.000000000000         0.33098418E-05     -0.63711794E-21      0.33580330E-07      0.23471815E-22
   42.000000000000         0.33365292E-05     -0.60641946E-21      0.26687376E-07      0.30698488E-22
   43.000000000000         0.33581166E-05     -0.65614755E-21      0.21587459E-07     -0.49728090E-22
   44.000000000000         0.33770002E-05     -0.65580761E-21      0.18883566E-07      0.33993938E-24
   45.000000000000         0.33954577E-05     -0.74632021E-21      0.18457530E-07     -0.90512603E-22
   46.000000000000         0.34150129E-05     -0.81031871E-21      0.19555176E-07     -0.63998496E-22
   47.000000000000         0.34360089E-05     -0.85277378E-21      0.20996003E-07     -0.42455077E-22
   48.000000000000         0.34575387E-05     -0.91911028E-21      0.21529840E-07     -0.66336503E-22
   49.000000000000         0.34778447E-05     -0.97842913E-21      0.20305939E-07     -0.59318847E-22
   50.000000000000         0.34951097E-05     -0.10758287E-20      0.17264964E-07     -0.97399599E-22
   51.000000000000         0.35083093E-05     -0.11160222E-20      0.13199665E-07     -0.40193506E-22
   52.000000000000         0.35176937E-05     -0.10947513E-20      0.93844019E-08      0.21270981E-22
   53.000000000000         0.35246492E-05     -0.11712538E-20      0.69554364E-08     -0.76502560E-22
   54.000000000000         0.35310445E-05     -0.12253137E-20      0.63953644E-08     -0.54059883E-22
   55.000000000000         0.35384340E-05     -0.11380153E-20      0.73894561E-08      0.87298399E-22
   56.000000000000         0.35474974E-05     -0.11310575E-20      0.90634600E-08      0.69577882E-23
   57.000000000000         0.35579009E-05     -0.11546237E-20      0.10403507E-07     -0.23566232E-22
   58.000000000000         0.35685407E-05     -0.12596502E-20      0.10639797E-07     -0.10502646E-21
   59.000000000000         0.35780283E-05     -0.12027467E-20      0.94876115E-08      0.56903456E-22
   60.000000000000         0.35852545E-05     -0.13179977E-20      0.72261029E-08     -0.11525100E-21
   61.000000000000         0.35898582E-05     -0.12278257E-20      0.46037069E-08      0.90172049E-22
   62.000000000000         0.35924131E-05     -0.12435275E-20      0.25549568E-08     -0.15701793E-22
   63.000000000000         0.35942047E-05     -0.13257869E-20      0.17915815E-08     -0.82259389E-22
   64.000000000000         0.35966566E-05     -0.12742016E-20      0.24519187E-08      0.51585246E-22
   65.000000000000         0.36006773E-05     -0.13035670E-20      0.40206749E-08     -0.29365382E-22
   66.000000000000         0.36062705E-05     -0.12366470E-20      0.55932012E-08      0.66920040E-22
   67.000000000000         0.36126065E-05     -0.13038411E-20      0.63360417E-08     -0.67194115E-22
   68.000000000000         0.36184789E-05     -0.12607027E-20      0.58724014E-08      0.43138357E-22
   69.000000000000         0.36228756E-05     -0.13078131E-20      0.43966630E-08     -0.47110385E-22
   70.000000000000         0.36253894E-05     -0.13367425E-20      0.25137542E-08     -0.28929381E-22
   71.000000000000         0.36263339E-05     -0.13522120E-20      0.94457487E-09     -0.15469493E-22
   72.000000000000         0.36265781E-05     -0.14329885E-20      0.24417222E-09     -0.80776527E-22
   73.000000000000         0.36271869E-05     -0.14739263E-20      0.60884194E-09     -0.40937801E-22
   74.000000000000         0.36289900E-05     -0.14991938E-20      0.18030434E-08     -0.25267499E-22
   75.000000000000         0.36322253E-05     -0.16005239E-20      0.32352694E-08     -0.10133004E-21
   76.000000000000         0.36364208E-05     -0.16211765E-20      0.41955004E-08     -0.20652596E-22
   77.000000000000         0.36406050E-05     -0.16340399E-20      0.41842589E-08     -0.12863446E-22
   78.000000000000         0.36437738E-05     -0.16224928E-20      0.31688237E-08      0.11547133E-22
   79.000000000000         0.36453789E-05     -0.16905724E-20      0.16050590E-08     -0.68079619E-22
   80.000000000000         0.36455738E-05     -0.17180991E-20      0.19492432E-09     -0.27526691E-22
   81.000000000000         0.36450976E-05     -0.16886525E-20     -0.47621096E-09      0.29446596E-22
   82.000000000000         0.36448901E-05     -0.17230612E-20     -0.20746528E-09     -0.34408708E-22
   83.000000000000         0.36456624E-05     -0.17144585E-20      0.77229587E-09      0.86027320E-23
   84.000000000000         0.36476194E-05     -0.17014289E-20      0.19570041E-08      0.13029606E-22
   85.000000000000         0.36504155E-05     -0.17734823E-20      0.27960999E-08     -0.72053495E-22
   86.000000000000         0.36533203E-05     -0.18044029E-20      0.29047413E-08     -0.30920538E-22
   87.000000000000         0.36555244E-05     -0.18075369E-20      0.22040845E-08     -0.31340557E-23
   88.000000000000         0.36564877E-05     -0.18303952E-20      0.96333487E-09     -0.22858279E-22
   89.000000000000         0.36561968E-05     -0.18591134E-20     -0.29086799E-09     -0.28718218E-22
   90.000000000000         0.36551931E-05     -0.18249243E-20     -0.10036870E-08      0.34189098E-22
   91.000000000000         0.36543186E-05     -0.18153425E-20     -0.87454121E-09      0.95818141E-23
   92.000000000000         0.36542900E-05     -0.19266176E-20     -0.28625577E-10     -0.11127505E-21
   93.000000000000         0.36553369E-05     -0.18788202E-20      0.10468682E-08      0.47797338E-22
   94.000000000000         0.36571110E-05     -0.18981853E-20      0.17741267E-08     -0.19365028E-22
   95.000000000000         0.36589006E-05     -0.19267057E-20      0.17896526E-08     -0.28520423E-22
   96.000000000000         0.36599987E-05     -0.19633351E-20      0.10980648E-08     -0.36629453E-22
   97.000000000000         0.36600157E-05     -0.20282129E-20      0.17044976E-10     -0.64877793E-22
   98.000000000000         0.36590100E-05     -0.20618977E-20     -0.10057174E-08     -0.33684774E-22
   99.000000000000         0.36574266E-05     -0.21248699E-20     -0.15834715E-08     -0.62972181E-22
  100.000000000000         0.36559011E-05     -0.21580104E-20     -0.15254040E-08     -0.33140485E-22
  101.000000000000         0.36549951E-05     -0.22156815E-20     -0.90602588E-09     -0.57671134E-22
  102.000000000000         0.36549424E-05     -0.21883307E-20     -0.52770123E-10      0.27350836E-22
  103.000000000000         0.36555226E-05     -0.21972599E-20      0.58023251E-09     -0.89291826E-23
  104.000000000000         0.36561571E-05     -0.21622582E-20      0.63447562E-09      0.35001670E-22
  105.000000000000         0.36562075E-05     -0.21460377E-20      0.50440257E-10      0.16220482E-22
  106.000000000000         0.36553132E-05     -0.21434371E-20     -0.89433804E-09      0.26006096E-23
  107.000000000000         0.36535581E-05     -0.21103697E-20     -0.17550590E-08      0.33067349E-22
  108.000000000000         0.36513780E-05     -0.20907807E-20     -0.21800683E-08      0.19589023E-22
  109.000000000000         0.36492982E-05     -0.21024113E-20     -0.20798170E-08     -0.11630621E-22
  110.000000000000         0.36476842E-05     -0.21561859E-20     -0.16140181E-08     -0.53774511E-22
  111.000000000000         0.36466262E-05     -0.21972163E-20     -0.10579946E-08     -0.41030495E-22
  112.000000000000         0.36459560E-05     -0.22563276E-20     -0.67020503E-09     -0.59111285E-22
  113.000000000000         0.36453364E-05     -0.22033491E-20     -0.61957012E-09      0.52978550E-22
  114.000000000000         0.36443881E-05     -0.21877868E-20     -0.94837066E-09      0.15562292E-22
  115.000000000000         0.36428419E-05     -0.22638688E-20     -0.15461452E-08     -0.76082034E-22
  116.000000000000         0.36406734E-05     -0.22730037E-20     -0.21684692E-08     -0.91349049E-23
  117.000000000000         0.36381308E-05     -0.22693228E-20     -0.25426886E-08      0.36809325E-23
  118.000000000000         0.36356086E-05     -0.23671458E-20     -0.25221398E-08     -0.97823031E-22
  119.000000000000         0.36334342E-05     -0.23938957E-20     -0.21743674E-08     -0.26749898E-22
  120.000000000000         0.36317101E-05     -0.24077501E-20     -0.17241757E-08     -0.13854388E-22
  121.000000000000         0.36303107E-05     -0.24869667E-20     -0.13994188E-08     -0.79216582E-22
  122.000000000000         0.36290001E-05     -0.25441202E-20     -0.13105398E-08     -0.57153547E-22
  123.000000000000         0.36275560E-05     -0.25633131E-20     -0.14441435E-08     -0.19192875E-22
  124.000000000000         0.36258271E-05     -0.25599329E-20     -0.17288452E-08      0.33801714E-23
  125.000000000000         0.36237486E-05     -0.25868648E-20     -0.20785023E-08     -0.26931840E-22
  126.000000000000         0.36213644E-05     -0.25510919E-20     -0.23842525E-08      0.35772864E-22
  127.000000000000         0.36188494E-05     -0.25740244E-20     -0.25149426E-08     -0.22932505E-22
  128.000000000000         0.36164715E-05     -0.25641023E-20     -0.23779545E-08      0.99221255E-23
  129.000000000000         0.36144699E-05     -0.25275650E-20     -0.20015605E-08      0.36537333E-22
  130.000000000000         0.36129230E-05     -0.25432287E-20     -0.15469367E-08     -0.15663770E-22
  131.000000000000         0.36117062E-05     -0.25393830E-20     -0.12167435E-08      0.38457382E-23
  132.000000000000         0.36105736E-05     -0.24575903E-20     -0.11326761E-08      0.81792693E-22
  133.000000000000         0.36092907E-05     -0.24502903E-20     -0.12828413E-08      0.72999881E-23
  134.000000000000         0.36077290E-05     -0.24945420E-20     -0.15616873E-08     -0.44251714E-22
  135.000000000000         0.36058906E-05     -0.24755890E-20     -0.18384732E-08      0.18953056E-22
  136.000000000000         0.36038977E-05     -0.24297561E-20     -0.19928103E-08      0.45832917E-22
  137.000000000000         0.36019708E-05     -0.24630827E-20     -0.19269918E-08     -0.33326680E-22
  138.000000000000         0.36003697E-05     -0.24607230E-20     -0.16010056E-08      0.23596947E-23
  139.000000000000         0.35992824E-05     -0.24597940E-20     -0.10873317E-08      0.92904808E-24
  140.000000000000         0.35987039E-05     -0.23967030E-20     -0.57853009E-09      0.63091022E-22
  141.000000000000         0.35984058E-05     -0.24160022E-20     -0.29809229E-09     -0.19299204E-22
  142.000000000000         0.35980458E-05     -0.24088419E-20     -0.35994849E-09      0.71603061E-23
  143.000000000000         0.35973584E-05     -0.23701364E-20     -0.68742420E-09      0.38705454E-22
  144.000000000000         0.35962978E-05     -0.23755532E-20     -0.10606155E-08     -0.54167880E-23
  145.000000000000         0.35950463E-05     -0.24398873E-20     -0.12515392E-08     -0.64334095E-22
  146.000000000000         0.35939041E-05     -0.24335467E-20     -0.11421274E-08      0.63406118E-23
  147.000000000000         0.35931464E-05     -0.24119837E-20     -0.75773434E-09      0.21563024E-22
  148.000000000000         0.35929158E-05     -0.24197304E-20     -0.23058519E-09     -0.77467100E-23
  149.000000000000         0.35931733E-05     -0.24230036E-20      0.25748113E-09     -0.32731963E-23
  150.000000000000         0.35937058E-05     -0.24729385E-20      0.53247715E-09     -0.49934946E-22
  151.000000000000         0.35942003E-05     -0.24630982E-20      0.49450329E-09      0.98403112E-23
  152.000000000000         0.35943809E-05     -0.25765866E-20      0.18064466E-09     -0.11348837E-21
  153.000000000000         0.35941555E-05     -0.25767023E-20     -0.22537814E-09     -0.11571329E-24
  154.000000000000         0.35936799E-05     -0.25591796E-20     -0.47561393E-09      0.17522652E-22
  155.000000000000         0.35932811E-05     -0.25219075E-20     -0.39878909E-09      0.37272167E-22
  156.000000000000         0.35932769E-05     -0.25740180E-20     -0.42547703E-11     -0.52110501E-22
  157.000000000000         0.35938041E-05     -0.25848665E-20      0.52724477E-09     -0.10848533E-22
  158.000000000000         0.35947596E-05     -0.25703990E-20      0.95548525E-09      0.14467539E-22
  159.000000000000         0.35958707E-05     -0.25553756E-20      0.11110999E-08      0.15023323E-22
  160.000000000000         0.35968348E-05     -0.24969968E-20      0.96404855E-09      0.58378860E-22
  161.000000000000         0.35974482E-05     -0.25257989E-20      0.61345947E-09     -0.28802120E-22
  162.000000000000         0.35976809E-05     -0.25309794E-20      0.23270783E-09     -0.51805240E-23
  163.000000000000         0.35976843E-05     -0.26054396E-20      0.33358391E-11     -0.74460217E-22
  164.000000000000         0.35977314E-05     -0.26353851E-20      0.47109556E-10     -0.29945458E-22
  165.000000000000         0.35980967E-05     -0.26435162E-20      0.36529023E-09     -0.81311093E-23
  166.000000000000         0.35989152E-05     -0.26191470E-20      0.81850040E-09      0.24369188E-22
  167.000000000000         0.36000980E-05     -0.26227230E-20      0.11828251E-08     -0.35759504E-23
  168.000000000000         0.36013686E-05     -0.26298598E-20      0.12706027E-08     -0.71368370E-23
  169.000000000000         0.36024111E-05     -0.25968434E-20      0.10425138E-08      0.33016366E-22
  170.000000000000         0.36030406E-05     -0.25989363E-20      0.62948901E-09     -0.20928793E-23
  171.000000000000         0.36032888E-05     -0.26116481E-20      0.24820220E-09     -0.12711771E-22
  172.000000000000         0.36033631E-05     -0.26285391E-20      0.74321876E-10     -0.16890962E-22
  173.000000000000         0.36035230E-05     -0.26378946E-20      0.15989863E-09     -0.93555792E-23
  174.000000000000         0.36039550E-05     -0.27074705E-20      0.43195302E-09     -0.69575829E-22
  175.000000000000         0.36047010E-05     -0.26744338E-20      0.74604765E-09      0.33036618E-22
  176.000000000000         0.36056523E-05     -0.27346747E-20      0.95128747E-09     -0.60240848E-22
  177.000000000000         0.36065988E-05     -0.27634305E-20      0.94651462E-09     -0.28755763E-22
  178.000000000000         0.36073230E-05     -0.27958408E-20      0.72414582E-09     -0.32410300E-22
  179.000000000000         0.36077082E-05     -0.28244084E-20      0.38520137E-09     -0.28567641E-22
  180.000000000000         0.36078063E-05     -0.28382564E-20      0.98172414E-10     -0.13848039E-22
  181.000000000000         0.36078109E-05     -0.28347954E-20      0.45619091E-11      0.34609895E-23
  182.000000000000         0.36079395E-05     -0.28648432E-20      0.12863200E-09     -0.30047713E-22
  183.000000000000         0.36083039E-05     -0.29763526E-20      0.36436820E-09     -0.11150939E-21
  184.000000000000         0.36088590E-05     -0.29616810E-20      0.55512647E-09      0.14671519E-22
  185.000000000000         0.36094596E-05     -0.29853763E-20      0.60051473E-09     -0.23695270E-22
  186.000000000000         0.36099650E-05     -0.30109654E-20      0.50541867E-09     -0.25589144E-22
  187.000000000000         0.36103116E-05     -0.29989244E-20      0.34661585E-09      0.12041083E-22
  188.000000000000         0.36105175E-05     -0.30432775E-20      0.20594927E-09     -0.44353169E-22
  189.000000000000         0.36106479E-05     -0.31012314E-20      0.13032530E-09     -0.57953856E-22
  190.000000000000         0.36107786E-05     -0.31464117E-20      0.13074166E-09     -0.45180304E-22
  191.000000000000         0.36109709E-05     -0.31473767E-20      0.19231508E-09     -0.96500695E-24
  192.000000000000         0.36112493E-05     -0.31296507E-20      0.27842620E-09      0.17725960E-22
  193.000000000000         0.36115922E-05     -0.31331329E-20      0.34287279E-09     -0.34821390E-23
  194.000000000000         0.36119530E-05     -0.31480022E-20      0.36080508E-09     -0.14869327E-22
  195.000000000000         0.36123065E-05     -0.31782578E-20      0.35350516E-09     -0.30255622E-22
  196.000000000000         0.36126766E-05     -0.32048242E-20      0.37007150E-09     -0.26566364E-22
  197.000000000000         0.36131088E-05     -0.32097325E-20      0.43224874E-09     -0.49083207E-23
  198.000000000000         0.36136090E-05     -0.32695689E-20      0.50014491E-09     -0.59836409E-22
  199.000000000000         0.36141141E-05     -0.32457396E-20      0.50508784E-09      0.23829292E-22
  200.000000000000         0.36145383E-05     -0.32718227E-20      0.42423304E-09     -0.26083109E-22
  201.000000000000         0.36148581E-05     -0.32201520E-20      0.31982748E-09      0.51670732E-22
  202.000000000000         0.36151556E-05     -0.32738348E-20      0.29747711E-09     -0.53682772E-22
  203.000000000000         0.36155754E-05     -0.33083126E-20      0.41975721E-09     -0.34477827E-22
  204.000000000000         0.36162300E-05     -0.32860410E-20      0.65466307E-09      0.22271623E-22
  205.000000000000         0.36171287E-05     -0.32422388E-20      0.89870810E-09      0.43802149E-22
  206.000000000000         0.36181721E-05     -0.33431417E-20      0.10433783E-08     -0.10090286E-21
  207.000000000000         0.36192024E-05     -0.33646208E-20      0.10302940E-08     -0.21479076E-22
  208.000000000000         0.36200759E-05     -0.33392757E-20      0.87344031E-09      0.25345028E-22
  209.000000000000         0.36207336E-05     -0.33532980E-20      0.65774901E-09     -0.14022274E-22
  210.000000000000         0.36212498E-05     -0.32808607E-20      0.51616190E-09      0.72437320E-22
  211.000000000000         0.36218220E-05     -0.32891536E-20      0.57226170E-09     -0.82929473E-23
  212.000000000000         0.36226808E-05     -0.33492747E-20      0.85879912E-09     -0.60121061E-22
  213.000000000000         0.36239493E-05     -0.33079443E-20      0.12684558E-08      0.41330376E-22
  214.000000000000         0.36255454E-05     -0.33492118E-20      0.15960938E-08     -0.41267425E-22
  215.000000000000         0.36272099E-05     -0.33088510E-20      0.16645445E-08      0.40360740E-22
  216.000000000000         0.36286564E-05     -0.33618364E-20      0.14464430E-08     -0.52985373E-22
  217.000000000000         0.36297431E-05     -0.34066788E-20      0.10867104E-08     -0.44842454E-22
  218.000000000000         0.36305524E-05     -0.34018954E-20      0.80935470E-09      0.47834856E-23
  219.000000000000         0.36313348E-05     -0.34302165E-20      0.78233297E-09     -0.28321189E-22
  220.000000000000         0.36323669E-05     -0.34198692E-20      0.10321225E-08      0.10347359E-22
  221.000000000000         0.36338114E-05     -0.34535218E-20      0.14445164E-08     -0.33652664E-22
  222.000000000000         0.36356402E-05     -0.34632759E-20      0.18288252E-08     -0.97540061E-23
  223.000000000000         0.36376462E-05     -0.34604676E-20      0.20060099E-08      0.28082520E-23
  224.000000000000         0.36395377E-05     -0.35062827E-20      0.18914910E-08     -0.45815094E-22
  225.000000000000         0.36410828E-05     -0.35292214E-20      0.15450291E-08     -0.22938753E-22
  226.000000000000         0.36422375E-05     -0.36096753E-20      0.11547447E-08     -0.80453850E-22
  227.000000000000         0.36431807E-05     -0.35122718E-20      0.94319646E-09      0.97403470E-22
  228.000000000000         0.36442184E-05     -0.34802962E-20      0.10377207E-08      0.31975671E-22
  229.000000000000         0.36456075E-05     -0.35199322E-20      0.13890408E-08     -0.39635998E-22
  230.000000000000         0.36474074E-05     -0.34466146E-20      0.17999875E-08      0.73317531E-22
  231.000000000000         0.36494546E-05     -0.34035083E-20      0.20471362E-08      0.43106303E-22
  232.000000000000         0.36514650E-05     -0.34111621E-20      0.20104388E-08     -0.76537736E-23
  233.000000000000         0.36531931E-05     -0.33475651E-20      0.17280777E-08      0.63597020E-22
  234.000000000000         0.36545500E-05     -0.33471777E-20      0.13569218E-08      0.38740341E-24
  235.000000000000         0.36556304E-05     -0.33460812E-20      0.10803929E-08      0.10964546E-23
  236.000000000000         0.36566511E-05     -0.33833273E-20      0.10206354E-08     -0.37246077E-22
  237.000000000000         0.36578410E-05     -0.34182844E-20      0.11899340E-08     -0.34957135E-22
  238.000000000000         0.36593319E-05     -0.34268388E-20      0.14909464E-08     -0.85544074E-23
  239.000000000000         0.36610946E-05     -0.34836594E-20      0.17626776E-08     -0.56820534E-22
  240.000000000000         0.36629532E-05     -0.34530472E-20      0.18585690E-08      0.30612165E-22
  241.000000000000         0.36646772E-05     -0.34950731E-20      0.17240616E-08     -0.42025940E-22
  242.000000000000         0.36661062E-05     -0.35131104E-20      0.14289326E-08     -0.18037225E-22
  243.000000000000         0.36672342E-05     -0.35718800E-20      0.11280743E-08     -0.58769604E-22
  244.000000000000         0.36682050E-05     -0.35993385E-20      0.97077582E-09     -0.27458522E-22
  245.000000000000         0.36692211E-05     -0.36182079E-20      0.10161198E-08     -0.18869417E-22
  246.000000000000         0.36704288E-05     -0.36049983E-20      0.12076638E-08      0.13209624E-22
  247.000000000000         0.36718465E-05     -0.36266570E-20      0.14176897E-08     -0.21658718E-22
  248.000000000000         0.36733719E-05     -0.36381684E-20      0.15254213E-08     -0.11511352E-22
  249.000000000000         0.36748510E-05     -0.36517815E-20      0.14790566E-08     -0.13613123E-22
  250.000000000000         0.36761625E-05     -0.36225148E-20      0.13115348E-08      0.29266655E-22
  251.000000000000         0.36772744E-05     -0.36407762E-20      0.11119130E-08     -0.18261402E-22
  252.000000000000         0.36782495E-05     -0.36309801E-20      0.97507550E-09      0.97961255E-23
  253.000000000000         0.36792047E-05     -0.36320897E-20      0.95523817E-09     -0.11096272E-23
  254.000000000000         0.36802468E-05     -0.36539090E-20      0.10420360E-08     -0.21819271E-22
  255.000000000000         0.36814155E-05     -0.36843185E-20      0.11687560E-08     -0.30409477E-22
  256.000000000000         0.36826657E-05     -0.36894872E-20      0.12501900E-08     -0.51687268E-23
  257.000000000000         0.36838978E-05     -0.36867699E-20      0.12320613E-08      0.27173232E-23
  258.000000000000         0.36850216E-05     -0.36780238E-20      0.11238708E-08      0.87460806E-23
  259.000000000000         0.36860148E-05     -0.36798074E-20      0.99317949E-09     -0.17835653E-23
  260.000000000000         0.36869369E-05     -0.36177832E-20      0.92202731E-09      0.62024211E-22
  261.000000000000         0.36878885E-05     -0.36337395E-20      0.95164541E-09     -0.15956387E-22
  262.000000000000         0.36889409E-05     -0.36467144E-20      0.10524173E-08     -0.12974894E-22
  263.000000000000         0.36900828E-05     -0.36716823E-20      0.11418764E-08     -0.24967876E-22
  264.000000000000         0.36912242E-05     -0.36875292E-20      0.11414160E-08     -0.15846925E-22
  265.000000000000         0.36922579E-05     -0.36917663E-20      0.10336776E-08     -0.42370947E-23
  266.000000000000         0.36931367E-05     -0.36955855E-20      0.87881717E-09     -0.38191878E-23
  267.000000000000         0.36939122E-05     -0.37207089E-20      0.77553243E-09     -0.25123355E-22
  268.000000000000         0.36947060E-05     -0.37192200E-20      0.79371692E-09      0.14888837E-23
  269.000000000000         0.36956324E-05     -0.37746287E-20      0.92642286E-09     -0.55408757E-22
  270.000000000000         0.36967256E-05     -0.38412034E-20      0.10932586E-08     -0.66574625E-22
  271.000000000000         0.36979149E-05     -0.38019470E-20      0.11893033E-08      0.39256420E-22
  272.000000000000         0.36990600E-05     -0.37910579E-20      0.11450650E-08      0.10889092E-22
  273.000000000000         0.37000237E-05     -0.37790829E-20      0.96370716E-09      0.11974992E-22
  274.000000000000         0.37007461E-05     -0.37386942E-20      0.72238101E-09      0.40388690E-22
  275.000000000000         0.37012867E-05     -0.37378731E-20      0.54059138E-09      0.82111929E-24
  276.000000000000         0.37018106E-05     -0.37869689E-20      0.52388174E-09     -0.49095888E-22
  277.000000000000         0.37025106E-05     -0.36889629E-20      0.70005942E-09      0.98006075E-22
  278.000000000000         0.37034935E-05     -0.36861124E-20      0.98290174E-09      0.28504584E-23
  279.000000000000         0.37046953E-05     -0.36355227E-20      0.12017867E-08      0.50589714E-22
  280.000000000000         0.37058954E-05     -0.36473476E-20      0.12001145E-08     -0.11824898E-22
  281.000000000000         0.37068403E-05     -0.36315606E-20      0.94487257E-09      0.15786947E-22
  282.000000000000         0.37074025E-05     -0.36167653E-20      0.56224926E-09      0.14795331E-22
  283.000000000000         0.37076642E-05     -0.35913919E-20      0.26166627E-09      0.25373385E-22
  284.000000000000         0.37078648E-05     -0.35194278E-20      0.20053804E-09      0.71964181E-22
  285.000000000000         0.37082550E-05     -0.35568920E-20      0.39027583E-09     -0.37464263E-22
  286.000000000000         0.37089596E-05     -0.35874789E-20      0.70456466E-09     -0.30586912E-22
  287.000000000000         0.37099246E-05     -0.36697642E-20      0.96500822E-09     -0.82285279E-22
  288.000000000000         0.37109575E-05     -0.36301672E-20      0.10329008E-08      0.39597053E-22
  289.000000000000         0.37118191E-05     -0.36574814E-20      0.86161847E-09     -0.27314296E-22
  290.000000000000         0.37123295E-05     -0.35848765E-20      0.51042582E-09      0.72604948E-22
  291.000000000000         0.37124587E-05     -0.35981092E-20      0.12914217E-09     -0.13232715E-22
  292.000000000000         0.37123620E-05     -0.36766617E-20     -0.96702935E-10     -0.78552510E-22
  293.000000000000         0.37123186E-05     -0.36622194E-20     -0.43392008E-10      0.14442304E-22
  294.000000000000         0.37125775E-05     -0.36726275E-20      0.25886995E-09     -0.10408115E-22
  295.000000000000         0.37131981E-05     -0.37421023E-20      0.62064409E-09     -0.69474771E-22
  296.000000000000         0.37140046E-05     -0.37381062E-20      0.80652026E-09      0.39961014E-23
  297.000000000000         0.37146983E-05     -0.37903293E-20      0.69368869E-09     -0.52223055E-22
  298.000000000000         0.37150484E-05     -0.38295471E-20      0.35009052E-09     -0.39217861E-22
  299.000000000000         0.37150207E-05     -0.38526832E-20     -0.27754989E-10     -0.23136072E-22
  300.000000000000         0.37147658E-05     -0.38662117E-20     -0.25486746E-09     -0.13528494E-22
  301.000000000000         0.37145073E-05     -0.38884460E-20     -0.25853106E-09     -0.22234295E-22
  302.000000000000         0.37144251E-05     -0.38742377E-20     -0.82131106E-10      0.14208291E-22
  303.000000000000         0.37145944E-05     -0.39216546E-20      0.16928716E-09     -0.47416906E-22
  304.000000000000         0.37149717E-05     -0.38936101E-20      0.37732956E-09      0.28044491E-22
  305.000000000000         0.37154109E-05     -0.39639486E-20      0.43915115E-09     -0.70338511E-22
  306.000000000000         0.37157154E-05     -0.38957162E-20      0.30453572E-09      0.68232412E-22
  307.000000000000         0.37157362E-05     -0.38479202E-20      0.20799759E-10      0.47796045E-22
  308.000000000000         0.37154704E-05     -0.38571021E-20     -0.26583296E-09     -0.91819809E-23
  309.000000000000         0.37150797E-05     -0.38692040E-20     -0.39073267E-09     -0.12101874E-22
  310.000000000000         0.37147913E-05     -0.38406473E-20     -0.28839271E-09      0.28556762E-22
  311.000000000000         0.37147465E-05     -0.38055874E-20     -0.44719644E-10      0.35059867E-22
  312.000000000000         0.37149169E-05     -0.37777431E-20      0.17034330E-09      0.27844329E-22
  313.000000000000         0.37151490E-05     -0.37450347E-20      0.23211650E-09      0.32708344E-22
  314.000000000000         0.37152869E-05     -0.38128536E-20      0.13785003E-09     -0.67818873E-22
  315.000000000000         0.37152627E-05     -0.38400540E-20     -0.24138349E-10     -0.27200393E-22
  316.000000000000         0.37151018E-05     -0.38444279E-20     -0.16087378E-09     -0.43738737E-23
  317.000000000000         0.37148747E-05     -0.38571482E-20     -0.22711929E-09     -0.12720369E-22
  318.000000000000         0.37146591E-05     -0.39173665E-20     -0.21559558E-09     -0.60218274E-22
  319.000000000000         0.37145274E-05     -0.39303121E-20     -0.13173690E-09     -0.12945632E-22
  320.000000000000         0.37145290E-05     -0.39240592E-20      0.16213534E-11      0.62528897E-23
  321.000000000000         0.37146553E-05     -0.39315871E-20      0.12630108E-09     -0.75278303E-23
  322.000000000000         0.37148223E-05     -0.39558777E-20      0.16695835E-09     -0.24290635E-22
  323.000000000000         0.37149136E-05     -0.39402302E-20      0.91343188E-10      0.15647513E-22
  324.000000000000         0.37148669E-05     -0.39522406E-20     -0.46727222E-10     -0.12010428E-22
  325.000000000000         0.37147271E-05     -0.39803883E-20     -0.13982184E-09     -0.28147705E-22
  326.000000000000         0.37146109E-05     -0.40066921E-20     -0.11615165E-09     -0.26303821E-22
  327.000000000000         0.37146100E-05     -0.40079763E-20     -0.92880411E-12     -0.12841324E-23
  328.000000000000         0.37147214E-05     -0.40101912E-20      0.11138567E-09     -0.22149113E-23
  329.000000000000         0.37148657E-05     -0.39835249E-20      0.14428632E-09      0.26666312E-22
  330.000000000000         0.37149635E-05     -0.39654848E-20      0.97858119E-10      0.18040077E-22
  331.000000000000         0.37149921E-05     -0.39965296E-20      0.28561935E-10     -0.31044844E-22
  332.000000000000         0.37149783E-05     -0.40664572E-20     -0.13822589E-10     -0.69927572E-22
  333.000000000000         0.37149582E-05     -0.41556936E-20     -0.20097510E-10     -0.89236343E-22
  334.000000000000         0.37149558E-05     -0.41449784E-20     -0.23619173E-11      0.10715162E-22
  335.000000000000         0.37149919E-05     -0.41579355E-20      0.36062307E-10     -0.12957055E-22
  336.000000000000         0.37150869E-05     -0.41749120E-20      0.95068665E-10     -0.16976521E-22
  337.000000000000         0.37152350E-05     -0.41867101E-20      0.14809015E-09     -0.11798144E-22
  338.000000000000         0.37153767E-05     -0.42124186E-20      0.14168649E-09     -0.25708431E-22
  339.000000000000         0.37154216E-05     -0.42145705E-20      0.44905661E-10     -0.21519925E-23
  340.000000000000         0.37153206E-05     -0.42087344E-20     -0.10102810E-09      0.58360990E-23
  341.000000000000         0.37151221E-05     -0.42323695E-20     -0.19850356E-09     -0.23635009E-22
  342.000000000000         0.37149474E-05     -0.42623304E-20     -0.17465269E-09     -0.29960957E-22
  343.000000000000         0.37148960E-05     -0.43013349E-20     -0.51429218E-10     -0.39004453E-22
  344.000000000000         0.37149642E-05     -0.42791079E-20      0.68181183E-10      0.22226952E-22
  345.000000000000         0.37150503E-05     -0.42748760E-20      0.86116768E-10      0.42318659E-23
  346.000000000000         0.37150339E-05     -0.43327618E-20     -0.16412808E-10     -0.57885778E-22
  347.000000000000         0.37148530E-05     -0.43244862E-20     -0.18092388E-09      0.82756608E-23
  348.000000000000         0.37145215E-05     -0.43579410E-20     -0.33148374E-09     -0.33454884E-22
  349.000000000000         0.37140986E-05     -0.43200735E-20     -0.42289990E-09      0.37867579E-22
  350.000000000000         0.37136574E-05     -0.42989126E-20     -0.44120227E-09      0.21160828E-22
  351.000000000000         0.37132711E-05     -0.42978770E-20     -0.38632212E-09      0.10356863E-23
  352.000000000000         0.37129921E-05     -0.43271039E-20     -0.27897305E-09     -0.29226914E-22
  353.000000000000         0.37128105E-05     -0.43952825E-20     -0.18157970E-09     -0.68178603E-22
  354.000000000000         0.37126269E-05     -0.43414868E-20     -0.18362007E-09      0.53795672E-22
  355.000000000000         0.37122907E-05     -0.42928778E-20     -0.33617135E-09      0.48609010E-22
  356.000000000000         0.37116997E-05     -0.42573740E-20     -0.59105497E-09      0.35503790E-22
  357.000000000000         0.37108836E-05     -0.42349924E-20     -0.81605515E-09      0.22381647E-22
  358.000000000000         0.37099946E-05     -0.43065621E-20     -0.88903087E-09     -0.71569721E-22
  359.000000000000         0.37092033E-05     -0.43237796E-20     -0.79122354E-09     -0.17217498E-22
  360.000000000000         0.37085868E-05     -0.42617446E-20     -0.61651164E-09      0.62034940E-22
  361.000000000000         0.37080922E-05     -0.43093981E-20     -0.49465423E-09     -0.47653429E-22
  362.000000000000         0.37075889E-05     -0.42786998E-20     -0.50330772E-09      0.30698216E-22
  363.000000000000         0.37069509E-05     -0.43314594E-20     -0.63792516E-09     -0.52759519E-22
  364.000000000000         0.37061112E-05     -0.43569180E-20     -0.83977248E-09     -0.25458602E-22
  365.000000000000         0.37050767E-05     -0.43896804E-20     -0.10344900E-08     -0.32762438E-22
  366.000000000000         0.37039245E-05     -0.43833045E-20     -0.11521975E-08      0.63758550E-23
  367.000000000000         0.37027811E-05     -0.43503907E-20     -0.11433469E-08      0.32913798E-22
  368.000000000000         0.37017732E-05     -0.42587512E-20     -0.10079586E-08      0.91639548E-22
  369.000000000000         0.37009550E-05     -0.42989606E-20     -0.81822973E-09     -0.40209357E-22
  370.000000000000         0.37002607E-05     -0.42566837E-20     -0.69424191E-09      0.42276877E-22
  371.000000000000         0.36995320E-05     -0.41858331E-20     -0.72869928E-09      0.70850567E-22
  372.000000000000         0.36986170E-05     -0.41994994E-20     -0.91498055E-09     -0.13666242E-22
  373.000000000000         0.36974728E-05     -0.42310803E-20     -0.11442530E-08     -0.31580897E-22
  374.000000000000         0.36961922E-05     -0.42418979E-20     -0.12806255E-08     -0.10817684E-22
  375.000000000000         0.36949385E-05     -0.42656959E-20     -0.12536052E-08     -0.23797980E-22
  376.000000000000         0.36938430E-05     -0.42167516E-20     -0.10955167E-08      0.48944285E-22
  377.000000000000         0.36929379E-05     -0.42155247E-20     -0.90510041E-09      0.12269251E-23
  378.000000000000         0.36921593E-05     -0.41867138E-20     -0.77863236E-09      0.28810882E-22
  379.000000000000         0.36913972E-05     -0.42106395E-20     -0.76212625E-09     -0.23925668E-22
  380.000000000000         0.36905533E-05     -0.41861411E-20     -0.84389554E-09      0.24498345E-22
  381.000000000000         0.36895818E-05     -0.42367843E-20     -0.97149066E-09     -0.50643169E-22
  382.000000000000         0.36885078E-05     -0.42149066E-20     -0.10740164E-08      0.21877735E-22
  383.000000000000         0.36874203E-05     -0.41733389E-20     -0.10874296E-08      0.41567697E-22
  384.000000000000         0.36864352E-05     -0.40892783E-20     -0.98512727E-09      0.84060605E-22
  385.000000000000         0.36856344E-05     -0.41012969E-20     -0.80083172E-09     -0.12018646E-22
  386.000000000000         0.36850149E-05     -0.40829959E-20     -0.61945319E-09      0.18301027E-22
  387.000000000000         0.36844862E-05     -0.41267425E-20     -0.52875893E-09     -0.43746650E-22
  388.000000000000         0.36839257E-05     -0.40439959E-20     -0.56047996E-09      0.82746616E-22
  389.000000000000         0.36832591E-05     -0.40500982E-20     -0.66654716E-09     -0.61023027E-23
  390.000000000000         0.36825070E-05     -0.40287850E-20     -0.75214490E-09      0.21313214E-22
  391.000000000000         0.36817654E-05     -0.40859757E-20     -0.74154941E-09     -0.57190670E-22
  392.000000000000         0.36811391E-05     -0.40944313E-20     -0.62631337E-09     -0.84555747E-23
  393.000000000000         0.36806773E-05     -0.41091063E-20     -0.46181392E-09     -0.14675034E-22
  394.000000000000         0.36803553E-05     -0.40548043E-20     -0.32200737E-09      0.54302007E-22
  395.000000000000         0.36801028E-05     -0.40837088E-20     -0.25249867E-09     -0.28904491E-22
  396.000000000000         0.36798492E-05     -0.40643127E-20     -0.25364912E-09      0.19396129E-22
  397.000000000000         0.36795555E-05     -0.41306798E-20     -0.29362880E-09     -0.66367177E-22
  398.000000000000         0.36792252E-05     -0.40696311E-20     -0.33031309E-09      0.61048687E-22
  399.000000000000         0.36788986E-05     -0.41181146E-20     -0.32664731E-09     -0.48483464E-22
  400.000000000000         0.36786369E-05     -0.41381205E-20     -0.26162817E-09     -0.20005941E-22
  401.000000000000         0.36784945E-05     -0.41439061E-20     -0.14244860E-09     -0.57855324E-23
  402.000000000000         0.36784844E-05     -0.41213698E-20     -0.10144637E-10      0.22536315E-22
  403.000000000000         0.36785608E-05     -0.41741829E-20      0.76399536E-10     -0.52813118E-22
  404.000000000000         0.36786389E-05     -0.41144768E-20      0.78189223E-10      0.59706086E-22
  405.000000000000         0.36786486E-05     -0.41286770E-20      0.96386733E-11     -0.14200202E-22
  406.000000000000         0.36785838E-05     -0.40975729E-20     -0.64828398E-10      0.31104086E-22
  407.000000000000         0.36785080E-05     -0.40901174E-20     -0.75738845E-10      0.74554663E-23
  408.000000000000         0.36785074E-05     -0.41177084E-20     -0.61927807E-12     -0.27590979E-22
  409.000000000000         0.36786282E-05     -0.41526529E-20      0.12085002E-09     -0.34944495E-22
  410.000000000000         0.36788482E-05     -0.42254584E-20      0.21998848E-09     -0.72805451E-22
  411.000000000000         0.36790977E-05     -0.42810169E-20      0.24944938E-09     -0.55558509E-22
  412.000000000000         0.36793065E-05     -0.43205210E-20      0.20884462E-09     -0.39504081E-22
  413.000000000000         0.36794391E-05     -0.43500546E-20      0.13259672E-09     -0.29533630E-22
  414.000000000000         0.36795012E-05     -0.43888668E-20      0.62076552E-10     -0.38812252E-22
  415.000000000000         0.36795300E-05     -0.43835640E-20      0.28789445E-10      0.53028456E-23
  416.000000000000         0.36795810E-05     -0.43707337E-20      0.50965526E-10      0.12830250E-22
  417.000000000000         0.36797089E-05     -0.43629153E-20      0.12792911E-09      0.78184283E-23
  418.000000000000         0.36799372E-05     -0.43653376E-20      0.22828200E-09     -0.24222445E-23
  419.000000000000         0.36802288E-05     -0.43696689E-20      0.29159846E-09     -0.43313068E-23
  420.000000000000         0.36804904E-05     -0.43461643E-20      0.26166618E-09      0.23504613E-22
  421.000000000000         0.36806251E-05     -0.43415300E-20      0.13469681E-09      0.46342788E-23
  422.000000000000         0.36806022E-05     -0.43613253E-20     -0.22954190E-10     -0.19795301E-22
  423.000000000000         0.36804869E-05     -0.43717699E-20     -0.11524882E-09     -0.10444601E-22
  424.000000000000         0.36803985E-05     -0.44131108E-20     -0.88464493E-10     -0.41340913E-22
  425.000000000000         0.36804257E-05     -0.43799470E-20      0.27210646E-10      0.33163769E-22
  426.000000000000         0.36805690E-05     -0.44156188E-20      0.14330508E-09     -0.35671820E-22
  427.000000000000         0.36807493E-05     -0.43955031E-20      0.18036790E-09      0.20115715E-22
  428.000000000000         0.36808661E-05     -0.43578420E-20      0.11674185E-09      0.37661105E-22
  429.000000000000         0.36808520E-05     -0.43805635E-20     -0.14038654E-10     -0.22721457E-22
  430.000000000000         0.36806956E-05     -0.44088149E-20     -0.15645978E-09     -0.28251439E-22
  431.000000000000         0.36804372E-05     -0.44051652E-20     -0.25835037E-09      0.36497363E-23
  432.000000000000         0.36801576E-05     -0.43724365E-20     -0.27960819E-09      0.32728646E-22
  433.000000000000         0.36799529E-05     -0.44252684E-20     -0.20472452E-09     -0.52831890E-22
  434.000000000000         0.36798867E-05     -0.44663156E-20     -0.66212178E-10     -0.41047219E-22
  435.000000000000         0.36799373E-05     -0.44720321E-20      0.50560882E-10     -0.57164097E-23
  436.000000000000         0.36799894E-05     -0.45158049E-20      0.52104021E-10     -0.43772849E-22
  437.000000000000         0.36799004E-05     -0.45202071E-20     -0.88957259E-10     -0.44022301E-23
  438.000000000000         0.36796030E-05     -0.45662010E-20     -0.29743009E-09     -0.45993825E-22
  439.000000000000         0.36791601E-05     -0.46149311E-20     -0.44287007E-09     -0.48730133E-22
  440.000000000000         0.36787222E-05     -0.45101672E-20     -0.43786295E-09      0.10476393E-21
  441.000000000000         0.36784210E-05     -0.44994149E-20     -0.30118994E-09      0.10752258E-22
  442.000000000000         0.36782880E-05     -0.45155657E-20     -0.13307535E-09     -0.16150747E-22
  443.000000000000         0.36782536E-05     -0.45447518E-20     -0.34408896E-10     -0.29186180E-22
  444.000000000000         0.36782076E-05     -0.45945470E-20     -0.45925524E-10     -0.49795194E-22
  445.000000000000         0.36780614E-05     -0.45861737E-20     -0.14618850E-09      0.83733517E-23
  446.000000000000         0.36777789E-05     -0.45341656E-20     -0.28257839E-09      0.52008098E-22
  447.000000000000         0.36773852E-05     -0.45031182E-20     -0.39369882E-09      0.31047348E-22
  448.000000000000         0.36769652E-05     -0.44830012E-20     -0.41997352E-09      0.20117047E-22
  449.000000000000         0.36766375E-05     -0.44398633E-20     -0.32766359E-09      0.43137903E-22
  450.000000000000         0.36764919E-05     -0.45008800E-20     -0.14560624E-09     -0.61016742E-22
  451.000000000000         0.36765206E-05     -0.44676192E-20      0.28691429E-10      0.33260858E-22
  452.000000000000         0.36766067E-05     -0.45139539E-20      0.86071497E-10     -0.46334707E-22
  453.000000000000         0.36765985E-05     -0.44672359E-20     -0.81645199E-11      0.46717983E-22
  454.000000000000         0.36764204E-05     -0.44834126E-20     -0.17815143E-09     -0.16176720E-22
  455.000000000000         0.36761273E-05     -0.44807667E-20     -0.29303373E-09      0.26459378E-23
  456.000000000000         0.36758593E-05     -0.44854439E-20     -0.26800202E-09     -0.46771907E-23
  457.000000000000         0.36757385E-05     -0.45122803E-20     -0.12083368E-09     -0.26836451E-22
  458.000000000000         0.36757966E-05     -0.45521915E-20      0.58064213E-10     -0.39911228E-22
  459.000000000000         0.36759771E-05     -0.45181795E-20      0.18058160E-09      0.34012001E-22
  460.000000000000         0.36761874E-05     -0.44747511E-20      0.21028848E-09      0.43428451E-22
  461.000000000000         0.36763483E-05     -0.44298260E-20      0.16089255E-09      0.44925113E-22
  462.000000000000         0.36764214E-05     -0.43512137E-20      0.73102639E-10      0.78612265E-22
  463.000000000000         0.36764221E-05     -0.44125893E-20      0.69493074E-12     -0.61375615E-22
  464.000000000000         0.36764216E-05     -0.44235106E-20     -0.56064241E-12     -0.10921284E-22
  465.000000000000         0.36765207E-05     -0.44693758E-20      0.99163314E-10     -0.45865214E-22
  466.000000000000         0.36767913E-05     -0.44406584E-20      0.27056742E-09      0.28717448E-22
  467.000000000000         0.36772187E-05     -0.44233773E-20      0.42737679E-09      0.17281057E-22
  468.000000000000         0.36777004E-05     -0.44537814E-20      0.48174334E-09     -0.30404087E-22
  469.000000000000         0.36781143E-05     -0.43967866E-20      0.41388196E-09      0.56994762E-22
  470.000000000000         0.36784060E-05     -0.44012550E-20      0.29172469E-09     -0.44683513E-23
  471.000000000000         0.36786246E-05     -0.44886123E-20      0.21854734E-09     -0.87357313E-22
  472.000000000000         0.36788794E-05     -0.45356540E-20      0.25481400E-09     -0.47041713E-22
  473.000000000000         0.36792609E-05     -0.45640292E-20      0.38153302E-09     -0.28375229E-22
  474.000000000000         0.36797883E-05     -0.45573439E-20      0.52734623E-09      0.66853764E-23
  475.000000000000         0.36804122E-05     -0.46130338E-20      0.62390463E-09     -0.55689897E-22
  476.000000000000         0.36810537E-05     -0.45569034E-20      0.64155534E-09      0.56130390E-22
  477.000000000000         0.36816446E-05     -0.45933576E-20      0.59092490E-09     -0.36454184E-22
  478.000000000000         0.36821533E-05     -0.46398581E-20      0.50866741E-09     -0.46500513E-22
  479.000000000000         0.36825973E-05     -0.46420365E-20      0.44397576E-09     -0.21784233E-23
  480.000000000000         0.36830400E-05     -0.46739294E-20      0.44272508E-09     -0.31892914E-22
  481.000000000000         0.36835630E-05     -0.46006322E-20      0.52298555E-09      0.73297248E-22
  482.000000000000         0.36842176E-05     -0.46004063E-20      0.65461238E-09      0.22587088E-24
  483.000000000000         0.36849854E-05     -0.46358136E-20      0.76778211E-09     -0.35407311E-22
  484.000000000000         0.36857815E-05     -0.46230556E-20      0.79605571E-09      0.12757995E-22
  485.000000000000         0.36865061E-05     -0.46348676E-20      0.72462411E-09     -0.11811991E-22
  486.000000000000         0.36871094E-05     -0.46528195E-20      0.60329404E-09     -0.17951869E-22
  487.000000000000         0.36876214E-05     -0.46558734E-20      0.51204576E-09     -0.30538980E-23
  488.000000000000         0.36881284E-05     -0.46266642E-20      0.50693646E-09      0.29209144E-22
  489.000000000000         0.36887157E-05     -0.46451282E-20      0.58736088E-09     -0.18463961E-22
  490.000000000000         0.36894194E-05     -0.46532870E-20      0.70368659E-09     -0.81587727E-23
  491.000000000000         0.36902114E-05     -0.46642670E-20      0.79195668E-09     -0.10980071E-22
  492.000000000000         0.36910197E-05     -0.46797747E-20      0.80832279E-09     -0.15507696E-22
  493.000000000000         0.36917659E-05     -0.47050790E-20      0.74618824E-09     -0.25304261E-22
  494.000000000000         0.36924014E-05     -0.47301282E-20      0.63552967E-09     -0.25049224E-22
  495.000000000000         0.36929310E-05     -0.47326753E-20      0.52961962E-09     -0.25470691E-23
  496.000000000000         0.36934132E-05     -0.47500241E-20      0.48213282E-09     -0.17348771E-22
  497.000000000000         0.36939328E-05     -0.46967688E-20      0.51964665E-09      0.53255241E-22
  498.000000000000         0.36945555E-05     -0.47147084E-20      0.62270993E-09     -0.17939613E-22
  499.000000000000         0.36952867E-05     -0.47132960E-20      0.73115674E-09      0.14123753E-23
  500.000000000000         0.36960631E-05     -0.47271306E-20      0.77639580E-09     -0.13834503E-22
