
    0.000000000000         0.36700407E-05      0.18502274E-20      0.36700474E-05      0.18405916E-20
    1.000000000000         0.23390493E-05      0.27064003E-05      0.23390791E-05      0.27064270E-05
    2.000000000000        -0.43965856E-06      0.32897247E-05     -0.43966918E-06      0.32898545E-05
    3.000000000000        -0.24050570E-05      0.17036575E-05     -0.24052639E-05      0.17038088E-05
    4.000000000000        -0.24890424E-05     -0.43322490E-06     -0.24894288E-05     -0.43329332E-06
    5.000000000000        -0.12749133E-05     -0.16836321E-05     -0.12752213E-05     -0.16840476E-05
    6.000000000000         0.10760849E-06     -0.17341423E-05      0.10765342E-06     -0.17347586E-05
    7.000000000000         0.94526813E-06     -0.10558463E-05      0.94573209E-06     -0.10563571E-05
    8.000000000000         0.11284833E-05     -0.25043866E-06      0.11292030E-05     -0.25059692E-06
    9.000000000000         0.89889673E-06      0.33274143E-06      0.89962236E-06      0.33300758E-06
   10.000000000000         0.52238504E-06      0.64156743E-06      0.52290758E-06      0.64220105E-06
   11.000000000000         0.12126782E-06      0.74438323E-06      0.12141937E-06      0.74527290E-06
   12.000000000000        -0.26719547E-06      0.66617878E-06     -0.26756898E-06      0.66712647E-06
   13.000000000000        -0.56755645E-06      0.39899601E-06     -0.56849758E-06      0.39966226E-06
   14.000000000000        -0.66552562E-06      0.61659528E-08     -0.66680813E-06      0.61778958E-08
   15.000000000000        -0.51462872E-06     -0.35714039E-06     -0.51576667E-06     -0.35793465E-06
   16.000000000000        -0.19809588E-06     -0.54185008E-06     -0.19859069E-06     -0.54322144E-06
   17.000000000000         0.12786611E-06     -0.50591020E-06      0.12823806E-06     -0.50735596E-06
   18.000000000000         0.34177566E-06     -0.31960679E-06      0.34287742E-06     -0.32063100E-06
   19.000000000000         0.41336784E-06     -0.89486196E-07      0.41485065E-06     -0.89805788E-07
   20.000000000000         0.37599665E-06      0.11597221E-06      0.37749143E-06      0.11643126E-06
   21.000000000000         0.26393104E-06      0.27591695E-06      0.26508962E-06      0.27712137E-06
   22.000000000000         0.88151729E-07      0.37347494E-06      0.88580631E-07      0.37526468E-06
   23.000000000000        -0.12880501E-06      0.36857547E-06     -0.12947339E-06      0.37050653E-06
   24.000000000000        -0.31679309E-06      0.23272172E-06     -0.31859443E-06      0.23404975E-06
   25.000000000000        -0.38588363E-06      0.49167344E-08     -0.38826736E-06      0.49471884E-08
   26.000000000000        -0.30062323E-06     -0.21071921E-06     -0.30263148E-06     -0.21213138E-06
   27.000000000000        -0.11612528E-06     -0.31818472E-06     -0.11695842E-06     -0.32048507E-06
   28.000000000000         0.68786397E-07     -0.29820108E-06      0.69327793E-07     -0.30052045E-06
   29.000000000000         0.19016023E-06     -0.20138556E-06      0.19175377E-06     -0.20306642E-06
   30.000000000000         0.24626908E-06     -0.83211460E-07      0.24847598E-06     -0.83954997E-07
   31.000000000000         0.25614999E-06      0.40191505E-07      0.25860129E-06      0.40575133E-07
   32.000000000000         0.21207034E-06      0.16947935E-06      0.21423448E-06      0.17120379E-06
   33.000000000000         0.91261709E-07      0.27254406E-06      0.92255979E-07      0.27549449E-06
   34.000000000000        -0.86850350E-07      0.28494329E-06     -0.87842530E-07      0.28821917E-06
   35.000000000000        -0.23961604E-06      0.17499245E-06     -0.24253028E-06      0.17712533E-06
   36.000000000000        -0.28178090E-06     -0.42707660E-08     -0.28540985E-06     -0.43258626E-08
   37.000000000000        -0.20551643E-06     -0.15179547E-06     -0.20831220E-06     -0.15386507E-06
   38.000000000000        -0.81096639E-07     -0.20953369E-06     -0.82257225E-07     -0.21254851E-06
   39.000000000000         0.23557293E-07     -0.19899519E-06      0.23920733E-07     -0.20201259E-06
   40.000000000000         0.10150483E-06     -0.16468751E-06      0.10313098E-06     -0.16731577E-06
   41.000000000000         0.17448531E-06     -0.10823828E-06      0.17741870E-06     -0.11005409E-06
   42.000000000000         0.22625614E-06     -0.27650524E-08      0.23024763E-06     -0.28137562E-08
   43.000000000000         0.20171807E-06      0.13830582E-06      0.20545064E-06      0.14086077E-06
   44.000000000000         0.78327065E-07      0.23993261E-06      0.79849146E-07      0.24457617E-06
   45.000000000000        -0.84824999E-07      0.23117990E-06     -0.86536998E-07      0.23586251E-06
   46.000000000000        -0.19122433E-06      0.12162929E-06     -0.19526800E-06      0.12420520E-06
   47.000000000000        -0.19793680E-06     -0.74754642E-08     -0.20230959E-06     -0.76408424E-08
   48.000000000000        -0.14460046E-06     -0.89246865E-07     -0.14793299E-06     -0.91307467E-07
   49.000000000000        -0.87982087E-07     -0.12806802E-06     -0.90094275E-07     -0.13115143E-06
   50.000000000000        -0.31624118E-07     -0.15943125E-06     -0.32411341E-07     -0.16343069E-06
   51.000000000000         0.55471318E-07     -0.17576694E-06      0.56926118E-07     -0.18035738E-06
   52.000000000000         0.16287300E-06     -0.12755066E-06      0.16730424E-06     -0.13101614E-06
   53.000000000000         0.22025916E-06     -0.11006620E-08      0.22648627E-06     -0.11317495E-08
   54.000000000000         0.17148230E-06      0.13763989E-06      0.17651981E-06      0.14167839E-06
   55.000000000000         0.45183843E-07      0.20050814E-06      0.46566163E-07      0.20661561E-06
   56.000000000000        -0.71988579E-07      0.16582940E-06     -0.74257491E-07      0.17106979E-06
   57.000000000000        -0.12519689E-06      0.88258788E-07     -0.12929291E-06      0.91150545E-07
   58.000000000000        -0.13220618E-06      0.24429896E-07     -0.13668864E-06      0.25259298E-07
   59.000000000000        -0.13269812E-06     -0.26128643E-07     -0.13735763E-06     -0.27047289E-07
   60.000000000000        -0.12189925E-06     -0.93037013E-07     -0.12632915E-06     -0.96422579E-07
   61.000000000000        -0.59666904E-07     -0.16582487E-06     -0.61907006E-07     -0.17206701E-06
   62.000000000000         0.57882178E-07     -0.18422210E-06      0.60140842E-07     -0.19139191E-06
   63.000000000000         0.16546333E-06     -0.10883039E-06      0.17212395E-06     -0.11320740E-06
   64.000000000000         0.18834133E-06      0.19738468E-07      0.19617110E-06      0.20558422E-07
   65.000000000000         0.12274737E-06      0.11640499E-06      0.12801744E-06      0.12139717E-06
   66.000000000000         0.33017832E-07      0.13959988E-06      0.34484906E-07      0.14577786E-06
   67.000000000000        -0.27721453E-07      0.11941361E-06     -0.28980993E-07      0.12486447E-06
   68.000000000000        -0.66653207E-07      0.97567970E-07     -0.69784217E-07      0.10215975E-06
   69.000000000000        -0.11236843E-06      0.68568019E-07     -0.11781261E-06      0.71893660E-07
   70.000000000000        -0.15241266E-06      0.56173346E-09     -0.16002200E-06      0.58979996E-09
   71.000000000000        -0.13750934E-06     -0.99758693E-07     -0.14457848E-06     -0.10489134E-06
   72.000000000000        -0.47268383E-07     -0.17163040E-06     -0.49765982E-07     -0.18072015E-06
   73.000000000000         0.70509331E-07     -0.15964741E-06      0.74357571E-07     -0.16834752E-06
   74.000000000000         0.14128037E-06     -0.75340877E-07      0.14920555E-06     -0.79564081E-07
   75.000000000000         0.13766875E-06      0.16357597E-07      0.14560943E-06      0.17300413E-07
   76.000000000000         0.95637558E-07      0.68742947E-07      0.10130939E-06      0.72815656E-07
   77.000000000000         0.56935233E-07      0.92144427E-07      0.60407048E-07      0.97753974E-07
   78.000000000000         0.18151714E-07      0.11452440E-06      0.19292539E-07      0.12168616E-06
   79.000000000000        -0.45934676E-07      0.12567206E-06     -0.48878757E-07      0.13374232E-06
   80.000000000000        -0.12365680E-06      0.86903776E-07     -0.13180305E-06      0.92632805E-07
   81.000000000000        -0.16092281E-06     -0.77947746E-08     -0.17180454E-06     -0.83221383E-08
   82.000000000000        -0.12045743E-06     -0.10680005E-06     -0.12881316E-06     -0.11421343E-06
   83.000000000000        -0.27354364E-07     -0.14862131E-06     -0.29296262E-07     -0.15920266E-06
   84.000000000000         0.56913251E-07     -0.12179797E-06      0.61073858E-07     -0.13068989E-06
   85.000000000000         0.96501174E-07     -0.65233324E-07      0.10372894E-06     -0.70115387E-07
   86.000000000000         0.10387806E-06     -0.16013763E-07      0.11185116E-06     -0.17242028E-07
   87.000000000000         0.10324819E-06      0.26551049E-07      0.11136777E-06      0.28637623E-07
   88.000000000000         0.89070810E-07      0.78978393E-07      0.96246608E-07      0.85336173E-07
   89.000000000000         0.36463113E-07      0.12932993E-06      0.39474684E-07      0.13999185E-06
   90.000000000000        -0.51353051E-07      0.13613531E-06     -0.55682001E-07      0.14762593E-06
   91.000000000000        -0.12691832E-06      0.77253981E-07     -0.13787838E-06      0.83928633E-07
   92.000000000000        -0.14195040E-06     -0.16094359E-07     -0.15449595E-06     -0.17517402E-07
   93.000000000000        -0.96307095E-07     -0.87782933E-07     -0.10501410E-06     -0.95724296E-07
   94.000000000000        -0.30685520E-07     -0.11119600E-06     -0.33519676E-07     -0.12148612E-06
   95.000000000000         0.21955868E-07     -0.10178605E-06      0.24039307E-07     -0.11141933E-06
   96.000000000000         0.61413322E-07     -0.81294914E-07      0.67361897E-07     -0.89162008E-07
   97.000000000000         0.97508835E-07     -0.48162733E-07      0.10716084E-06     -0.52927473E-07
   98.000000000000         0.11949953E-06      0.94540864E-08      0.13158827E-06      0.10410045E-07
   99.000000000000         0.10102022E-06      0.81487792E-07      0.11146408E-06      0.89907932E-07
  100.000000000000         0.34243820E-07      0.13043772E-06      0.37864449E-07      0.14420840E-06
  101.000000000000        -0.50519113E-07      0.12353489E-06     -0.55961911E-07      0.13685742E-06
  102.000000000000        -0.10720121E-06      0.66142856E-07     -0.11900347E-06      0.73428140E-07
  103.000000000000        -0.11463618E-06     -0.41274004E-08     -0.12752442E-06     -0.45916266E-08
  104.000000000000        -0.87875126E-07     -0.55415420E-07     -0.97960746E-07     -0.61778948E-07
  105.000000000000        -0.50326164E-07     -0.84353417E-07     -0.56220136E-07     -0.94241467E-07
  106.000000000000        -0.74462979E-08     -0.99683869E-07     -0.83318408E-08     -0.11161005E-06
  107.000000000000         0.45010749E-07     -0.97045179E-07      0.50511357E-07     -0.10889327E-06
  108.000000000000         0.96801783E-07     -0.62223161E-07      0.10886540E-06     -0.69974113E-07
  109.000000000000         0.12082398E-06      0.40997907E-08      0.13618311E-06      0.46207761E-08
  110.000000000000         0.96986923E-07      0.75056761E-07      0.10956325E-06      0.84785314E-07
  111.000000000000         0.33835198E-07      0.11493214E-06      0.38313028E-07      0.13012465E-06
  112.000000000000        -0.35840260E-07      0.10716014E-06     -0.40665874E-07      0.12160412E-06
  113.000000000000        -0.81147793E-07      0.64984957E-07     -0.92294069E-07      0.73915337E-07
  114.000000000000        -0.94599176E-07      0.14704374E-07     -0.10784611E-06      0.16764272E-07
  115.000000000000        -0.87087554E-07     -0.29089620E-07     -0.99517106E-07     -0.33243170E-07
  116.000000000000        -0.65636267E-07     -0.67206236E-07     -0.75182065E-07     -0.76985683E-07
  117.000000000000        -0.25354616E-07     -0.97177609E-07     -0.29108909E-07     -0.11158670E-06
  118.000000000000         0.33598744E-07     -0.10232310E-06      0.38679692E-07     -0.11778109E-06
  119.000000000000         0.90199593E-07     -0.67426925E-07      0.10408629E-06     -0.77803799E-07
  120.000000000000         0.11343906E-06     -0.13486318E-08      0.13122680E-06     -0.15600419E-08
  121.000000000000         0.89544148E-07      0.63511846E-07      0.10384531E-06      0.73651733E-07
  122.000000000000         0.34727756E-07      0.96280218E-07      0.40378974E-07      0.11193363E-06
  123.000000000000        -0.20157479E-07      0.90882471E-07     -0.23489333E-07      0.10592755E-06
  124.000000000000        -0.56333050E-07      0.63998911E-07     -0.65822402E-07      0.74785366E-07
  125.000000000000        -0.76331963E-07      0.31669546E-07     -0.89423382E-07      0.37103182E-07
  126.000000000000        -0.86552495E-07     -0.64106705E-08     -0.10166292E-06     -0.75302271E-08
  127.000000000000        -0.78277441E-07     -0.54154590E-07     -0.92185547E-07     -0.63780111E-07
  128.000000000000        -0.37121092E-07     -0.96482448E-07     -0.43830491E-07     -0.11393412E-06
  129.000000000000         0.29098626E-07     -0.10375150E-06      0.34459332E-07     -0.12284726E-06
  130.000000000000         0.85275663E-07     -0.63842319E-07      0.10124963E-06     -0.75797606E-07
  131.000000000000         0.99786676E-07     -0.18835370E-09      0.11880195E-06     -0.22423681E-09
  132.000000000000         0.74094020E-07      0.50097499E-07      0.88457877E-07      0.59806027E-07
  133.000000000000         0.34789771E-07      0.71110025E-07      0.41652267E-07      0.85126760E-07
  134.000000000000         0.91480454E-09      0.73795096E-07      0.11031512E-08      0.88588920E-07
  135.000000000000        -0.31022032E-07      0.69883491E-07     -0.37341487E-07      0.84130491E-07
  136.000000000000        -0.67753723E-07      0.51694454E-07     -0.81794307E-07      0.62410840E-07
  137.000000000000        -0.94898732E-07      0.60739657E-08     -0.11489616E-06      0.73542095E-08
  138.000000000000        -0.84906238E-07     -0.55917022E-07     -0.10309571E-06     -0.67899359E-07
  139.000000000000        -0.31897049E-07     -0.97274993E-07     -0.38840597E-07     -0.11846532E-06
  140.000000000000         0.32970192E-07     -0.90825390E-07      0.40275679E-07     -0.11093692E-06
  141.000000000000         0.70929293E-07     -0.48521412E-07      0.86897656E-07     -0.59441748E-07
  142.000000000000         0.74007548E-07     -0.46486671E-08      0.90940449E-07     -0.57119761E-08
  143.000000000000         0.62598297E-07      0.24214871E-07      0.77153919E-07      0.29843546E-07
  144.000000000000         0.49591054E-07      0.48250937E-07      0.61309340E-07      0.59647866E-07
  145.000000000000         0.24035621E-07      0.74491945E-07      0.29808905E-07      0.92369792E-07
  146.000000000000        -0.24091531E-07      0.85188286E-07     -0.29961097E-07      0.10596017E-06
  147.000000000000        -0.76230346E-07      0.57344806E-07     -0.95109004E-07      0.71550002E-07
  148.000000000000        -0.96493123E-07     -0.29436954E-08     -0.12076978E-06     -0.36844436E-08
  149.000000000000        -0.70029873E-07     -0.58952386E-07     -0.87925151E-07     -0.74020948E-07
  150.000000000000        -0.19596807E-07     -0.79372740E-07     -0.24679717E-07     -0.99979187E-07
  151.000000000000         0.21189929E-07     -0.67330632E-07      0.26781823E-07     -0.85083765E-07
  152.000000000000         0.43016063E-07     -0.46613717E-07      0.54539204E-07     -0.59095491E-07
  153.000000000000         0.59031014E-07     -0.26595937E-07      0.75087130E-07     -0.33827771E-07
  154.000000000000         0.72817930E-07      0.43184284E-08      0.92928021E-07      0.55107688E-08
  155.000000000000         0.65849460E-07      0.49488235E-07      0.84314460E-07      0.63361836E-07
  156.000000000000         0.24310294E-07      0.85102909E-07      0.31234248E-07      0.10932525E-06
  157.000000000000        -0.34105230E-07      0.82484210E-07     -0.43955426E-07      0.10631834E-06
  158.000000000000        -0.73439326E-07      0.41976106E-07     -0.94976739E-07      0.54289006E-07
  159.000000000000        -0.75820234E-07     -0.74141960E-08     -0.98391579E-07     -0.96218205E-08
  160.000000000000        -0.53923220E-07     -0.40152455E-07     -0.70215841E-07     -0.52287738E-07
  161.000000000000        -0.27983434E-07     -0.55161699E-07     -0.36562845E-07     -0.72082713E-07
  162.000000000000        -0.19273716E-08     -0.62729555E-07     -0.25228347E-08     -0.82258849E-07
  163.000000000000         0.30912594E-07     -0.61188991E-07      0.40683917E-07     -0.80521506E-07
  164.000000000000         0.65129675E-07     -0.37751130E-07      0.86016138E-07     -0.49854918E-07
  165.000000000000         0.79146692E-07      0.83214112E-08      0.10490118E-06      0.11028738E-07
  166.000000000000         0.58211243E-07      0.54623673E-07      0.77432488E-07      0.72656065E-07
  167.000000000000         0.13616543E-07      0.74850098E-07      0.18181893E-07      0.99921028E-07
  168.000000000000        -0.28393792E-07      0.63875370E-07     -0.38038342E-07      0.85582100E-07
  169.000000000000        -0.52343276E-07      0.36685160E-07     -0.70384856E-07      0.49332872E-07
  170.000000000000        -0.60318710E-07      0.70929696E-08     -0.81410831E-07      0.95737500E-08
  171.000000000000        -0.57000749E-07     -0.22411419E-07     -0.77219869E-07     -0.30362876E-07
  172.000000000000        -0.39627236E-07     -0.50361358E-07     -0.53884360E-07     -0.68486058E-07
  173.000000000000        -0.62705284E-08     -0.66747876E-07     -0.85551379E-08     -0.91113984E-07
  174.000000000000         0.33279535E-07     -0.59966101E-07      0.45605941E-07     -0.82168990E-07
  175.000000000000         0.61206102E-07     -0.30039174E-07      0.84194913E-07     -0.41319629E-07
  176.000000000000         0.65483669E-07      0.94137697E-08      0.90427514E-07      0.12999004E-07
  177.000000000000         0.47550229E-07      0.41903130E-07      0.65920101E-07      0.58087528E-07
  178.000000000000         0.17391847E-07      0.58336248E-07      0.24208182E-07      0.81185176E-07
  179.000000000000        -0.15112139E-07      0.57358934E-07     -0.21110013E-07      0.80140686E-07
  180.000000000000        -0.42395631E-07      0.40532541E-07     -0.59465785E-07      0.56856684E-07
  181.000000000000        -0.57075333E-07      0.11716276E-07     -0.80378621E-07      0.16500801E-07
  182.000000000000        -0.53812049E-07     -0.20494888E-07     -0.76088705E-07     -0.28980828E-07
  183.000000000000        -0.34008177E-07     -0.45251991E-07     -0.48280518E-07     -0.64248779E-07
  184.000000000000        -0.50486588E-08     -0.55666545E-07     -0.71931484E-08     -0.79358885E-07
  185.000000000000         0.25028378E-07     -0.50100059E-07      0.35832081E-07     -0.71717618E-07
  186.000000000000         0.48784526E-07     -0.29152021E-07      0.70128515E-07     -0.41903942E-07
  187.000000000000         0.57454919E-07      0.31054400E-08      0.82936661E-07      0.44824999E-08
  188.000000000000         0.44940868E-07      0.35247952E-07      0.65146346E-07      0.51092166E-07
  189.000000000000         0.15845473E-07      0.52672269E-07      0.23069632E-07      0.76672246E-07
  190.000000000000        -0.15304786E-07      0.49114448E-07     -0.22369183E-07      0.71798212E-07
  191.000000000000        -0.35891211E-07      0.31125228E-07     -0.52688849E-07      0.45695942E-07
  192.000000000000        -0.43881501E-07      0.91869417E-08     -0.64698153E-07      0.13545947E-07
  193.000000000000        -0.43003126E-07     -0.12491395E-07     -0.63678972E-07     -0.18498449E-07
  194.000000000000        -0.32852957E-07     -0.34025520E-07     -0.48860809E-07     -0.50609005E-07
  195.000000000000        -0.94936417E-08     -0.49939477E-07     -0.14178842E-07     -0.74606802E-07
  196.000000000000         0.23036939E-07     -0.48191261E-07      0.34572847E-07     -0.72314757E-07
  197.000000000000         0.47972010E-07     -0.23782732E-07      0.72311652E-07     -0.35847384E-07
  198.000000000000         0.49537588E-07      0.10363523E-07      0.75007426E-07      0.15691090E-07
  199.000000000000         0.30157381E-07      0.33542284E-07      0.45871287E-07      0.51015404E-07
  200.000000000000         0.69418165E-08      0.38219460E-07      0.10610215E-07      0.58394139E-07
  201.000000000000        -0.91973153E-08      0.33664449E-07     -0.14112706E-07      0.51670818E-07
  202.000000000000        -0.22489320E-07      0.27841554E-07     -0.34673834E-07      0.42930858E-07
  203.000000000000        -0.37461879E-07      0.15408090E-07     -0.58029795E-07      0.23869338E-07
  204.000000000000        -0.44695779E-07     -0.99473796E-08     -0.69560363E-07     -0.15482071E-07
  205.000000000000        -0.30685184E-07     -0.38293646E-07     -0.47979424E-07     -0.59881020E-07
  206.000000000000         0.13727231E-08     -0.49071154E-07      0.21607379E-08     -0.77098205E-07
  207.000000000000         0.30286894E-07     -0.34168148E-07      0.47816498E-07     -0.53939687E-07
  208.000000000000         0.38827465E-07     -0.75853127E-08      0.61593719E-07     -0.12032143E-07
  209.000000000000         0.30641424E-07      0.11521983E-07      0.48843819E-07      0.18365081E-07
  210.000000000000         0.20520822E-07      0.19815566E-07      0.32871691E-07      0.31738170E-07
  211.000000000000         0.12674946E-07      0.27044129E-07      0.20404614E-07      0.43528321E-07
  212.000000000000        -0.19436512E-08      0.35269435E-07     -0.31398961E-08      0.57047253E-07
  213.000000000000        -0.25911881E-07      0.31889350E-07     -0.42115917E-07      0.51836190E-07
  214.000000000000        -0.43740077E-07      0.83562092E-08     -0.71451033E-07      0.13650917E-07
  215.000000000000        -0.38259119E-07     -0.22696834E-07     -0.62811608E-07     -0.37264639E-07
  216.000000000000        -0.13045717E-07     -0.38802862E-07     -0.21523612E-07     -0.64030751E-07
  217.000000000000         0.11322657E-07     -0.33022221E-07      0.18783182E-07     -0.54769459E-07
  218.000000000000         0.21808903E-07     -0.18455087E-07      0.36360779E-07     -0.30765913E-07
  219.000000000000         0.23991822E-07     -0.77751314E-08      0.40206283E-07     -0.13028587E-07
  220.000000000000         0.26970809E-07      0.16024625E-08      0.45432855E-07      0.26991539E-08
  221.000000000000         0.26881798E-07      0.17280879E-07      0.45519639E-07      0.29259727E-07
  222.000000000000         0.13132794E-07      0.34318860E-07      0.22357019E-07      0.58413935E-07
  223.000000000000        -0.12768049E-07      0.37266686E-07     -0.21843756E-07      0.63767316E-07
  224.000000000000        -0.33796083E-07      0.19680455E-07     -0.58133199E-07      0.33854853E-07
  225.000000000000        -0.35490626E-07     -0.60333680E-08     -0.61375672E-07     -0.10434431E-07
  226.000000000000        -0.21506928E-07     -0.22367699E-07     -0.37392305E-07     -0.38892716E-07
  227.000000000000        -0.61923750E-08     -0.25392192E-07     -0.10822030E-07     -0.44391526E-07
  228.000000000000         0.40731457E-08     -0.23611986E-07      0.71634330E-08     -0.41504987E-07
  229.000000000000         0.14311689E-07     -0.21357807E-07      0.25299075E-07     -0.37749169E-07
  230.000000000000         0.26662926E-07     -0.12629288E-07      0.47390379E-07     -0.22445418E-07
  231.000000000000         0.32199543E-07      0.63055011E-08      0.57549217E-07      0.11268907E-07
  232.000000000000         0.21938613E-07      0.26246373E-07      0.39431205E-07      0.47169379E-07
  233.000000000000         0.36240845E-09      0.33331931E-07      0.65860570E-09      0.60241451E-07
  234.000000000000        -0.18406456E-07      0.24498451E-07     -0.33451678E-07      0.44527995E-07
  235.000000000000        -0.25735862E-07      0.89130639E-08     -0.47040859E-07      0.16292836E-07
  236.000000000000        -0.24227993E-07     -0.44372276E-08     -0.44539266E-07     -0.81577842E-08
  237.000000000000        -0.19109234E-07     -0.14613626E-07     -0.35331865E-07     -0.27022472E-07
  238.000000000000        -0.10193275E-07     -0.23280554E-07     -0.18954920E-07     -0.43299495E-07
  239.000000000000         0.44313866E-08     -0.27075141E-07      0.82937852E-08     -0.50652237E-07
  240.000000000000         0.20501732E-07     -0.20293184E-07      0.38584469E-07     -0.38188493E-07
  241.000000000000         0.28730303E-07     -0.37727489E-08      0.54390256E-07     -0.71418509E-08
  242.000000000000         0.24279808E-07      0.13564941E-07      0.46239992E-07      0.25831973E-07
  243.000000000000         0.11457805E-07      0.23250405E-07      0.21953972E-07      0.44542367E-07
  244.000000000000        -0.23139589E-08      0.24157333E-07     -0.44563569E-08      0.46559818E-07
  245.000000000000        -0.13748844E-07      0.19346873E-07     -0.26656812E-07      0.37515360E-07
  246.000000000000        -0.22354345E-07      0.98475898E-08     -0.43609256E-07      0.19212371E-07
  247.000000000000        -0.25229877E-07     -0.42984838E-08     -0.49522833E-07     -0.84379259E-08
  248.000000000000        -0.18479228E-07     -0.18709479E-07     -0.36496384E-07     -0.36954584E-07
  249.000000000000        -0.37101539E-08     -0.25737986E-07     -0.73705742E-08     -0.51154561E-07
  250.000000000000         0.11354574E-07     -0.22019828E-07      0.22712537E-07     -0.44039656E-07
  251.000000000000         0.20188100E-07     -0.11484100E-07      0.40634869E-07     -0.23113424E-07
  252.000000000000         0.22271239E-07      0.32749940E-09      0.45112685E-07      0.66333429E-09
  253.000000000000         0.19411008E-07      0.11478631E-07      0.39571156E-07      0.23398283E-07
  254.000000000000         0.11094394E-07      0.21122107E-07      0.22764102E-07      0.43333181E-07
  255.000000000000        -0.30454772E-08      0.25179958E-07     -0.62851595E-08      0.51993058E-07
  256.000000000000        -0.18104697E-07      0.18976749E-07     -0.37624277E-07      0.39439999E-07
  257.000000000000        -0.25663692E-07      0.40045849E-08     -0.53684647E-07      0.83775134E-08
  258.000000000000        -0.21766669E-07     -0.11435427E-07     -0.45833074E-07     -0.24080775E-07
  259.000000000000        -0.10700776E-07     -0.19852344E-07     -0.22680328E-07     -0.42083167E-07
  260.000000000000         0.63150231E-09     -0.20834362E-07      0.13508759E-08     -0.44460416E-07
  261.000000000000         0.99830832E-08     -0.17995644E-07      0.21450559E-07     -0.38661233E-07
  262.000000000000         0.18663145E-07     -0.11837836E-07      0.40370235E-07     -0.25604367E-07
  263.000000000000         0.24552494E-07      0.17514727E-09      0.53470640E-07      0.38141438E-09
  264.000000000000         0.21295661E-07      0.16044572E-07      0.46696592E-07      0.35179726E-07
  265.000000000000         0.68493803E-08      0.26621289E-07      0.15125038E-07      0.58773668E-07
  266.000000000000        -0.10916436E-07      0.24319764E-07     -0.24265328E-07      0.54065649E-07
  267.000000000000        -0.21317865E-07      0.11949775E-07     -0.47720439E-07      0.26751566E-07
  268.000000000000        -0.21744297E-07     -0.11542460E-08     -0.49017773E-07     -0.26021627E-08
  269.000000000000        -0.17401831E-07     -0.10140983E-07     -0.39505949E-07     -0.23024067E-07
  270.000000000000        -0.11644348E-07     -0.17090623E-07     -0.26622674E-07     -0.39079163E-07
  271.000000000000        -0.20675312E-08     -0.22937370E-07     -0.47584023E-08     -0.52824571E-07
  272.000000000000         0.12439719E-07     -0.22598266E-07      0.28858528E-07     -0.52419418E-07
  273.000000000000         0.25360802E-07     -0.11278472E-07      0.59258034E-07     -0.26351901E-07
  274.000000000000         0.27340247E-07      0.70657550E-08      0.64350134E-07      0.16629719E-07
  275.000000000000         0.16501124E-07      0.21493502E-07      0.39125378E-07      0.50958702E-07
  276.000000000000         0.79842429E-09      0.24695616E-07      0.19100346E-08      0.58984267E-07
  277.000000000000        -0.10843563E-07      0.19202505E-07     -0.26089370E-07      0.46206154E-07
  278.000000000000        -0.17064690E-07      0.11574147E-07     -0.41367092E-07      0.28059322E-07
  279.000000000000        -0.21224647E-07      0.32587577E-08     -0.51840668E-07      0.79598941E-08
  280.000000000000        -0.22463622E-07     -0.85721822E-08     -0.55284011E-07     -0.21097674E-07
  281.000000000000        -0.15197940E-07     -0.22030435E-07     -0.37687972E-07     -0.54635551E-07
  282.000000000000         0.13851647E-08     -0.28334669E-07      0.34646131E-08     -0.70811002E-07
  283.000000000000         0.18530243E-07     -0.21390999E-07      0.46670544E-07     -0.53872288E-07
  284.000000000000         0.26087787E-07     -0.56513869E-08      0.66216184E-07     -0.14343751E-07
  285.000000000000         0.22555737E-07      0.89551126E-08      0.57700792E-07      0.22907297E-07
  286.000000000000         0.13827211E-07      0.17336224E-07      0.35652484E-07      0.44696585E-07
  287.000000000000         0.43835641E-08      0.21073587E-07      0.11394531E-07      0.54764287E-07
  288.000000000000        -0.61624846E-08      0.21744560E-07     -0.16139827E-07      0.56960134E-07
  289.000000000000        -0.17983278E-07      0.16851182E-07     -0.47483960E-07      0.44497397E-07
  290.000000000000        -0.26262741E-07      0.40199106E-08     -0.69909004E-07      0.10701069E-07
  291.000000000000        -0.24380934E-07     -0.12831765E-07     -0.65429199E-07     -0.34437094E-07
  292.000000000000        -0.11649231E-07     -0.24592867E-07     -0.31517430E-07     -0.66542880E-07
  293.000000000000         0.46082012E-08     -0.25251908E-07      0.12574663E-07     -0.68890947E-07
  294.000000000000         0.16142924E-07     -0.17182185E-07      0.44409554E-07     -0.47265611E-07
  295.000000000000         0.20989077E-07     -0.65943719E-08      0.58224191E-07     -0.18292068E-07
  296.000000000000         0.21499541E-07      0.38524912E-08      0.60142963E-07      0.10776490E-07
  297.000000000000         0.17783809E-07      0.14631332E-07      0.50171206E-07      0.41275257E-07
  298.000000000000         0.76248985E-08      0.23419395E-07      0.21696480E-07      0.66630955E-07
  299.000000000000        -0.74681952E-08      0.24605527E-07     -0.21427899E-07      0.70607668E-07
  300.000000000000        -0.20543019E-07      0.15679133E-07     -0.59457560E-07      0.45382110E-07
  301.000000000000        -0.25054781E-07      0.92920488E-09     -0.73148506E-07      0.27129536E-08
  302.000000000000        -0.20272670E-07     -0.12457108E-07     -0.59705669E-07     -0.36689466E-07
  303.000000000000        -0.10142514E-07     -0.20146220E-07     -0.30133514E-07     -0.59859938E-07
  304.000000000000         0.12941338E-08     -0.21824505E-07      0.38820711E-08     -0.65423095E-07
  305.000000000000         0.12039031E-07     -0.18373490E-07      0.36414929E-07     -0.55570977E-07
  306.000000000000         0.20460100E-07     -0.98422210E-08      0.62442180E-07     -0.30036209E-07
  307.000000000000         0.23394467E-07      0.29973602E-08      0.72044815E-07      0.92302343E-08
  308.000000000000         0.17941931E-07      0.16046795E-07      0.55758547E-07      0.49866659E-07
  309.000000000000         0.54581800E-08      0.23215000E-07      0.17120262E-07      0.72805718E-07
  310.000000000000        -0.82125165E-08      0.21471236E-07     -0.25991521E-07      0.67960344E-07
  311.000000000000        -0.17603429E-07      0.13087373E-07     -0.56234756E-07      0.41809970E-07
  312.000000000000        -0.21158509E-07      0.21580827E-08     -0.68226393E-07      0.69590775E-08
  313.000000000000        -0.19345476E-07     -0.88841471E-08     -0.62969375E-07     -0.28918996E-07
  314.000000000000        -0.12092585E-07     -0.18124619E-07     -0.39734781E-07     -0.59559102E-07
  315.000000000000        -0.23099661E-09     -0.22292086E-07     -0.76383497E-09     -0.73955404E-07
  316.000000000000         0.12356185E-07     -0.18733829E-07      0.41390266E-07     -0.62750061E-07
  317.000000000000         0.20454306E-07     -0.85049850E-08      0.69180717E-07     -0.28764595E-07
  318.000000000000         0.21187515E-07      0.40333923E-08      0.72361185E-07      0.13774672E-07
  319.000000000000         0.15268370E-07      0.14320458E-07      0.52659793E-07      0.49388191E-07
  320.000000000000         0.54137488E-08      0.19760988E-07      0.18858429E-07      0.68827154E-07
  321.000000000000        -0.55666254E-08      0.19627902E-07     -0.19579611E-07      0.69046208E-07
  322.000000000000        -0.15229673E-07      0.13993353E-07     -0.54110567E-07      0.49720181E-07
  323.000000000000        -0.20819199E-07      0.36342520E-08     -0.74719918E-07      0.13043717E-07
  324.000000000000        -0.19583021E-07     -0.86898686E-08     -0.70999878E-07     -0.31506904E-07
  325.000000000000        -0.11171464E-07     -0.18098997E-07     -0.40918027E-07     -0.66295540E-07
  326.000000000000         0.80768437E-09     -0.20603113E-07      0.29914603E-08     -0.76248503E-07
  327.000000000000         0.11252884E-07     -0.16217086E-07      0.42081088E-07     -0.60641746E-07
  328.000000000000         0.17392617E-07     -0.78821447E-08      0.65722140E-07     -0.29783500E-07
  329.000000000000         0.18942307E-07      0.19356002E-08      0.72334087E-07      0.73911469E-08
  330.000000000000         0.15600460E-07      0.11735299E-07      0.60207113E-07      0.45288497E-07
  331.000000000000         0.69772808E-08      0.18894906E-07      0.27217439E-07      0.73700287E-07
  332.000000000000        -0.48975224E-08      0.19894779E-07     -0.19306949E-07      0.78438209E-07
  333.000000000000        -0.15213904E-07      0.13518321E-07     -0.60633254E-07      0.53877718E-07
  334.000000000000        -0.19587811E-07      0.25852365E-08     -0.78920900E-07      0.10416428E-07
  335.000000000000        -0.17075856E-07     -0.81191198E-08     -0.69559047E-07     -0.33074561E-07
  336.000000000000        -0.99006011E-08     -0.15165056E-07     -0.40777868E-07     -0.62464129E-07
  337.000000000000        -0.90561678E-09     -0.17666586E-07     -0.37697540E-08     -0.73582773E-07
  338.000000000000         0.81334918E-08     -0.15862963E-07      0.34261076E-07     -0.66815987E-07
  339.000000000000         0.15688512E-07     -0.96320994E-08      0.66834499E-07     -0.41032285E-07
  340.000000000000         0.19054126E-07      0.53771556E-09      0.82101378E-07      0.23168746E-08
  341.000000000000         0.15609140E-07      0.11447771E-07      0.68033813E-07      0.49894538E-07
  342.000000000000         0.60960993E-08      0.18041445E-07      0.26880556E-07      0.79546827E-07
  343.000000000000        -0.48741227E-08      0.17500821E-07     -0.21740157E-07      0.78066958E-07
  344.000000000000        -0.12661755E-07      0.11453212E-07     -0.57145514E-07      0.51692989E-07
  345.000000000000        -0.15911092E-07      0.33735986E-08     -0.72665115E-07      0.15407493E-07
  346.000000000000        -0.15373794E-07     -0.47789096E-08     -0.71052639E-07     -0.22087204E-07
  347.000000000000        -0.11164976E-07     -0.12186955E-07     -0.52223435E-07     -0.57005944E-07
  348.000000000000        -0.30526081E-08     -0.16896159E-07     -0.14450638E-07     -0.79995582E-07
  349.000000000000         0.70981738E-08     -0.16113627E-07      0.34020800E-07     -0.77226261E-07
  350.000000000000         0.15021612E-07     -0.91401891E-08      0.72884498E-07     -0.44346735E-07
  351.000000000000         0.17009581E-07      0.10303677E-08      0.83557796E-07      0.50614513E-08
  352.000000000000         0.12848160E-07      0.97261141E-08      0.63908101E-07      0.48377193E-07
  353.000000000000         0.54512087E-08      0.14096655E-07      0.27459133E-07      0.71003290E-07
  354.000000000000        -0.21685739E-08      0.14276610E-07     -0.11060201E-07      0.72826900E-07
  355.000000000000        -0.88053773E-08      0.11356788E-07     -0.45492928E-07      0.58677319E-07
  356.000000000000        -0.13772903E-07      0.54861229E-08     -0.72080991E-07      0.28712605E-07
  357.000000000000        -0.15124043E-07     -0.29640527E-08     -0.80186564E-07     -0.15715571E-07
  358.000000000000        -0.10953909E-07     -0.11250427E-07     -0.58841235E-07     -0.60436023E-07
  359.000000000000        -0.23825743E-08     -0.15273871E-07     -0.12966950E-07     -0.83138980E-07
  360.000000000000         0.64139813E-08     -0.13234365E-07      0.35381968E-07     -0.73001877E-07
  361.000000000000         0.11725106E-07     -0.71057001E-08      0.65551535E-07     -0.39724684E-07
  362.000000000000         0.12861699E-07     -0.12111371E-09      0.72884245E-07     -0.68630547E-09
  363.000000000000         0.10945221E-07      0.60076837E-08      0.62875388E-07      0.34510429E-07
  364.000000000000         0.65816585E-08      0.10770325E-07      0.38332574E-07      0.62724973E-07
  365.000000000000        -0.63607454E-10      0.13023697E-07     -0.37377485E-09      0.76906718E-07
  366.000000000000        -0.74632005E-08      0.11072044E-07     -0.44689589E-07      0.66302019E-07
  367.000000000000        -0.12465599E-07      0.48046841E-08     -0.75704554E-07      0.29179919E-07
  368.000000000000        -0.12567649E-07     -0.31431021E-08     -0.77416861E-07     -0.19361994E-07
  369.000000000000        -0.81382716E-08     -0.91115968E-08     -0.50855006E-07     -0.56939184E-07
  370.000000000000        -0.18683339E-08     -0.11223252E-07     -0.11843638E-07     -0.71156434E-07
  371.000000000000         0.38196792E-08     -0.10050085E-07      0.24574600E-07     -0.64654429E-07
  372.000000000000         0.81198419E-08     -0.67610779E-08      0.53012543E-07     -0.44140041E-07
  373.000000000000         0.10642756E-07     -0.17299792E-08      0.70522182E-07     -0.11463095E-07
  374.000000000000         0.10193113E-07      0.44435691E-08      0.68561405E-07      0.29887800E-07
  375.000000000000         0.59342356E-08      0.95778697E-08      0.40523196E-07      0.65401785E-07
  376.000000000000        -0.69740001E-09      0.11032213E-07     -0.48335727E-08      0.76489274E-07
  377.000000000000        -0.65274421E-08      0.82241337E-08     -0.45955950E-07      0.57903484E-07
  378.000000000000        -0.92864809E-08      0.30924421E-08     -0.66403635E-07      0.22113278E-07
  379.000000000000        -0.89620870E-08     -0.20127789E-08     -0.65095058E-07     -0.14619951E-07
  380.000000000000        -0.65585797E-08     -0.60165707E-08     -0.48395566E-07     -0.44397596E-07
  381.000000000000        -0.26236256E-08     -0.85537367E-08     -0.19669819E-07     -0.64134269E-07
  382.000000000000         0.23905518E-08     -0.88351225E-08      0.18216244E-07     -0.67318583E-07
  383.000000000000         0.70297389E-08     -0.60801605E-08      0.54441205E-07     -0.47085900E-07
  384.000000000000         0.91690224E-08     -0.93104873E-09      0.72181881E-07     -0.73293940E-08
  385.000000000000         0.77400745E-08      0.43394310E-08      0.61949684E-07      0.34730878E-07
  386.000000000000         0.37475160E-08      0.74471590E-08      0.30500328E-07      0.60607941E-07
  387.000000000000        -0.73241851E-09      0.77414940E-08     -0.60605726E-08      0.64075115E-07
  388.000000000000        -0.43168105E-08      0.60109460E-08     -0.36341766E-07      0.50606243E-07
  389.000000000000        -0.66760278E-08      0.30330656E-08     -0.57179027E-07      0.25978370E-07
  390.000000000000        -0.74462813E-08     -0.90805113E-09     -0.64893586E-07     -0.79137562E-08
  391.000000000000        -0.58412620E-08     -0.50055033E-08     -0.51806420E-07     -0.44395310E-07
  392.000000000000        -0.18812573E-08     -0.74695905E-08     -0.16982160E-07     -0.67434036E-07
  393.000000000000         0.27249507E-08     -0.69279986E-08      0.25045903E-07     -0.63673769E-07
  394.000000000000         0.57806123E-08     -0.38969286E-08      0.54098772E-07     -0.36469047E-07
  395.000000000000         0.64480247E-08     -0.17666542E-09      0.61456553E-07     -0.16837707E-08
  396.000000000000         0.53361627E-08      0.29216356E-08      0.51806408E-07      0.28364073E-07
  397.000000000000         0.31422848E-08      0.50936396E-08      0.31081507E-07      0.50380807E-07
  398.000000000000         0.74433860E-10      0.60991207E-08      0.75160693E-09      0.61472842E-07
  399.000000000000        -0.33623107E-08      0.52834391E-08     -0.34538396E-07      0.54274814E-07
  400.000000000000        -0.58317765E-08      0.24246463E-08     -0.61069793E-07      0.25391225E-07
  401.000000000000        -0.60094697E-08     -0.14039930E-08     -0.64166109E-07     -0.14991450E-07
  402.000000000000        -0.38639321E-08     -0.43600506E-08     -0.42075505E-07     -0.47479395E-07
  403.000000000000        -0.73861955E-09     -0.53094742E-08     -0.82033781E-08     -0.58978466E-07
  404.000000000000         0.19375938E-08     -0.45343315E-08      0.21961102E-07     -0.51390018E-07
  405.000000000000         0.37162250E-08     -0.28890146E-08      0.42983453E-07     -0.33414576E-07
  406.000000000000         0.46970048E-08     -0.70324774E-09      0.55454543E-07     -0.83026058E-08
  407.000000000000         0.45323588E-08      0.19663745E-08      0.54633815E-07      0.23702458E-07
  408.000000000000         0.26723622E-08      0.43250793E-08      0.32897544E-07      0.53240932E-07
  409.000000000000        -0.41882158E-09      0.50191400E-08     -0.52651185E-08      0.63111840E-07
  410.000000000000        -0.31394441E-08      0.35816919E-08     -0.40332841E-07      0.46015856E-07
  411.000000000000        -0.42058864E-08      0.10477561E-08     -0.55222386E-07      0.13757116E-07
  412.000000000000        -0.37133510E-08     -0.11933513E-08     -0.49840591E-07     -0.16017545E-07
  413.000000000000        -0.24810221E-08     -0.26414512E-08     -0.34050121E-07     -0.36253152E-07
  414.000000000000        -0.90884641E-09     -0.34626481E-08     -0.12756951E-07     -0.48607662E-07
  415.000000000000         0.10228140E-08     -0.35540341E-08      0.14690646E-07     -0.51042450E-07
  416.000000000000         0.29332818E-08     -0.24701711E-08      0.43113368E-07     -0.36305601E-07
  417.000000000000         0.38595401E-08     -0.26731060E-09      0.58070199E-07     -0.40218462E-08
  418.000000000000         0.31303233E-08      0.20451675E-08      0.48228110E-07      0.31508653E-07
  419.000000000000         0.11929176E-08      0.32356332E-08      0.18826114E-07      0.51060374E-07
  420.000000000000        -0.74895284E-09      0.29708699E-08     -0.12108741E-07      0.48036061E-07
  421.000000000000        -0.19128948E-08      0.19231446E-08     -0.31699886E-07      0.31870828E-07
  422.000000000000        -0.24180528E-08      0.76546231E-09     -0.41084278E-07      0.13006037E-07
  423.000000000000        -0.25314679E-08     -0.47953548E-09     -0.44113207E-07     -0.83565558E-08
  424.000000000000        -0.19913112E-08     -0.18562988E-08     -0.35601463E-07     -0.33188627E-07
  425.000000000000        -0.53421147E-09     -0.27714805E-08     -0.98016061E-08     -0.50855896E-07
  426.000000000000         0.12749131E-08     -0.24770688E-08      0.24020045E-07     -0.46667333E-07
  427.000000000000         0.23645338E-08     -0.10784225E-08      0.45754822E-07     -0.20867518E-07
  428.000000000000         0.22589555E-08      0.47962065E-09      0.44912981E-07      0.95356995E-08
  429.000000000000         0.14167781E-08      0.14210712E-08      0.28954388E-07      0.29041151E-07
  430.000000000000         0.48537106E-09      0.17267948E-08      0.10200728E-07      0.36287513E-07
  431.000000000000        -0.36103356E-09      0.16950235E-08     -0.78038718E-08      0.36642987E-07
  432.000000000000        -0.12063869E-08      0.13299105E-08     -0.26839269E-07      0.29588407E-07
  433.000000000000        -0.18387322E-08      0.44094151E-09     -0.42119472E-07      0.10100780E-07
  434.000000000000        -0.17677883E-08     -0.79114825E-09     -0.41712469E-07     -0.18668221E-07
  435.000000000000        -0.84511535E-09     -0.16883889E-08     -0.20550182E-07     -0.41057357E-07
  436.000000000000         0.38178094E-09     -0.16962253E-08      0.95731422E-08     -0.42528886E-07
  437.000000000000         0.11634216E-08     -0.97784609E-09      0.30091717E-07     -0.25291109E-07
  438.000000000000         0.12892221E-08     -0.15695993E-09      0.34415534E-07     -0.41899112E-08
  439.000000000000         0.10824382E-08      0.42464656E-09      0.29838630E-07      0.11705533E-07
  440.000000000000         0.76022852E-09      0.87453144E-09      0.21652503E-07      0.24907083E-07
  441.000000000000         0.19699639E-09      0.12237283E-08      0.58008869E-08      0.36029688E-07
  442.000000000000        -0.61015021E-09      0.11688049E-08     -0.18581216E-07      0.35595738E-07
  443.000000000000        -0.12342447E-08      0.51995744E-09     -0.38903631E-07      0.16389488E-07
  444.000000000000        -0.12255684E-08     -0.38801446E-09     -0.40007247E-07     -0.12666522E-07
  445.000000000000        -0.63653630E-09     -0.98153730E-09     -0.21533228E-07     -0.33205347E-07
  446.000000000000         0.69295224E-10     -0.10221119E-08      0.24317502E-08     -0.35857622E-07
  447.000000000000         0.53446472E-09     -0.71678833E-09      0.19458124E-07     -0.26094956E-07
  448.000000000000         0.75252812E-09     -0.33593080E-09      0.28450773E-07     -0.12700190E-07
  449.000000000000         0.82801408E-09      0.75032943E-10      0.32533173E-07      0.29480260E-08
  450.000000000000         0.69789497E-09      0.54736738E-09      0.28519090E-07      0.22367324E-07
  451.000000000000         0.24042437E-09      0.91131862E-09      0.10227004E-07      0.38762478E-07
  452.000000000000        -0.40737063E-09      0.87121795E-09     -0.18050364E-07      0.38604594E-07
  453.000000000000        -0.84772846E-09      0.38030704E-09     -0.39166302E-07      0.17571035E-07
  454.000000000000        -0.81727255E-09     -0.23065808E-09     -0.39406685E-07     -0.11121891E-07
  455.000000000000        -0.44872340E-09     -0.59430226E-09     -0.22601497E-07     -0.29934899E-07
  456.000000000000        -0.46584301E-10     -0.65038148E-09     -0.24529846E-08     -0.34255549E-07
  457.000000000000         0.26116101E-09     -0.54792884E-09      0.14399022E-07     -0.30208622E-07
  458.000000000000         0.50996264E-09     -0.34667099E-09      0.29462555E-07     -0.20028157E-07
  459.000000000000         0.65308206E-09      0.27450053E-12      0.39583083E-07      0.16637146E-10
  460.000000000000         0.53759788E-09      0.42021039E-09      0.34224104E-07      0.26750647E-07
  461.000000000000         0.13990998E-09      0.67013128E-09      0.93673990E-08      0.44864743E-07
  462.000000000000        -0.31839881E-09      0.57227454E-09     -0.22447007E-07      0.40346105E-07
  463.000000000000        -0.56046854E-09      0.21126794E-09     -0.41667704E-07      0.15706784E-07
  464.000000000000        -0.50459841E-09     -0.16138349E-09     -0.39617597E-07     -0.12670882E-07
  465.000000000000        -0.27799256E-09     -0.37263320E-09     -0.23085492E-07     -0.30945440E-07
  466.000000000000        -0.28105392E-10     -0.42071821E-09     -0.24723012E-08     -0.37015704E-07
  467.000000000000         0.19610205E-09     -0.35708066E-09      0.18311414E-07     -0.33342272E-07
  468.000000000000         0.37125576E-09     -0.18120937E-09      0.36858894E-07     -0.17990552E-07
  469.000000000000         0.41103614E-09      0.93603665E-10      0.43474508E-07      0.99001826E-08
  470.000000000000         0.24265865E-09      0.34171296E-09      0.27399740E-07      0.38583842E-07
  471.000000000000        -0.56978712E-10      0.39611863E-09     -0.68832456E-08      0.47855456E-07
  472.000000000000        -0.29025059E-09      0.22320659E-09     -0.37607392E-07      0.28920889E-07
  473.000000000000        -0.32054409E-09     -0.36439629E-10     -0.44657936E-07     -0.50767818E-08
  474.000000000000        -0.17923669E-09     -0.21104625E-09     -0.26924067E-07     -0.31702774E-07
  475.000000000000         0.70124820E-11     -0.23552422E-09      0.11395121E-08     -0.38260354E-07
  476.000000000000         0.13855123E-09     -0.14816678E-09      0.24418405E-07     -0.26112698E-07
  477.000000000000         0.17821533E-09     -0.15527310E-10      0.34193984E-07     -0.29791800E-08
  478.000000000000         0.12508879E-09      0.10136089E-09      0.26228295E-07      0.21252839E-07
  479.000000000000         0.98932150E-11      0.14514131E-09      0.22765959E-08      0.33395111E-07
  480.000000000000        -0.94245219E-10      0.88885857E-10     -0.23903749E-07      0.22544703E-07
  481.000000000000        -0.11000586E-09     -0.21030952E-10     -0.30911560E-07     -0.59097327E-08
  482.000000000000        -0.33950540E-10     -0.86477379E-10     -0.10628070E-07     -0.27072024E-07
  483.000000000000         0.47001594E-10     -0.56039865E-10      0.16494317E-07     -0.19665838E-07
  484.000000000000         0.52113317E-10      0.14150469E-10      0.20643324E-07      0.56052750E-08
  485.000000000000         0.37338602E-11      0.36728327E-10      0.16828796E-08      0.16551615E-07
  486.000000000000        -0.21307729E-10      0.90291034E-11     -0.11021823E-07      0.46705590E-08
  487.000000000000        -0.76981298E-11     -0.10627399E-10     -0.46176656E-08     -0.63750268E-08
  488.000000000000         0.47734358E-11     -0.47180158E-11      0.33604488E-08     -0.33212602E-08
  489.000000000000         0.22760254E-11      0.20439835E-11      0.19067852E-08      0.17122421E-08
  490.000000000000        -0.87903481E-12      0.87257063E-12     -0.89079305E-09      0.88438980E-09
  491.000000000000        -0.25087183E-12     -0.37699406E-12     -0.31375890E-09     -0.47169956E-09
  492.000000000000         0.14536103E-12     -0.43773284E-13      0.23029732E-09     -0.69313983E-10
  493.000000000000        -0.21816149E-14      0.40201595E-13     -0.44038306E-11      0.83141427E-10
  494.000000000000         0.83296698E-16     -0.71883803E-14      0.32895985E-12     -0.20233930E-10
  495.000000000000         0.24270652E-14      0.77475910E-14      0.99183299E-11      0.31402386E-10
  496.000000000000         0.66186827E-15      0.15274183E-14      0.42590471E-11      0.96729983E-11
  497.000000000000        -0.20643029E-15     -0.34268363E-16     -0.22700449E-11     -0.38580155E-12
  498.000000000000        -0.43549033E-17      0.10323898E-17     -0.69814405E-13      0.26151084E-13
  499.000000000000         0.15044658E-17      0.23997620E-18      0.17943345E-12      0.24314753E-13
  500.000000000000         0.11670884E-45      0.13228488E-45      0.44626687E-13      0.35281620E-13
