 #            500
    0.000000000000         0.00000000E+00      0.00000000E+00      0.00000000E+00      0.00000000E+00
    1.000000000000        -0.89971042E-23     -0.12943877E-27     -0.89971042E-23     -0.12943877E-27
    2.000000000000         0.61406824E-19     -0.29305778E-27      0.61415821E-19     -0.16361901E-27
    3.000000000000         0.68128284E-17     -0.41222442E-27      0.67514216E-17     -0.11916663E-27
    4.000000000000         0.15707040E-15     -0.58438137E-27      0.15025758E-15     -0.17215695E-27
    5.000000000000         0.63993163E-15     -0.64384729E-27      0.48286123E-15     -0.59465921E-28
    6.000000000000         0.15678667E-14     -0.73957096E-27      0.92793509E-15     -0.95723666E-28
    7.000000000000         0.26603771E-14     -0.83733377E-27      0.10925103E-14     -0.97762812E-28
    8.000000000000         0.40412694E-14     -0.96616713E-27      0.13808923E-14     -0.12883337E-27
    9.000000000000         0.88570287E-14     -0.11157028E-26      0.48157593E-14     -0.14953568E-27
   10.000000000000         0.22973802E-13     -0.12459135E-26      0.14116773E-13     -0.13021071E-27
   11.000000000000         0.43986002E-13     -0.17903446E-26      0.21012200E-13     -0.54443108E-27
   12.000000000000         0.61486238E-13     -0.18442885E-26      0.17500236E-13     -0.53943900E-28
   13.000000000000         0.94757548E-13     -0.22240923E-26      0.33271310E-13     -0.37980374E-27
   14.000000000000         0.25441494E-12     -0.24786954E-26      0.15965739E-12     -0.25460312E-27
   15.000000000000         0.61851767E-12     -0.28352816E-26      0.36410273E-12     -0.35658622E-27
   16.000000000000         0.13212822E-11     -0.57493018E-27      0.70276449E-12      0.22603514E-26
   17.000000000000         0.19748929E-11     -0.28082927E-26      0.65361079E-12     -0.22333625E-26
   18.000000000000         0.23274219E-11      0.59537341E-27      0.35252894E-12      0.34036661E-26
   19.000000000000         0.24614292E-11      0.13141615E-26      0.13400734E-12      0.71878809E-27
   20.000000000000         0.27554501E-11      0.12633870E-26      0.29402092E-12     -0.50774487E-28
   21.000000000000         0.39937336E-11      0.23191089E-26      0.12382834E-11      0.10557219E-26
   22.000000000000         0.63065012E-11      0.24311162E-26      0.23127677E-11      0.11200737E-27
   23.000000000000         0.86456349E-11     -0.14200963E-25      0.23391337E-11     -0.16632079E-25
   24.000000000000         0.10055482E-10     -0.76937001E-26      0.14098475E-11      0.65072624E-26
   25.000000000000         0.10899884E-10     -0.97427625E-26      0.84440148E-12     -0.20490624E-26
   26.000000000000         0.12259483E-10     -0.11362120E-25      0.13595986E-11     -0.16193576E-26
   27.000000000000         0.14484957E-10     -0.10171861E-25      0.22254740E-11      0.11902590E-26
   28.000000000000         0.16825256E-10     -0.77498965E-26      0.23402991E-11      0.24219645E-26
   29.000000000000         0.18433534E-10     -0.11533815E-25      0.16082782E-11     -0.37839181E-26
   30.000000000000         0.19326462E-10     -0.83673311E-26      0.89292857E-12      0.31664835E-26
   31.000000000000         0.20187007E-10     -0.88636298E-26      0.86054437E-12     -0.49629875E-27
   32.000000000000         0.21463326E-10     -0.11204126E-25      0.12763190E-11     -0.23404959E-26
   33.000000000000         0.22915523E-10     -0.11794369E-25      0.14521976E-11     -0.59024312E-27
   34.000000000000         0.24040660E-10     -0.87128931E-26      0.11251370E-11      0.30814758E-26
   35.000000000000         0.24708348E-10     -0.11054895E-25      0.66768761E-12     -0.23420021E-26
   36.000000000000         0.25251935E-10     -0.12431209E-25      0.54358660E-12     -0.13763136E-26
   37.000000000000         0.26017021E-10     -0.12688149E-25      0.76508678E-12     -0.25693974E-27
   38.000000000000         0.26974519E-10     -0.97412922E-26      0.95749801E-12      0.29468563E-26
   39.000000000000         0.27821832E-10     -0.12075033E-25      0.84731203E-12     -0.23337409E-26
   40.000000000000         0.28369210E-10     -0.10205360E-25      0.54737823E-12      0.18696728E-26
   41.000000000000         0.28726607E-10     -0.87525067E-26      0.35739698E-12      0.14528536E-26
   42.000000000000         0.29125585E-10     -0.82024442E-26      0.39897808E-12      0.55006250E-27
   43.000000000000         0.29644303E-10     -0.52101662E-26      0.51871800E-12      0.29922780E-26
   44.000000000000         0.30158624E-10     -0.51500001E-26      0.51432118E-12      0.60166052E-28
   45.000000000000         0.30528143E-10      0.12903129E-27      0.36951880E-12      0.52790314E-26
   46.000000000000         0.30766902E-10     -0.56530807E-27      0.23875959E-12     -0.69433936E-27
   47.000000000000         0.31008846E-10      0.13618140E-26      0.24194407E-12      0.19271221E-26
   48.000000000000         0.31340942E-10      0.18506051E-26      0.33209570E-12      0.48879113E-27
   49.000000000000         0.31716044E-10      0.11625869E-26      0.37510179E-12     -0.68801826E-27
   50.000000000000         0.32028820E-10      0.41454117E-26      0.31277642E-12      0.29828248E-26
   51.000000000000         0.32241229E-10      0.24373530E-26      0.21240819E-12     -0.17080586E-26
   52.000000000000         0.32410316E-10      0.16143342E-26      0.16908727E-12     -0.82301884E-27
   53.000000000000         0.32605483E-10      0.14102843E-26      0.19516697E-12     -0.20404991E-27
   54.000000000000         0.32829207E-10      0.20769278E-26      0.22372431E-12      0.66664356E-27
   55.000000000000         0.33028415E-10      0.42739241E-27      0.19920794E-12     -0.16495354E-26
   56.000000000000         0.33166566E-10     -0.43423269E-27      0.13815073E-12     -0.86162510E-27
   57.000000000000         0.33265176E-10     -0.35592607E-27      0.98610253E-13      0.78306621E-28
   58.000000000000         0.33373240E-10      0.14450875E-26      0.10806432E-12      0.18010136E-26
   59.000000000000         0.33510831E-10     -0.77349379E-27      0.13759109E-12     -0.22185813E-26
   60.000000000000         0.33654940E-10      0.38997951E-26      0.14410834E-12      0.46732889E-26
   61.000000000000         0.33774041E-10      0.39294161E-26      0.11910164E-12      0.29620989E-28
   62.000000000000         0.33864883E-10      0.72167292E-27      0.90841351E-13     -0.32077432E-26
   63.000000000000         0.33950417E-10      0.42460251E-27      0.85534751E-13     -0.29707041E-27
   64.000000000000         0.34048515E-10      0.10999040E-26      0.98097751E-13      0.67530147E-27
   65.000000000000         0.34151186E-10      0.10101240E-26      0.10267086E-12     -0.89779975E-28
   66.000000000000         0.34236485E-10      0.26585051E-26      0.85299159E-13      0.16483811E-26
   67.000000000000         0.34294176E-10      0.19627603E-26      0.57690344E-13     -0.69574480E-27
   68.000000000000         0.34334475E-10      0.59020246E-27      0.40299342E-13     -0.13725578E-26
   69.000000000000         0.34373233E-10      0.27149302E-27      0.38758099E-13     -0.31870944E-27
   70.000000000000         0.34415135E-10     -0.90632842E-27      0.41902030E-13     -0.11778214E-26
   71.000000000000         0.34453138E-10     -0.34675331E-26      0.38003029E-13     -0.25612047E-26
   72.000000000000         0.34481687E-10     -0.59928990E-26      0.28549065E-13     -0.25253658E-26
   73.000000000000         0.34505525E-10     -0.58018266E-26      0.23837624E-13      0.19107232E-27
   74.000000000000         0.34534357E-10     -0.69315486E-26      0.28831924E-13     -0.11297220E-26
   75.000000000000         0.34571458E-10     -0.56614602E-26      0.37101047E-13      0.12700884E-26
   76.000000000000         0.34610208E-10     -0.77631700E-26      0.38750738E-13     -0.21017098E-26
   77.000000000000         0.34641238E-10     -0.73220109E-26      0.31029630E-13      0.44115914E-27
   78.000000000000         0.34661192E-10     -0.63608557E-26      0.19954169E-13      0.96115517E-27
   79.000000000000         0.34673248E-10     -0.70111411E-26      0.12055636E-13     -0.65028539E-27
   80.000000000000         0.34680796E-10     -0.69310191E-26      0.75482795E-14      0.80122002E-28
   81.000000000000         0.34682707E-10     -0.90783120E-26      0.19103078E-14     -0.21472929E-26
   82.000000000000         0.34675547E-10     -0.80393548E-26     -0.71595759E-14      0.10389572E-26
   83.000000000000         0.34660374E-10     -0.72398364E-26     -0.15172576E-13      0.79951847E-27
   84.000000000000         0.34643887E-10     -0.68234855E-26     -0.16487718E-13      0.41635085E-27
   85.000000000000         0.34631520E-10     -0.67389158E-26     -0.12366179E-13      0.84569697E-28
   86.000000000000         0.34621767E-10     -0.63464200E-26     -0.97536321E-14      0.39249580E-27
   87.000000000000         0.34609646E-10     -0.56472234E-26     -0.12120755E-13      0.69919658E-27
   88.000000000000         0.34593903E-10     -0.42121237E-26     -0.15743349E-13      0.14350997E-26
   89.000000000000         0.34578925E-10     -0.45953606E-26     -0.14978232E-13     -0.38323691E-27
   90.000000000000         0.34568426E-10     -0.43585377E-26     -0.10498117E-13      0.23682293E-27
   91.000000000000         0.34559237E-10     -0.48064907E-26     -0.91895038E-14     -0.44795297E-27
   92.000000000000         0.34543494E-10     -0.49907684E-26     -0.15743266E-13     -0.18427775E-27
   93.000000000000         0.34517631E-10     -0.66827583E-26     -0.25862140E-13     -0.16919899E-26
   94.000000000000         0.34486421E-10     -0.47031432E-26     -0.31210506E-13      0.19796151E-26
   95.000000000000         0.34456673E-10     -0.72509722E-26     -0.29748338E-13     -0.25478290E-26
   96.000000000000         0.34427687E-10     -0.67097846E-26     -0.28985717E-13      0.54118761E-27
   97.000000000000         0.34391907E-10     -0.73291213E-26     -0.35780303E-13     -0.61933666E-27
   98.000000000000         0.34345555E-10     -0.86604950E-26     -0.46351436E-13     -0.13313737E-26
   99.000000000000         0.34295955E-10     -0.85916626E-26     -0.49600658E-13      0.68832393E-28
  100.000000000000         0.34254896E-10     -0.83418998E-26     -0.41059000E-13      0.24976273E-27
  101.000000000000         0.34225281E-10     -0.78819648E-26     -0.29614649E-13      0.45993508E-27
  102.000000000000         0.34197356E-10     -0.78098541E-26     -0.27924794E-13      0.72110615E-28
  103.000000000000         0.34160478E-10     -0.49186561E-26     -0.36878495E-13      0.28911980E-26
  104.000000000000         0.34116100E-10     -0.46403057E-26     -0.44377448E-13      0.27835046E-27
  105.000000000000         0.34075595E-10     -0.98747094E-27     -0.40505091E-13      0.36528347E-26
  106.000000000000         0.34044611E-10     -0.17453208E-26     -0.30983903E-13     -0.75784983E-27
  107.000000000000         0.34013817E-10     -0.27244716E-26     -0.30794527E-13     -0.97915088E-27
  108.000000000000         0.33969455E-10     -0.51737687E-26     -0.44362074E-13     -0.24492970E-26
  109.000000000000         0.33911082E-10     -0.41779068E-26     -0.58372339E-13      0.99586190E-27
  110.000000000000         0.33853468E-10     -0.37490911E-26     -0.57614039E-13      0.42881570E-27
  111.000000000000         0.33809248E-10     -0.11214365E-26     -0.44219706E-13      0.26276546E-26
  112.000000000000         0.33773784E-10     -0.17680864E-26     -0.35463988E-13     -0.64664991E-27
  113.000000000000         0.33731590E-10     -0.10365888E-26     -0.42193984E-13      0.73149761E-27
  114.000000000000         0.33676357E-10     -0.29256551E-26     -0.55233566E-13     -0.18890663E-26
  115.000000000000         0.33619506E-10     -0.21785445E-26     -0.56850496E-13      0.74711060E-27
  116.000000000000         0.33576557E-10     -0.31948779E-26     -0.42949187E-13     -0.10163335E-26
  117.000000000000         0.33547468E-10     -0.35718782E-26     -0.29088955E-13     -0.37700024E-27
  118.000000000000         0.33515660E-10     -0.38872143E-26     -0.31808218E-13     -0.31533613E-27
  119.000000000000         0.33467753E-10     -0.87597539E-27     -0.47906816E-13      0.30112389E-26
  120.000000000000         0.33410184E-10     -0.28760700E-26     -0.57569496E-13     -0.20000946E-26
  121.000000000000         0.33361048E-10     -0.19160293E-27     -0.49135248E-13      0.26844671E-26
  122.000000000000         0.33326940E-10     -0.62047386E-27     -0.34108243E-13     -0.42887094E-27
  123.000000000000         0.33294364E-10     -0.41656983E-27     -0.32576104E-13      0.20390403E-27
  124.000000000000         0.33247528E-10      0.22195808E-26     -0.46835707E-13      0.26361506E-26
  125.000000000000         0.33188763E-10     -0.90939478E-27     -0.58765374E-13     -0.31289756E-26
  126.000000000000         0.33136401E-10      0.58509502E-26     -0.52362448E-13      0.67603450E-26
  127.000000000000         0.33102899E-10      0.79955972E-26     -0.33501337E-13      0.21446470E-26
  128.000000000000         0.33080124E-10      0.73485849E-26     -0.22775781E-13     -0.64701234E-27
  129.000000000000         0.33049609E-10      0.75458277E-26     -0.30514017E-13      0.19724282E-27
  130.000000000000         0.33005588E-10      0.44946710E-26     -0.44021347E-13     -0.30511567E-26
  131.000000000000         0.32961383E-10      0.24543364E-26     -0.44204828E-13     -0.20403346E-26
  132.000000000000         0.32931531E-10      0.24078197E-26     -0.29852041E-13     -0.46516751E-28
  133.000000000000         0.32912304E-10     -0.19126897E-27     -0.19227115E-13     -0.25990886E-26
  134.000000000000         0.32886124E-10      0.22416954E-26     -0.26179735E-13      0.24329643E-26
  135.000000000000         0.32843540E-10      0.22796792E-26     -0.42584895E-13      0.37983859E-28
  136.000000000000         0.32794995E-10      0.56580138E-26     -0.48544337E-13      0.33783346E-26
  137.000000000000         0.32758204E-10      0.59309297E-26     -0.36790812E-13      0.27291592E-27
  138.000000000000         0.32737621E-10      0.93749191E-26     -0.20583037E-13      0.34439893E-26
  139.000000000000         0.32720626E-10      0.10834213E-25     -0.16995774E-13      0.14592937E-26
  140.000000000000         0.32694741E-10      0.10694554E-25     -0.25884492E-13     -0.13965855E-27
  141.000000000000         0.32663749E-10      0.80754276E-26     -0.30991851E-13     -0.26191265E-26
  142.000000000000         0.32642540E-10      0.38115962E-26     -0.21209267E-13     -0.42638315E-26
  143.000000000000         0.32637555E-10      0.86297219E-27     -0.49851595E-14     -0.29486240E-26
  144.000000000000         0.32637502E-10     -0.16069492E-26     -0.52431223E-16     -0.24699214E-26
  145.000000000000         0.32626863E-10      0.69794081E-27     -0.10639632E-13      0.23048900E-26
  146.000000000000         0.32604341E-10     -0.80177632E-27     -0.22521370E-13     -0.14997171E-26
  147.000000000000         0.32582789E-10     -0.54297321E-26     -0.21552354E-13     -0.46279558E-26
  148.000000000000         0.32571821E-10     -0.99498291E-26     -0.10968039E-13     -0.45200970E-26
  149.000000000000         0.32566587E-10     -0.70802026E-26     -0.52337623E-14      0.28696265E-26
  150.000000000000         0.32555354E-10     -0.59642918E-26     -0.11233627E-13      0.11159107E-26
  151.000000000000         0.32535542E-10     -0.41190613E-26     -0.19811241E-13      0.18452306E-26
  152.000000000000         0.32517739E-10     -0.38976721E-26     -0.17803535E-13      0.22138916E-27
  153.000000000000         0.32513774E-10     -0.97234367E-27     -0.39643891E-14      0.29253284E-26
  154.000000000000         0.32523255E-10      0.47606941E-27      0.94808576E-14      0.14484131E-26
  155.000000000000         0.32535221E-10     -0.21398495E-26      0.11965732E-13     -0.26159190E-26
  156.000000000000         0.32542146E-10     -0.13714547E-26      0.69251191E-14      0.76839486E-27
  157.000000000000         0.32548544E-10     -0.79291879E-26      0.63980650E-14     -0.65577332E-26
  158.000000000000         0.32562843E-10     -0.81365117E-26      0.14299084E-13     -0.20732381E-27
  159.000000000000         0.32584561E-10     -0.97299001E-26      0.21717728E-13     -0.15933884E-26
  160.000000000000         0.32603468E-10     -0.10509946E-25      0.18906957E-13     -0.78004588E-27
  161.000000000000         0.32611804E-10     -0.78605812E-26      0.83355766E-14      0.26493648E-26
  162.000000000000         0.32612846E-10     -0.65073618E-26      0.10425785E-14      0.13532194E-26
  163.000000000000         0.32616307E-10     -0.81644227E-26      0.34605482E-14     -0.16570609E-26
  164.000000000000         0.32627428E-10     -0.58286195E-26      0.11120970E-13      0.23358032E-26
  165.000000000000         0.32642867E-10     -0.15008441E-26      0.15439398E-13      0.43277754E-26
  166.000000000000         0.32657373E-10     -0.13492816E-26      0.14505790E-13      0.15156254E-27
  167.000000000000         0.32672325E-10     -0.28228664E-26      0.14952444E-13     -0.14735848E-26
  168.000000000000         0.32694353E-10     -0.78430702E-26      0.22027949E-13     -0.50202038E-26
  169.000000000000         0.32726594E-10     -0.63985753E-26      0.32240978E-13      0.14444949E-26
  170.000000000000         0.32764630E-10     -0.28549022E-26      0.38036300E-13      0.35436731E-26
  171.000000000000         0.32801731E-10     -0.38862257E-26      0.37100281E-13     -0.10313235E-26
  172.000000000000         0.32835691E-10     -0.85314143E-26      0.33960277E-13     -0.46451886E-26
  173.000000000000         0.32868901E-10     -0.95025694E-26      0.33210011E-13     -0.97115514E-27
  174.000000000000         0.32903205E-10     -0.14459603E-25      0.34303514E-13     -0.49570332E-26
  175.000000000000         0.32937446E-10     -0.97498965E-26      0.34241671E-13      0.47097061E-26
  176.000000000000         0.32969310E-10     -0.10588225E-25      0.31863296E-13     -0.83832866E-27
  177.000000000000         0.32998625E-10     -0.90832272E-26      0.29315834E-13      0.15049979E-26
  178.000000000000         0.33027641E-10     -0.10134601E-25      0.29015624E-13     -0.10513742E-26
  179.000000000000         0.33058625E-10     -0.11088953E-25      0.30983916E-13     -0.95435116E-27
  180.000000000000         0.33092527E-10     -0.90492042E-26      0.33901599E-13      0.20397484E-26
  181.000000000000         0.33129946E-10     -0.11880607E-25      0.37419953E-13     -0.28314032E-26
  182.000000000000         0.33171788E-10     -0.96003037E-26      0.41841372E-13      0.22803036E-26
  183.000000000000         0.33217838E-10     -0.99493464E-26      0.46049954E-13     -0.34904269E-27
  184.000000000000         0.33265113E-10     -0.15356364E-25      0.47275026E-13     -0.54070175E-26
  185.000000000000         0.33310409E-10     -0.18241453E-25      0.45295776E-13     -0.28850895E-26
  186.000000000000         0.33354791E-10     -0.17000991E-25      0.44382225E-13      0.12404629E-26
  187.000000000000         0.33402196E-10     -0.21797464E-25      0.47405232E-13     -0.47964731E-26
  188.000000000000         0.33452842E-10     -0.24693733E-25      0.50646026E-13     -0.28962697E-26
  189.000000000000         0.33501254E-10     -0.30942341E-25      0.48412150E-13     -0.62486076E-26
  190.000000000000         0.33543165E-10     -0.29467816E-25      0.41910357E-13      0.14745255E-26
  191.000000000000         0.33582359E-10     -0.25115703E-25      0.39194061E-13      0.43521125E-26
  192.000000000000         0.33627353E-10     -0.20403430E-25      0.44994545E-13      0.47122734E-26
  193.000000000000         0.33680822E-10     -0.17753455E-25      0.53469308E-13      0.26499748E-26
  194.000000000000         0.33735323E-10     -0.17278406E-25      0.54500955E-13      0.47504853E-27
  195.000000000000         0.33781447E-10     -0.21600263E-25      0.46123305E-13     -0.43218565E-26
  196.000000000000         0.33820113E-10     -0.18164907E-25      0.38666232E-13      0.34353558E-26
  197.000000000000         0.33862256E-10     -0.18195686E-25      0.42143365E-13     -0.30778918E-28
  198.000000000000         0.33915007E-10     -0.19062529E-25      0.52750536E-13     -0.86684307E-27
  199.000000000000         0.33970903E-10     -0.13046633E-25      0.55896501E-13      0.60158955E-26
  200.000000000000         0.34016246E-10     -0.19300474E-25      0.45342558E-13     -0.62538403E-26
  201.000000000000         0.34049257E-10     -0.20978258E-25      0.33011094E-13     -0.16777844E-26
  202.000000000000         0.34084262E-10     -0.26152251E-25      0.35005115E-13     -0.51739932E-26
  203.000000000000         0.34134473E-10     -0.26477868E-25      0.50211164E-13     -0.32561655E-27
  204.000000000000         0.34195515E-10     -0.26410995E-25      0.61041593E-13      0.66873386E-28
  205.000000000000         0.34250263E-10     -0.31213038E-25      0.54748210E-13     -0.48020438E-26
  206.000000000000         0.34290163E-10     -0.31864993E-25      0.39900125E-13     -0.65195440E-27
  207.000000000000         0.34326506E-10     -0.31451850E-25      0.36343053E-13      0.41314312E-27
  208.000000000000         0.34375911E-10     -0.30420013E-25      0.49404367E-13      0.10318366E-26
  209.000000000000         0.34437211E-10     -0.30068300E-25      0.61300804E-13      0.35171269E-27
  210.000000000000         0.34490646E-10     -0.29978815E-25      0.53434069E-13      0.89485681E-28
  211.000000000000         0.34521687E-10     -0.24167408E-25      0.31041077E-13      0.58114062E-26
  212.000000000000         0.34539864E-10     -0.33478198E-25      0.18177642E-13     -0.93107897E-26
  213.000000000000         0.34567262E-10     -0.31529160E-25      0.27397849E-13      0.19490385E-26
  214.000000000000         0.34611095E-10     -0.32722102E-25      0.43832734E-13     -0.11929425E-26
  215.000000000000         0.34655251E-10     -0.33267608E-25      0.44156455E-13     -0.54550623E-27
  216.000000000000         0.34681733E-10     -0.41202556E-25      0.26481681E-13     -0.79349473E-26
  217.000000000000         0.34694861E-10     -0.43431939E-25      0.13128035E-13     -0.22293833E-26
  218.000000000000         0.34717214E-10     -0.44655619E-25      0.22353277E-13     -0.12236805E-26
  219.000000000000         0.34761662E-10     -0.47522423E-25      0.44447961E-13     -0.28668034E-26
  220.000000000000         0.34814860E-10     -0.55790198E-25      0.53197996E-13     -0.82677748E-26
  221.000000000000         0.34853017E-10     -0.55834654E-25      0.38156833E-13     -0.44456584E-28
  222.000000000000         0.34870575E-10     -0.55895566E-25      0.17557646E-13     -0.60911825E-28
  223.000000000000         0.34885823E-10     -0.63387029E-25      0.15247988E-13     -0.74914631E-26
  224.000000000000         0.34916140E-10     -0.68414491E-25      0.30317182E-13     -0.50274617E-26
  225.000000000000         0.34954407E-10     -0.76769700E-25      0.38267523E-13     -0.83552090E-26
  226.000000000000         0.34977599E-10     -0.77823708E-25      0.23191972E-13     -0.10540082E-26
  227.000000000000         0.34975974E-10     -0.77178340E-25     -0.16252904E-14      0.64536819E-27
  228.000000000000         0.34965844E-10     -0.74305998E-25     -0.10129852E-13      0.28723414E-26
  229.000000000000         0.34970019E-10     -0.69156190E-25      0.41742943E-14      0.51498082E-26
  230.000000000000         0.34991201E-10     -0.65932935E-25      0.21182430E-13      0.32232553E-26
  231.000000000000         0.35010470E-10     -0.65476021E-25      0.19269033E-13      0.45691421E-27
  232.000000000000         0.35011832E-10     -0.61722199E-25      0.13623243E-14      0.37538216E-26
  233.000000000000         0.35002155E-10     -0.60100652E-25     -0.96775433E-14      0.16215473E-26
  234.000000000000         0.35001916E-10     -0.59758403E-25     -0.23892993E-15      0.34224867E-27
  235.000000000000         0.35019117E-10     -0.58574695E-25      0.17201464E-13      0.11837084E-26
  236.000000000000         0.35039385E-10     -0.64815865E-25      0.20267390E-13     -0.62411701E-26
  237.000000000000         0.35043383E-10     -0.60915220E-25      0.39985597E-14      0.39006450E-26
  238.000000000000         0.35029250E-10     -0.60005858E-25     -0.14133399E-13      0.90936188E-27
  239.000000000000         0.35013375E-10     -0.62472869E-25     -0.15875075E-13     -0.24670108E-26
  240.000000000000         0.35009618E-10     -0.64073270E-25     -0.37570612E-14     -0.16004007E-26
  241.000000000000         0.35013034E-10     -0.69447774E-25      0.34166265E-14     -0.53745041E-26
  242.000000000000         0.35006834E-10     -0.75756880E-25     -0.61998805E-14     -0.63091067E-26
  243.000000000000         0.34983039E-10     -0.79156233E-25     -0.23795639E-13     -0.33993528E-26
  244.000000000000         0.34952025E-10     -0.82588848E-25     -0.31014293E-13     -0.34326144E-26
  245.000000000000         0.34930434E-10     -0.87173646E-25     -0.21590531E-13     -0.45847984E-26
  246.000000000000         0.34922219E-10     -0.88384303E-25     -0.82149766E-14     -0.12106570E-26
  247.000000000000         0.34915327E-10     -0.88893518E-25     -0.68917670E-14     -0.50921540E-27
  248.000000000000         0.34896278E-10     -0.92406976E-25     -0.19048954E-13     -0.35134581E-26
  249.000000000000         0.34865508E-10     -0.93265228E-25     -0.30769937E-13     -0.85825188E-27
  250.000000000000         0.34836166E-10     -0.88028482E-25     -0.29342732E-13      0.52367464E-26
  251.000000000000         0.34818799E-10     -0.87482209E-25     -0.17366209E-13      0.54627259E-27
  252.000000000000         0.34809176E-10     -0.90679646E-25     -0.96232792E-14     -0.31974364E-26
  253.000000000000         0.34793069E-10     -0.93654819E-25     -0.16107207E-13     -0.29751734E-26
  254.000000000000         0.34762490E-10     -0.90164441E-25     -0.30578761E-13      0.34903780E-26
  255.000000000000         0.34725154E-10     -0.90544089E-25     -0.37336503E-13     -0.37964793E-27
  256.000000000000         0.34695807E-10     -0.92479771E-25     -0.29346403E-13     -0.19356821E-26
  257.000000000000         0.34679224E-10     -0.90031313E-25     -0.16582894E-13      0.24484575E-26
  258.000000000000         0.34664353E-10     -0.89322037E-25     -0.14871021E-13      0.70927685E-27
  259.000000000000         0.34636754E-10     -0.87452850E-25     -0.27598924E-13      0.18691871E-26
  260.000000000000         0.34595815E-10     -0.87427508E-25     -0.40939256E-13      0.25341236E-28
  261.000000000000         0.34556473E-10     -0.88316236E-25     -0.39342517E-13     -0.88872724E-27
  262.000000000000         0.34532056E-10     -0.85206997E-25     -0.24416996E-13      0.31092383E-26
  263.000000000000         0.34518043E-10     -0.84564620E-25     -0.14013058E-13      0.64237732E-27
  264.000000000000         0.34496963E-10     -0.82773925E-25     -0.21079932E-13      0.17906946E-26
  265.000000000000         0.34459636E-10     -0.80622472E-25     -0.37326384E-13      0.21514534E-26
  266.000000000000         0.34417176E-10     -0.80915939E-25     -0.42459848E-13     -0.29346666E-27
  267.000000000000         0.34388402E-10     -0.87234407E-25     -0.28774247E-13     -0.63184684E-26
  268.000000000000         0.34377194E-10     -0.89154370E-25     -0.11208226E-13     -0.19199633E-26
  269.000000000000         0.34367206E-10     -0.87923463E-25     -0.99882553E-14      0.12309072E-26
  270.000000000000         0.34341527E-10     -0.86702610E-25     -0.25678455E-13      0.12208531E-26
  271.000000000000         0.34303823E-10     -0.83582715E-25     -0.37703879E-13      0.31198953E-26
  272.000000000000         0.34274437E-10     -0.85694586E-25     -0.29386538E-13     -0.21118716E-26
  273.000000000000         0.34265131E-10     -0.87986340E-25     -0.93058144E-14     -0.22917539E-26
  274.000000000000         0.34263713E-10     -0.87591478E-25     -0.14177978E-14      0.39486238E-27
  275.000000000000         0.34248302E-10     -0.88366286E-25     -0.15411414E-13     -0.77480827E-27
  276.000000000000         0.34214682E-10     -0.86041401E-25     -0.33619424E-13      0.23248849E-26
  277.000000000000         0.34182111E-10     -0.88968893E-25     -0.32571621E-13     -0.29274922E-26
  278.000000000000         0.34169630E-10     -0.86969546E-25     -0.12480761E-13      0.19993479E-26
  279.000000000000         0.34172407E-10     -0.82747123E-25      0.27766222E-14      0.42224228E-26
  280.000000000000         0.34167816E-10     -0.85685206E-25     -0.45906384E-14     -0.29380834E-26
  281.000000000000         0.34143822E-10     -0.80849375E-25     -0.23993881E-13      0.48358316E-26
  282.000000000000         0.34114529E-10     -0.82522133E-25     -0.29292761E-13     -0.16727586E-26
  283.000000000000         0.34103148E-10     -0.86263213E-25     -0.11381371E-13     -0.37410795E-26
  284.000000000000         0.34113380E-10     -0.86788829E-25      0.10231959E-13     -0.52561609E-27
  285.000000000000         0.34124922E-10     -0.86716933E-25      0.11542312E-13      0.71895922E-28
  286.000000000000         0.34118949E-10     -0.89401520E-25     -0.59730890E-14     -0.26845869E-26
  287.000000000000         0.34101614E-10     -0.86018781E-25     -0.17335097E-13      0.33827392E-26
  288.000000000000         0.34095935E-10     -0.86615216E-25     -0.56789037E-14     -0.59643581E-27
  289.000000000000         0.34112230E-10     -0.85867787E-25      0.16294912E-13      0.74742948E-27
  290.000000000000         0.34134749E-10     -0.84287910E-25      0.22518867E-13      0.15798767E-26
  291.000000000000         0.34141144E-10     -0.84710705E-25      0.63951733E-14     -0.42279464E-27
  292.000000000000         0.34130131E-10     -0.85303590E-25     -0.11013450E-13     -0.59288541E-27
  293.000000000000         0.34122790E-10     -0.86276310E-25     -0.73411318E-14     -0.97272029E-27
  294.000000000000         0.34136377E-10     -0.82565371E-25      0.13587344E-13      0.37109395E-26
  295.000000000000         0.34163435E-10     -0.84639754E-25      0.27057827E-13     -0.20743832E-26
  296.000000000000         0.34181734E-10     -0.86590837E-25      0.18299650E-13     -0.19510832E-26
  297.000000000000         0.34182445E-10     -0.87976203E-25      0.71105294E-15     -0.13853658E-26
  298.000000000000         0.34181253E-10     -0.91024383E-25     -0.11928521E-14     -0.30481799E-26
  299.000000000000         0.34198510E-10     -0.91758280E-25      0.17257064E-13     -0.73389670E-27
  300.000000000000         0.34233908E-10     -0.88356043E-25      0.35398496E-13      0.34022370E-26
  301.000000000000         0.34267461E-10     -0.89701735E-25      0.33552460E-13     -0.13456924E-26
  302.000000000000         0.34284722E-10     -0.87978836E-25      0.17261029E-13      0.17228987E-26
  303.000000000000         0.34294038E-10     -0.90464616E-25      0.93166631E-14     -0.24857796E-26
  304.000000000000         0.34314927E-10     -0.87494808E-25      0.20888998E-13      0.29698077E-26
  305.000000000000         0.34353137E-10     -0.90270364E-25      0.38209232E-13     -0.27755553E-26
  306.000000000000         0.34393647E-10     -0.90640944E-25      0.40510347E-13     -0.37058046E-27
  307.000000000000         0.34419436E-10     -0.88580237E-25      0.25788903E-13      0.20607072E-26
  308.000000000000         0.34432286E-10     -0.89547332E-25      0.12850299E-13     -0.96709557E-27
  309.000000000000         0.34450116E-10     -0.92665512E-25      0.17830072E-13     -0.31181800E-26
  310.000000000000         0.34484580E-10     -0.94628022E-25      0.34463599E-13     -0.19625093E-26
  311.000000000000         0.34527375E-10     -0.93823294E-25      0.42795070E-13      0.80472734E-27
  312.000000000000         0.34561618E-10     -0.95104758E-25      0.34243432E-13     -0.12814641E-26
  313.000000000000         0.34583363E-10     -0.96734157E-25      0.21745054E-13     -0.16293990E-26
  314.000000000000         0.34605776E-10     -0.94512494E-25      0.22412296E-13      0.22216631E-26
  315.000000000000         0.34641800E-10     -0.92166489E-25      0.36023971E-13      0.23460057E-26
  316.000000000000         0.34688168E-10     -0.92198849E-25      0.46368508E-13     -0.32360299E-28
  317.000000000000         0.34730388E-10     -0.92305021E-25      0.42220415E-13     -0.10617214E-27
  318.000000000000         0.34760675E-10     -0.92798282E-25      0.30286378E-13     -0.49326133E-27
  319.000000000000         0.34786644E-10     -0.94515510E-25      0.25968912E-13     -0.17172274E-26
  320.000000000000         0.34820822E-10     -0.97521893E-25      0.34178298E-13     -0.30063836E-26
  321.000000000000         0.34864911E-10     -0.99541588E-25      0.44089370E-13     -0.20196943E-26
  322.000000000000         0.34908202E-10     -0.99013091E-25      0.43291038E-13      0.52849621E-27
  323.000000000000         0.34941495E-10     -0.99375088E-25      0.33292402E-13     -0.36199650E-27
  324.000000000000         0.34968140E-10     -0.10206875E-24      0.26645143E-13     -0.26936605E-26
  325.000000000000         0.34998918E-10     -0.10141625E-24      0.30777871E-13      0.65249519E-27
  326.000000000000         0.35038231E-10     -0.10334538E-24      0.39313302E-13     -0.19291243E-26
  327.000000000000         0.35079709E-10     -0.10341302E-24      0.41478110E-13     -0.67645743E-28
  328.000000000000         0.35115219E-10     -0.10317146E-24      0.35509634E-13      0.24156491E-27
  329.000000000000         0.35144721E-10     -0.10276947E-24      0.29501676E-13      0.40198996E-27
  330.000000000000         0.35175137E-10     -0.10414312E-24      0.30416824E-13     -0.13736511E-26
  331.000000000000         0.35211310E-10     -0.10443939E-24      0.36172887E-13     -0.29627308E-27
  332.000000000000         0.35250701E-10     -0.10210875E-24      0.39390782E-13      0.23306454E-26
  333.000000000000         0.35287283E-10     -0.10132614E-24      0.36582379E-13      0.78260322E-27
  334.000000000000         0.35318961E-10     -0.10255804E-24      0.31677211E-13     -0.12319008E-26
  335.000000000000         0.35349361E-10     -0.10199022E-24      0.30400660E-13      0.56782592E-27
  336.000000000000         0.35382494E-10     -0.10403549E-24      0.33132961E-13     -0.20452710E-26
  337.000000000000         0.35417876E-10     -0.10360803E-24      0.35381686E-13      0.42746222E-27
  338.000000000000         0.35452127E-10     -0.10304776E-24      0.34250933E-13      0.56026626E-27
  339.000000000000         0.35483364E-10     -0.10331321E-24      0.31236686E-13     -0.26544693E-27
  340.000000000000         0.35512404E-10     -0.10214319E-24      0.29040383E-13      0.11700206E-26
  341.000000000000         0.35540885E-10     -0.10169399E-24      0.28480901E-13      0.44919720E-27
  342.000000000000         0.35569805E-10     -0.10345438E-24      0.28919838E-13     -0.17603936E-26
  343.000000000000         0.35599432E-10     -0.10363031E-24      0.29627246E-13     -0.17592889E-27
  344.000000000000         0.35629256E-10     -0.10177495E-24      0.29823548E-13      0.18553620E-26
  345.000000000000         0.35658001E-10     -0.10200736E-24      0.28745358E-13     -0.23240645E-27
  346.000000000000         0.35684722E-10     -0.10233649E-24      0.26720806E-13     -0.32913387E-27
  347.000000000000         0.35710205E-10     -0.10465648E-24      0.25482804E-13     -0.23199933E-26
  348.000000000000         0.35736771E-10     -0.10577789E-24      0.26566276E-13     -0.11214043E-26
  349.000000000000         0.35765806E-10     -0.10675996E-24      0.29035217E-13     -0.98207266E-27
  350.000000000000         0.35795552E-10     -0.10710957E-24      0.29745504E-13     -0.34961036E-27
  351.000000000000         0.35822454E-10     -0.10674938E-24      0.26902566E-13      0.36018900E-27
  352.000000000000         0.35845538E-10     -0.10812673E-24      0.23084319E-13     -0.13773470E-26
  353.000000000000         0.35868440E-10     -0.10985943E-24      0.22901667E-13     -0.17326962E-26
  354.000000000000         0.35895219E-10     -0.10920228E-24      0.26778977E-13      0.65714564E-27
  355.000000000000         0.35924472E-10     -0.11059672E-24      0.29252694E-13     -0.13944430E-26
  356.000000000000         0.35950314E-10     -0.11108618E-24      0.25841777E-13     -0.48945897E-27
  357.000000000000         0.35970061E-10     -0.11230205E-24      0.19747068E-13     -0.12158703E-26
  358.000000000000         0.35988438E-10     -0.11219384E-24      0.18377287E-13      0.10821362E-27
  359.000000000000         0.36012070E-10     -0.11325515E-24      0.23632144E-13     -0.10613075E-26
  360.000000000000         0.36041071E-10     -0.11201380E-24      0.29000711E-13      0.12413457E-26
  361.000000000000         0.36068574E-10     -0.11209254E-24      0.27503735E-13     -0.78737752E-28
  362.000000000000         0.36089391E-10     -0.11172805E-24      0.20816835E-13      0.36449336E-27
  363.000000000000         0.36106958E-10     -0.11218248E-24      0.17567036E-13     -0.45443295E-27
  364.000000000000         0.36129420E-10     -0.11094326E-24      0.22461898E-13      0.12392202E-26
  365.000000000000         0.36159032E-10     -0.11123322E-24      0.29611279E-13     -0.28996046E-27
  366.000000000000         0.36188773E-10     -0.11149090E-24      0.29741095E-13     -0.25768004E-27
  367.000000000000         0.36211232E-10     -0.11145713E-24      0.22459664E-13      0.33768046E-28
  368.000000000000         0.36228643E-10     -0.11232773E-24      0.17410698E-13     -0.87059439E-27
  369.000000000000         0.36250351E-10     -0.11112568E-24      0.21707841E-13      0.12020432E-26
  370.000000000000         0.36280654E-10     -0.11185008E-24      0.30303163E-13     -0.72439397E-27
  371.000000000000         0.36312922E-10     -0.11193288E-24      0.32267922E-13     -0.82807145E-28
  372.000000000000         0.36338093E-10     -0.11223504E-24      0.25170630E-13     -0.30215607E-27
  373.000000000000         0.36356409E-10     -0.11250147E-24      0.18316829E-13     -0.26643518E-27
  374.000000000000         0.36377208E-10     -0.11169321E-24      0.20798163E-13      0.80826267E-27
  375.000000000000         0.36407006E-10     -0.11262430E-24      0.29798885E-13     -0.93108622E-27
  376.000000000000         0.36441215E-10     -0.11331666E-24      0.34208372E-13     -0.69236154E-27
  377.000000000000         0.36470028E-10     -0.11352789E-24      0.28813461E-13     -0.21122835E-27
  378.000000000000         0.36491185E-10     -0.11364756E-24      0.21157069E-13     -0.11967183E-27
  379.000000000000         0.36513023E-10     -0.11380640E-24      0.21837402E-13     -0.15883886E-27
  380.000000000000         0.36543694E-10     -0.11395830E-24      0.30671428E-13     -0.15190207E-27
  381.000000000000         0.36580556E-10     -0.11392118E-24      0.36861656E-13      0.37118105E-28
  382.000000000000         0.36613691E-10     -0.11432738E-24      0.33134828E-13     -0.40619847E-27
  383.000000000000         0.36638883E-10     -0.11448309E-24      0.25191996E-13     -0.15571005E-27
  384.000000000000         0.36663062E-10     -0.11467476E-24      0.24179145E-13     -0.19166562E-27
  385.000000000000         0.36695224E-10     -0.11436663E-24      0.32162142E-13      0.30812341E-27
  386.000000000000         0.36734848E-10     -0.11500613E-24      0.39624221E-13     -0.63949508E-27
  387.000000000000         0.36772695E-10     -0.11473139E-24      0.37846677E-13      0.27473612E-27
  388.000000000000         0.36802534E-10     -0.11469558E-24      0.29839073E-13      0.35815141E-28
  389.000000000000         0.36828800E-10     -0.11461617E-24      0.26266507E-13      0.79402017E-28
  390.000000000000         0.36860680E-10     -0.11550738E-24      0.31879522E-13     -0.89120396E-27
  391.000000000000         0.36900450E-10     -0.11626222E-24      0.39770192E-13     -0.75484398E-27
  392.000000000000         0.36940765E-10     -0.11584860E-24      0.40314752E-13      0.41361955E-27
  393.000000000000         0.36974182E-10     -0.11574679E-24      0.33416933E-13      0.10181710E-27
  394.000000000000         0.37002653E-10     -0.11620373E-24      0.28471650E-13     -0.45694874E-27
  395.000000000000         0.37034913E-10     -0.11624770E-24      0.32260044E-13     -0.43965652E-28
  396.000000000000         0.37075284E-10     -0.11688573E-24      0.40370407E-13     -0.63802550E-27
  397.000000000000         0.37118414E-10     -0.11656208E-24      0.43130400E-13      0.32364819E-27
  398.000000000000         0.37156268E-10     -0.11593700E-24      0.37853682E-13      0.62508077E-27
  399.000000000000         0.37188133E-10     -0.11551056E-24      0.31864996E-13      0.42643238E-27
  400.000000000000         0.37221220E-10     -0.11487734E-24      0.33087192E-13      0.63322146E-27
  401.000000000000         0.37261522E-10     -0.11492222E-24      0.40302342E-13     -0.44878784E-28
  402.000000000000         0.37306438E-10     -0.11364715E-24      0.44915650E-13      0.12750742E-26
  403.000000000000         0.37348041E-10     -0.11381636E-24      0.41603120E-13     -0.16921161E-27
  404.000000000000         0.37382660E-10     -0.11401831E-24      0.34618714E-13     -0.20195029E-27
  405.000000000000         0.37415186E-10     -0.11387659E-24      0.32526326E-13      0.14172415E-27
  406.000000000000         0.37452871E-10     -0.11321606E-24      0.37684650E-13      0.66053008E-27
  407.000000000000         0.37496240E-10     -0.11452421E-24      0.43368831E-13     -0.13081499E-26
  408.000000000000         0.37538468E-10     -0.11430510E-24      0.42228048E-13      0.21910077E-27
  409.000000000000         0.37573883E-10     -0.11360743E-24      0.35415058E-13      0.69767347E-27
  410.000000000000         0.37604959E-10     -0.11321638E-24      0.31076279E-13      0.39105524E-27
  411.000000000000         0.37639144E-10     -0.11346971E-24      0.34184861E-13     -0.25333454E-27
  412.000000000000         0.37679719E-10     -0.11344473E-24      0.40575333E-13      0.24977945E-28
  413.000000000000         0.37721814E-10     -0.11476230E-24      0.42094230E-13     -0.13175628E-26
  414.000000000000         0.37758350E-10     -0.11478452E-24      0.36536651E-13     -0.22228794E-28
  415.000000000000         0.37788684E-10     -0.11524901E-24      0.30334170E-13     -0.46448837E-27
  416.000000000000         0.37819603E-10     -0.11591953E-24      0.30918665E-13     -0.67051305E-27
  417.000000000000         0.37857048E-10     -0.11546322E-24      0.37445305E-13      0.45630173E-27
  418.000000000000         0.37898556E-10     -0.11695923E-24      0.41507662E-13     -0.14960033E-26
  419.000000000000         0.37935940E-10     -0.11730857E-24      0.37383892E-13     -0.34934707E-27
  420.000000000000         0.37965274E-10     -0.11745470E-24      0.29333637E-13     -0.14612647E-27
  421.000000000000         0.37991760E-10     -0.11712637E-24      0.26486189E-13      0.32832678E-27
  422.000000000000         0.38023105E-10     -0.11764362E-24      0.31345481E-13     -0.51724233E-27
  423.000000000000         0.38059606E-10     -0.11599163E-24      0.36500639E-13      0.16519872E-26
  424.000000000000         0.38093628E-10     -0.11717050E-24      0.34022244E-13     -0.11788685E-26
  425.000000000000         0.38119131E-10     -0.11651923E-24      0.25503084E-13      0.65126330E-27
  426.000000000000         0.38139394E-10     -0.11632613E-24      0.20262472E-13      0.19310363E-27
  427.000000000000         0.38163152E-10     -0.11599347E-24      0.23758567E-13      0.33266182E-27
  428.000000000000         0.38193738E-10     -0.11525217E-24      0.30586015E-13      0.74129545E-27
  429.000000000000         0.38224679E-10     -0.11508805E-24      0.30941115E-13      0.16412558E-27
  430.000000000000         0.38247736E-10     -0.11548330E-24      0.23056490E-13     -0.39525213E-27
  431.000000000000         0.38263566E-10     -0.11467680E-24      0.15830561E-13      0.80649753E-27
  432.000000000000         0.38281241E-10     -0.11492832E-24      0.17675051E-13     -0.25151627E-27
  433.000000000000         0.38306671E-10     -0.11451782E-24      0.25429475E-13      0.41050159E-27
  434.000000000000         0.38334800E-10     -0.11389470E-24      0.28129269E-13      0.62311466E-27
  435.000000000000         0.38355850E-10     -0.11427358E-24      0.21050068E-13     -0.37887599E-27
  436.000000000000         0.38367637E-10     -0.11401648E-24      0.11786880E-13      0.25709555E-27
  437.000000000000         0.38378168E-10     -0.11401836E-24      0.10531046E-13     -0.18741824E-29
  438.000000000000         0.38395258E-10     -0.11417899E-24      0.17090051E-13     -0.16063398E-27
  439.000000000000         0.38416409E-10     -0.11387746E-24      0.21150298E-13      0.30152703E-27
  440.000000000000         0.38431970E-10     -0.11205492E-24      0.15561904E-13      0.18225442E-26
  441.000000000000         0.38437524E-10     -0.11179383E-24      0.55531222E-14      0.26109118E-27
  442.000000000000         0.38439822E-10     -0.11139250E-24      0.22986690E-14      0.40133279E-27
  443.000000000000         0.38448421E-10     -0.11147806E-24      0.85991232E-14     -0.85563891E-28
  444.000000000000         0.38463465E-10     -0.11165778E-24      0.15043750E-13     -0.17971811E-27
  445.000000000000         0.38475419E-10     -0.11117477E-24      0.11954186E-13      0.48300861E-27
  446.000000000000         0.38477468E-10     -0.11031976E-24      0.20488336E-14      0.85501126E-27
  447.000000000000         0.38474416E-10     -0.11048837E-24     -0.30524219E-14     -0.16861599E-27
  448.000000000000         0.38476438E-10     -0.11088350E-24      0.20221281E-14     -0.39512740E-27
  449.000000000000         0.38486020E-10     -0.11130614E-24      0.95823742E-14     -0.42263669E-27
  450.000000000000         0.38494950E-10     -0.11121273E-24      0.89296660E-14      0.93413055E-28
  451.000000000000         0.38494871E-10     -0.11080741E-24     -0.78826632E-16      0.40531721E-27
  452.000000000000         0.38487704E-10     -0.11166732E-24     -0.71667910E-14     -0.85991248E-27
  453.000000000000         0.38482988E-10     -0.11222271E-24     -0.47164302E-14     -0.55539458E-27
  454.000000000000         0.38485589E-10     -0.11222996E-24      0.26010380E-14     -0.72436751E-29
  455.000000000000         0.38489503E-10     -0.11245529E-24      0.39139822E-14     -0.22533082E-27
  456.000000000000         0.38485621E-10     -0.11279486E-24     -0.38823533E-14     -0.33957376E-27
  457.000000000000         0.38473579E-10     -0.11216342E-24     -0.12041086E-13      0.63144074E-27
  458.000000000000         0.38462298E-10     -0.11277019E-24     -0.11281282E-13     -0.60677046E-27
  459.000000000000         0.38458554E-10     -0.11290379E-24     -0.37443780E-14     -0.13359607E-27
  460.000000000000         0.38458407E-10     -0.11311832E-24     -0.14641847E-15     -0.21452684E-27
  461.000000000000         0.38452666E-10     -0.11383618E-24     -0.57413495E-14     -0.71786590E-27
  462.000000000000         0.38438732E-10     -0.11490471E-24     -0.13934136E-13     -0.10685253E-26
  463.000000000000         0.38423684E-10     -0.11470468E-24     -0.15047454E-13      0.20003068E-27
  464.000000000000         0.38415150E-10     -0.11513559E-24     -0.85344469E-14     -0.43091259E-27
  465.000000000000         0.38412008E-10     -0.11553407E-24     -0.31419491E-14     -0.39848537E-27
  466.000000000000         0.38406082E-10     -0.11551701E-24     -0.59264599E-14      0.17060983E-28
  467.000000000000         0.38392565E-10     -0.11517651E-24     -0.13516670E-13      0.34049939E-27
  468.000000000000         0.38375961E-10     -0.11657237E-24     -0.16604270E-13     -0.13958602E-26
  469.000000000000         0.38364184E-10     -0.11665762E-24     -0.11777065E-13     -0.85241292E-28
  470.000000000000         0.38358318E-10     -0.11720765E-24     -0.58660345E-14     -0.55003765E-27
  471.000000000000         0.38351421E-10     -0.11775737E-24     -0.68969022E-14     -0.54971238E-27
  472.000000000000         0.38337653E-10     -0.11654507E-24     -0.13767118E-13      0.12122985E-26
  473.000000000000         0.38319614E-10     -0.11636908E-24     -0.18039574E-13      0.17598322E-27
  474.000000000000         0.38304695E-10     -0.11709899E-24     -0.14918806E-13     -0.72991068E-27
  475.000000000000         0.38295775E-10     -0.11696687E-24     -0.89199688E-14      0.13212553E-27
  476.000000000000         0.38288017E-10     -0.11725219E-24     -0.77581811E-14     -0.28532442E-27
  477.000000000000         0.38275238E-10     -0.11635889E-24     -0.12779445E-13      0.89330407E-27
  478.000000000000         0.38257612E-10     -0.11630167E-24     -0.17625168E-13      0.57214329E-28
  479.000000000000         0.38241326E-10     -0.11755820E-24     -0.16286045E-13     -0.12565294E-26
  480.000000000000         0.38230901E-10     -0.11867191E-24     -0.10425019E-13     -0.11137080E-26
  481.000000000000         0.38223803E-10     -0.11853786E-24     -0.70983282E-14      0.13404773E-27
  482.000000000000         0.38213985E-10     -0.11836442E-24     -0.98182712E-14      0.17344561E-27
  483.000000000000         0.38199684E-10     -0.11752916E-24     -0.14300443E-13      0.83525603E-27
  484.000000000000         0.38185384E-10     -0.11719184E-24     -0.14300508E-13      0.33732729E-27
  485.000000000000         0.38175734E-10     -0.11782324E-24     -0.96497995E-14     -0.63140239E-27
  486.000000000000         0.38169764E-10     -0.11766335E-24     -0.59696879E-14      0.15988632E-27
  487.000000000000         0.38162474E-10     -0.11744693E-24     -0.72898743E-14      0.21642515E-27
  488.000000000000         0.38151107E-10     -0.11796348E-24     -0.11367805E-13     -0.51655664E-27
  489.000000000000         0.38138143E-10     -0.11845827E-24     -0.12964032E-13     -0.49478797E-27
  490.000000000000         0.38127963E-10     -0.11877139E-24     -0.10179942E-13     -0.31312079E-27
  491.000000000000         0.38121528E-10     -0.12028509E-24     -0.64344591E-14     -0.15137027E-26
  492.000000000000         0.38115463E-10     -0.12127420E-24     -0.60654711E-14     -0.98910176E-27
  493.000000000000         0.38106494E-10     -0.12194581E-24     -0.89691624E-14     -0.67160950E-27
  494.000000000000         0.38095463E-10     -0.12319723E-24     -0.11030944E-13     -0.12514230E-26
  495.000000000000         0.38086002E-10     -0.12553753E-24     -0.94601524E-14     -0.23403006E-26
  496.000000000000         0.38080085E-10     -0.12501961E-24     -0.59176545E-14      0.51791599E-27
  497.000000000000         0.38076175E-10     -0.12550384E-24     -0.39100491E-14     -0.48422871E-27
  498.000000000000         0.38071640E-10     -0.12424815E-24     -0.45346261E-14      0.12556955E-26
  499.000000000000         0.38065957E-10     -0.12572786E-24     -0.56835585E-14     -0.14797134E-26
  500.000000000000         0.38060789E-10     -0.12516464E-24     -0.51670678E-14      0.56321762E-27
