 #            500
    0.000000000000         0.00000000E+00      0.00000000E+00      0.00000000E+00      0.00000000E+00
    1.000000000000         0.89243597E-19      0.10502665E-22      0.89243597E-19      0.10502665E-22
    2.000000000000         0.72760157E-18      0.10639884E-22      0.63835798E-18      0.13721875E-24
    3.000000000000         0.27732409E-15      0.65977766E-23      0.27659649E-15     -0.40421073E-23
    4.000000000000         0.34049674E-13      0.10176918E-22      0.33772350E-13      0.35791418E-23
    5.000000000000         0.30193988E-12      0.20027658E-22      0.26789021E-12      0.98507396E-23
    6.000000000000         0.16013400E-11      0.24679361E-22      0.12994001E-11      0.46517028E-23
    7.000000000000         0.76227394E-11      0.28796204E-22      0.60213994E-11      0.41168430E-23
    8.000000000000         0.36939374E-10      0.22701444E-22      0.29316635E-10     -0.60947597E-23
    9.000000000000         0.17851830E-09      0.24862852E-22      0.14157893E-09      0.21614082E-23
   10.000000000000         0.79060099E-09      0.26058643E-22      0.61208269E-09      0.11957910E-23
   11.000000000000         0.30395967E-08     -0.72810508E-23      0.22489957E-08     -0.33339694E-22
   12.000000000000         0.99586421E-08     -0.61717351E-23      0.69190454E-08      0.11093157E-23
   13.000000000000         0.27748612E-07      0.46600842E-22      0.17789970E-07      0.52772577E-22
   14.000000000000         0.66441862E-07      0.15024339E-21      0.38693250E-07      0.10364254E-21
   15.000000000000         0.13667199E-06      0.16597458E-21      0.70230124E-07      0.15731197E-22
   16.000000000000         0.24530530E-06      0.29424038E-21      0.10863332E-06      0.12826579E-21
   17.000000000000         0.39101467E-06      0.72545585E-21      0.14570936E-06      0.43121548E-21
   18.000000000000         0.56515772E-06      0.87161018E-21      0.17414305E-06      0.14615433E-21
   19.000000000000         0.75725862E-06      0.97179988E-22      0.19210090E-06     -0.77443020E-21
   20.000000000000         0.95891867E-06      0.11369796E-21      0.20166005E-06      0.16517970E-22
   21.000000000000         0.11647928E-05      0.23476375E-21      0.20587411E-06      0.12106579E-21
   22.000000000000         0.13717924E-05     -0.45655474E-21      0.20699966E-06     -0.69131849E-21
   23.000000000000         0.15775358E-05     -0.51042872E-21      0.20574339E-06     -0.53873976E-22
   24.000000000000         0.17790312E-05     -0.87372949E-21      0.20149541E-06     -0.36330077E-21
   25.000000000000         0.19722037E-05     -0.11557016E-20      0.19317250E-06     -0.28197209E-21
   26.000000000000         0.21523998E-05     -0.12685138E-20      0.18019608E-06     -0.11281219E-21
   27.000000000000         0.23154630E-05     -0.15930396E-20      0.16306323E-06     -0.32452578E-21
   28.000000000000         0.24586885E-05     -0.12153584E-20      0.14322547E-06      0.37768112E-21
   29.000000000000         0.25812338E-05     -0.11228323E-20      0.12254532E-06      0.92526129E-22
   30.000000000000         0.26840007E-05     -0.11147090E-20      0.10276688E-06      0.81232823E-23
   31.000000000000         0.27693098E-05     -0.10740550E-20      0.85309051E-07      0.40653996E-22
   32.000000000000         0.28405614E-05     -0.14183722E-20      0.71251641E-07     -0.34431714E-21
   33.000000000000         0.29018542E-05     -0.15815853E-20      0.61292756E-07     -0.16321309E-21
   34.000000000000         0.29574002E-05     -0.14189393E-20      0.55546036E-07      0.16264600E-21
   35.000000000000         0.30107160E-05     -0.14040854E-20      0.53315760E-07      0.14853846E-22
   36.000000000000         0.30638123E-05     -0.14425919E-20      0.53096314E-07     -0.38506443E-22
   37.000000000000         0.31167659E-05     -0.14394591E-20      0.52953621E-07      0.31327749E-23
   38.000000000000         0.31679528E-05     -0.14185352E-20      0.51186878E-07      0.20923876E-22
   39.000000000000         0.32149107E-05     -0.16673024E-20      0.46957907E-07     -0.24876724E-21
   40.000000000000         0.32554660E-05     -0.17554026E-20      0.40555338E-07     -0.88100157E-22
   41.000000000000         0.32886327E-05     -0.16654023E-20      0.33166654E-07      0.90000341E-22
   42.000000000000         0.33149449E-05     -0.16976020E-20      0.26312204E-07     -0.32199770E-22
   43.000000000000         0.33361949E-05     -0.18190815E-20      0.21250004E-07     -0.12147943E-21
   44.000000000000         0.33547914E-05     -0.16304225E-20      0.18596559E-07      0.18865899E-21
   45.000000000000         0.33730142E-05     -0.17546130E-20      0.18222757E-07     -0.12419048E-21
   46.000000000000         0.33923671E-05     -0.16152776E-20      0.19352916E-07      0.13933534E-21
   47.000000000000         0.34131676E-05     -0.16127682E-20      0.20800495E-07      0.25094364E-23
   48.000000000000         0.34344989E-05     -0.14109066E-20      0.21331305E-07      0.20186155E-21
   49.000000000000         0.34546130E-05     -0.12378133E-20      0.20114055E-07      0.17309333E-21
   50.000000000000         0.34717058E-05     -0.12409672E-20      0.17092818E-07     -0.31538733E-23
   51.000000000000         0.34847545E-05     -0.11663661E-20      0.13048769E-07      0.74601044E-22
   52.000000000000         0.34940002E-05     -0.10756855E-20      0.92456159E-08      0.90680649E-22
   53.000000000000         0.35008208E-05     -0.11178568E-20      0.68206741E-08     -0.42171312E-22
   54.000000000000         0.35070850E-05     -0.10499953E-20      0.62641649E-08      0.67861493E-22
   55.000000000000         0.35143497E-05     -0.11144927E-20      0.72646719E-08     -0.64497423E-22
   56.000000000000         0.35232942E-05     -0.12102714E-20      0.89445712E-08     -0.95778668E-22
   57.000000000000         0.35335814E-05     -0.11624589E-20      0.10287181E-07      0.47812514E-22
   58.000000000000         0.35441079E-05     -0.12613175E-20      0.10526451E-07     -0.98858658E-22
   59.000000000000         0.35534923E-05     -0.11358024E-20      0.93843845E-08      0.12551509E-21
   60.000000000000         0.35606340E-05     -0.99451328E-21      0.71417351E-08      0.14128916E-21
   61.000000000000         0.35651749E-05     -0.10555787E-20      0.45408536E-08     -0.61065443E-22
   62.000000000000         0.35676830E-05     -0.10183917E-20      0.25081071E-08      0.37187038E-22
   63.000000000000         0.35694351E-05     -0.10121396E-20      0.17521084E-08      0.62521034E-23
   64.000000000000         0.35718492E-05     -0.11343057E-20      0.24141354E-08     -0.12216612E-21
   65.000000000000         0.35758325E-05     -0.11193462E-20      0.39833031E-08      0.14959500E-22
   66.000000000000         0.35813890E-05     -0.11582871E-20      0.55564964E-08     -0.38940892E-22
   67.000000000000         0.35876883E-05     -0.11934551E-20      0.62992860E-08     -0.35167979E-22
   68.000000000000         0.35935228E-05     -0.11108995E-20      0.58345174E-08      0.82555552E-22
   69.000000000000         0.35978808E-05     -0.12060690E-20      0.43580300E-08     -0.95169459E-22
   70.000000000000         0.36003570E-05     -0.12356007E-20      0.24761467E-08     -0.29531675E-22
   71.000000000000         0.36012661E-05     -0.11371033E-20      0.90907673E-09      0.98497332E-22
   72.000000000000         0.36014759E-05     -0.11838383E-20      0.20979895E-09     -0.46735002E-22
   73.000000000000         0.36020495E-05     -0.11733339E-20      0.57365692E-09      0.10504455E-22
   74.000000000000         0.36038161E-05     -0.12464503E-20      0.17665457E-08     -0.73116467E-22
   75.000000000000         0.36070156E-05     -0.12548818E-20      0.31995644E-08     -0.84314506E-23
   76.000000000000         0.36111798E-05     -0.12135806E-20      0.41641822E-08      0.41301219E-22
   77.000000000000         0.36153402E-05     -0.12942773E-20      0.41603531E-08     -0.80696701E-22
   78.000000000000         0.36184938E-05     -0.13376324E-20      0.31536679E-08     -0.43355143E-22
   79.000000000000         0.36200923E-05     -0.13592313E-20      0.15985021E-08     -0.21598852E-22
   80.000000000000         0.36202881E-05     -0.12923184E-20      0.19573175E-09      0.66912894E-22
   81.000000000000         0.36198177E-05     -0.13304776E-20     -0.47039650E-09     -0.38159226E-22
   82.000000000000         0.36196177E-05     -0.13433894E-20     -0.20000034E-09     -0.12911827E-22
   83.000000000000         0.36203957E-05     -0.14031585E-20      0.77804063E-09     -0.59769092E-22
   84.000000000000         0.36223547E-05     -0.14752856E-20      0.19590075E-08     -0.72127046E-22
   85.000000000000         0.36251490E-05     -0.14493937E-20      0.27943113E-08      0.25891850E-22
   86.000000000000         0.36280496E-05     -0.14494992E-20      0.29006074E-08     -0.10544656E-24
   87.000000000000         0.36302492E-05     -0.14434506E-20      0.21995452E-08      0.60485268E-23
   88.000000000000         0.36312094E-05     -0.14335766E-20      0.96017981E-09      0.98739973E-23
   89.000000000000         0.36309182E-05     -0.14859809E-20     -0.29119348E-09     -0.52404274E-22
   90.000000000000         0.36299179E-05     -0.14675879E-20     -0.10003013E-08      0.18393039E-22
   91.000000000000         0.36290504E-05     -0.14831772E-20     -0.86744600E-09     -0.15589297E-22
   92.000000000000         0.36290318E-05     -0.15141395E-20     -0.18583853E-10     -0.30962340E-22
   93.000000000000         0.36300911E-05     -0.14806067E-20      0.10593115E-08      0.33532782E-22
   94.000000000000         0.36318807E-05     -0.14754164E-20      0.17896038E-08      0.51903092E-23
   95.000000000000         0.36336905E-05     -0.14565611E-20      0.18097254E-08      0.18855299E-22
   96.000000000000         0.36348144E-05     -0.14242462E-20      0.11238941E-08      0.32314944E-22
   97.000000000000         0.36348626E-05     -0.14039609E-20      0.48269376E-10      0.20285270E-22
   98.000000000000         0.36338918E-05     -0.14011796E-20     -0.97085104E-09      0.27812921E-23
   99.000000000000         0.36323446E-05     -0.14205627E-20     -0.15472265E-08     -0.19383124E-22
  100.000000000000         0.36308546E-05     -0.14626762E-20     -0.14899777E-08     -0.42113476E-22
  101.000000000000         0.36299810E-05     -0.15131427E-20     -0.87354057E-09     -0.50466466E-22
  102.000000000000         0.36299560E-05     -0.14670272E-20     -0.25005860E-10      0.46115498E-22
  103.000000000000         0.36305590E-05     -0.15216323E-20      0.60294101E-09     -0.54605076E-22
  104.000000000000         0.36312132E-05     -0.15542541E-20      0.65423243E-09     -0.32621832E-22
  105.000000000000         0.36312843E-05     -0.15423574E-20      0.71112248E-10      0.11896700E-22
  106.000000000000         0.36304149E-05     -0.15392315E-20     -0.86942762E-09      0.31259170E-23
  107.000000000000         0.36286899E-05     -0.15404336E-20     -0.17250140E-08     -0.12021210E-23
  108.000000000000         0.36265437E-05     -0.13880961E-20     -0.21461765E-08      0.15233750E-21
  109.000000000000         0.36245000E-05     -0.13145737E-20     -0.20437527E-08      0.73522375E-22
  110.000000000000         0.36229234E-05     -0.12585131E-20     -0.15765434E-08      0.56060598E-22
  111.000000000000         0.36219042E-05     -0.12205839E-20     -0.10192409E-08      0.37929258E-22
  112.000000000000         0.36212737E-05     -0.12817796E-20     -0.63051437E-09     -0.61195731E-22
  113.000000000000         0.36206941E-05     -0.12116224E-20     -0.57956147E-09      0.70157214E-22
  114.000000000000         0.36197858E-05     -0.11974695E-20     -0.90830509E-09      0.14152853E-22
  115.000000000000         0.36182798E-05     -0.11658983E-20     -0.15059370E-08      0.31571228E-22
  116.000000000000         0.36161511E-05     -0.11877007E-20     -0.21287482E-08     -0.21802429E-22
  117.000000000000         0.36136456E-05     -0.11611688E-20     -0.25055120E-08      0.26531977E-22
  118.000000000000         0.36111556E-05     -0.11457805E-20     -0.24899923E-08      0.15388253E-22
  119.000000000000         0.36090075E-05     -0.11162149E-20     -0.21481078E-08      0.29565582E-22
  120.000000000000         0.36073054E-05     -0.11313872E-20     -0.17021140E-08     -0.15172242E-22
  121.000000000000         0.36059268E-05     -0.11543290E-20     -0.13785531E-08     -0.22941846E-22
  122.000000000000         0.36046382E-05     -0.10986098E-20     -0.12885796E-08      0.55719207E-22
  123.000000000000         0.36032179E-05     -0.10229247E-20     -0.14203359E-08      0.75685059E-22
  124.000000000000         0.36015146E-05     -0.10681353E-20     -0.17032667E-08     -0.45210598E-22
  125.000000000000         0.35994634E-05     -0.11131182E-20     -0.20512607E-08     -0.44982898E-22
  126.000000000000         0.35971078E-05     -0.11627465E-20     -0.23556125E-08     -0.49628310E-22
  127.000000000000         0.35946219E-05     -0.11794842E-20     -0.24858342E-08     -0.16737661E-22
  128.000000000000         0.35922722E-05     -0.12457593E-20     -0.23497370E-08     -0.66275099E-22
  129.000000000000         0.35902970E-05     -0.12727317E-20     -0.19751709E-08     -0.26972370E-22
  130.000000000000         0.35887744E-05     -0.12442378E-20     -0.15225833E-08      0.28493885E-22
  131.000000000000         0.35875798E-05     -0.12557572E-20     -0.11946030E-08     -0.11519368E-22
  132.000000000000         0.35864662E-05     -0.12238602E-20     -0.11135877E-08      0.31897000E-22
  133.000000000000         0.35851984E-05     -0.12065236E-20     -0.12678449E-08      0.17336539E-22
  134.000000000000         0.35836476E-05     -0.12217741E-20     -0.15508375E-08     -0.15250522E-22
  135.000000000000         0.35818171E-05     -0.12141112E-20     -0.18304393E-08      0.76629401E-23
  136.000000000000         0.35798313E-05     -0.11721041E-20     -0.19858182E-08      0.42007066E-22
  137.000000000000         0.35779113E-05     -0.12398715E-20     -0.19200351E-08     -0.67767397E-22
  138.000000000000         0.35763173E-05     -0.12579335E-20     -0.15940014E-08     -0.18061921E-22
  139.000000000000         0.35752369E-05     -0.12478639E-20     -0.10803848E-08      0.10069559E-22
  140.000000000000         0.35746655E-05     -0.13140754E-20     -0.57142883E-09     -0.66211460E-22
  141.000000000000         0.35743749E-05     -0.13181465E-20     -0.29057352E-09     -0.40711071E-23
  142.000000000000         0.35740228E-05     -0.12869606E-20     -0.35203966E-09      0.31185864E-22
  143.000000000000         0.35733436E-05     -0.12126076E-20     -0.67921798E-09      0.74353001E-22
  144.000000000000         0.35722917E-05     -0.11466849E-20     -0.10519064E-08      0.65922678E-22
  145.000000000000         0.35710495E-05     -0.11067024E-20     -0.12421925E-08      0.39982546E-22
  146.000000000000         0.35699165E-05     -0.10506560E-20     -0.11330185E-08      0.56046354E-22
  147.000000000000         0.35691656E-05     -0.97783936E-21     -0.75094519E-09      0.72816654E-22
  148.000000000000         0.35689374E-05     -0.92833464E-21     -0.22817195E-09      0.49504728E-22
  149.000000000000         0.35691925E-05     -0.89615893E-21      0.25511189E-09      0.32175701E-22
  150.000000000000         0.35697194E-05     -0.95739954E-21      0.52690511E-09     -0.61240602E-22
  151.000000000000         0.35702074E-05     -0.96688949E-21      0.48803848E-09     -0.94899505E-23
  152.000000000000         0.35703824E-05     -0.94881381E-21      0.17494670E-09      0.18075677E-22
  153.000000000000         0.35701528E-05     -0.90327736E-21     -0.22960735E-09      0.45536455E-22
  154.000000000000         0.35696746E-05     -0.87474232E-21     -0.47813902E-09      0.28535038E-22
  155.000000000000         0.35692750E-05     -0.93266098E-21     -0.39963169E-09     -0.57918664E-22
  156.000000000000         0.35692710E-05     -0.93583070E-21     -0.40262018E-11     -0.31697231E-23
  157.000000000000         0.35697983E-05     -0.92659277E-21      0.52733323E-09      0.92379356E-23
  158.000000000000         0.35707528E-05     -0.96356080E-21      0.95448111E-09     -0.36968033E-22
  159.000000000000         0.35718621E-05     -0.10696197E-20      0.11092576E-08     -0.10605889E-21
  160.000000000000         0.35728246E-05     -0.11204342E-20      0.96257358E-09     -0.50814524E-22
  161.000000000000         0.35734377E-05     -0.11049099E-20      0.61305205E-09      0.15524324E-22
  162.000000000000         0.35736702E-05     -0.10804447E-20      0.23248331E-09      0.24465223E-22
  163.000000000000         0.35736715E-05     -0.10968541E-20      0.13586465E-11     -0.16409384E-22
  164.000000000000         0.35737135E-05     -0.10938154E-20      0.41933949E-10      0.30386375E-23
  165.000000000000         0.35740704E-05     -0.10861830E-20      0.35690481E-09      0.76323702E-23
  166.000000000000         0.35748784E-05     -0.10610990E-20      0.80798165E-09      0.25084069E-22
  167.000000000000         0.35760498E-05     -0.98633836E-21      0.11714393E-08      0.74760621E-22
  168.000000000000         0.35773092E-05     -0.10365834E-20      0.12594179E-08     -0.50244991E-22
  169.000000000000         0.35783418E-05     -0.10953953E-20      0.10325744E-08     -0.58811920E-22
  170.000000000000         0.35789636E-05     -0.11608548E-20      0.62179622E-09     -0.65459493E-22
  171.000000000000         0.35792067E-05     -0.11958784E-20      0.24307525E-09     -0.35023636E-22
  172.000000000000         0.35792774E-05     -0.11507485E-20      0.70781911E-10      0.45129870E-22
  173.000000000000         0.35794335E-05     -0.11306076E-20      0.15605871E-09      0.20140940E-22
  174.000000000000         0.35798597E-05     -0.11218838E-20      0.42624656E-09      0.87237750E-23
  175.000000000000         0.35805979E-05     -0.11138276E-20      0.73812445E-09      0.80562346E-23
  176.000000000000         0.35815396E-05     -0.11947449E-20      0.94178026E-09     -0.80917355E-22
  177.000000000000         0.35824757E-05     -0.11724219E-20      0.93606798E-09      0.22323068E-22
  178.000000000000         0.35831885E-05     -0.11576695E-20      0.71275650E-09      0.14752326E-22
  179.000000000000         0.35835609E-05     -0.12101989E-20      0.37241561E-09     -0.52529356E-22
  180.000000000000         0.35836447E-05     -0.11882560E-20      0.83782497E-10      0.21942862E-22
  181.000000000000         0.35836336E-05     -0.11226496E-20     -0.11032628E-10      0.65606465E-22
  182.000000000000         0.35837462E-05     -0.11032956E-20      0.11251556E-09      0.19353934E-22
  183.000000000000         0.35840944E-05     -0.11119803E-20      0.34820354E-09     -0.86846308E-23
  184.000000000000         0.35846335E-05     -0.11264525E-20      0.53916503E-09     -0.14472207E-22
  185.000000000000         0.35852187E-05     -0.11894169E-20      0.58513126E-09     -0.62964408E-22
  186.000000000000         0.35857098E-05     -0.11852298E-20      0.49114685E-09      0.41870549E-23
  187.000000000000         0.35860434E-05     -0.12329276E-20      0.33363278E-09     -0.47697741E-22
  188.000000000000         0.35862369E-05     -0.12702844E-20      0.19351143E-09     -0.37356860E-22
  189.000000000000         0.35863539E-05     -0.12728605E-20      0.11692389E-09     -0.25761084E-23
  190.000000000000         0.35864689E-05     -0.12887264E-20      0.11506722E-09     -0.15865840E-22
  191.000000000000         0.35866431E-05     -0.12314670E-20      0.17420025E-09      0.57259345E-22
  192.000000000000         0.35869019E-05     -0.12443197E-20      0.25878894E-09     -0.12852656E-22
  193.000000000000         0.35872246E-05     -0.12218948E-20      0.32265444E-09      0.22424850E-22
  194.000000000000         0.35875647E-05     -0.11609459E-20      0.34010788E-09      0.60948917E-22
  195.000000000000         0.35878966E-05     -0.11585266E-20      0.33186749E-09      0.24192744E-23
  196.000000000000         0.35882440E-05     -0.11538104E-20      0.34740772E-09      0.47162606E-23
  197.000000000000         0.35886532E-05     -0.11077758E-20      0.40926215E-09      0.46034536E-22
  198.000000000000         0.35891310E-05     -0.11047811E-20      0.47776059E-09      0.29947011E-23
  199.000000000000         0.35896147E-05     -0.10630285E-20      0.48371236E-09      0.41752674E-22
  200.000000000000         0.35900184E-05     -0.10526800E-20      0.40373842E-09      0.10348513E-22
  201.000000000000         0.35903186E-05     -0.10849640E-20      0.30012338E-09     -0.32283992E-22
  202.000000000000         0.35905972E-05     -0.10001587E-20      0.27868968E-09      0.84805231E-22
  203.000000000000         0.35909988E-05     -0.95555619E-21      0.40158920E-09      0.44602532E-22
  204.000000000000         0.35916347E-05     -0.93499873E-21      0.63583185E-09      0.20557459E-22
  205.000000000000         0.35925122E-05     -0.89012647E-21      0.87757370E-09      0.44872259E-22
  206.000000000000         0.35935316E-05     -0.90126392E-21      0.10193979E-08     -0.11137445E-22
  207.000000000000         0.35945363E-05     -0.92158325E-21      0.10046621E-08     -0.20319332E-22
  208.000000000000         0.35953844E-05     -0.94140364E-21      0.84805997E-09     -0.19820393E-22
  209.000000000000         0.35960179E-05     -0.10128317E-20      0.63358613E-09     -0.71428078E-22
  210.000000000000         0.35965107E-05     -0.98833040E-21      0.49272902E-09      0.24501321E-22
  211.000000000000         0.35970593E-05     -0.95858697E-21      0.54860561E-09      0.29743422E-22
  212.000000000000         0.35978939E-05     -0.92912278E-21      0.83465976E-09      0.29464190E-22
  213.000000000000         0.35991383E-05     -0.87215820E-21      0.12443480E-08      0.56964588E-22
  214.000000000000         0.36007108E-05     -0.89507599E-21      0.15725428E-08     -0.22917789E-22
  215.000000000000         0.36023525E-05     -0.87366555E-21      0.16417153E-08      0.21410438E-22
  216.000000000000         0.36037771E-05     -0.88343706E-21      0.14245697E-08     -0.97715170E-23
  217.000000000000         0.36048435E-05     -0.84977212E-21      0.10663481E-08      0.33664944E-22
  218.000000000000         0.36056341E-05     -0.86239573E-21      0.79067766E-09     -0.12623609E-22
  219.000000000000         0.36063984E-05     -0.89446275E-21      0.76421934E-09     -0.32067023E-22
  220.000000000000         0.36074108E-05     -0.87195337E-21      0.10124348E-08      0.22509378E-22
  221.000000000000         0.36088325E-05     -0.91781205E-21      0.14216846E-08     -0.45858672E-22
  222.000000000000         0.36106356E-05     -0.91627461E-21      0.18031648E-08      0.15374415E-23
  223.000000000000         0.36126150E-05     -0.96628407E-21      0.19793833E-08     -0.50009469E-22
  224.000000000000         0.36144808E-05     -0.95357000E-21      0.18657433E-08      0.12714073E-22
  225.000000000000         0.36160016E-05     -0.94803689E-21      0.15208700E-08      0.55331103E-23
  226.000000000000         0.36171336E-05     -0.95398636E-21      0.11319620E-08     -0.59494670E-23
  227.000000000000         0.36180551E-05     -0.88484480E-21      0.92146979E-09      0.69141559E-22
  228.000000000000         0.36190719E-05     -0.83399807E-21      0.10168687E-08      0.50846726E-22
  229.000000000000         0.36204406E-05     -0.83253883E-21      0.13687018E-08      0.14592433E-23
  230.000000000000         0.36222203E-05     -0.84536248E-21      0.17796041E-08     -0.12823651E-22
  231.000000000000         0.36242468E-05     -0.87586433E-21      0.20265684E-08     -0.30501854E-22
  232.000000000000         0.36262372E-05     -0.77729118E-21      0.19903733E-08      0.98573151E-22
  233.000000000000         0.36279466E-05     -0.85737683E-21      0.17094026E-08     -0.80085643E-22
  234.000000000000         0.36292862E-05     -0.84339457E-21      0.13395981E-08      0.13982252E-22
  235.000000000000         0.36303493E-05     -0.81762877E-21      0.10631339E-08      0.25765808E-22
  236.000000000000         0.36313512E-05     -0.79384131E-21      0.10018566E-08      0.23787459E-22
  237.000000000000         0.36325202E-05     -0.77217154E-21      0.11689976E-08      0.21669765E-22
  238.000000000000         0.36339886E-05     -0.80495828E-21      0.14684393E-08     -0.32786736E-22
  239.000000000000         0.36357283E-05     -0.82086787E-21      0.17396936E-08     -0.15909593E-22
  240.000000000000         0.36375643E-05     -0.79757029E-21      0.18359709E-08      0.23297583E-22
  241.000000000000         0.36392667E-05     -0.81927498E-21      0.17024088E-08     -0.21704692E-22
  242.000000000000         0.36406754E-05     -0.84803641E-21      0.14087237E-08     -0.28761431E-22
  243.000000000000         0.36417851E-05     -0.85690374E-21      0.11096399E-08     -0.88673309E-23
  244.000000000000         0.36427389E-05     -0.85500931E-21      0.95387195E-09      0.18944357E-23
  245.000000000000         0.36437388E-05     -0.83844657E-21      0.99990853E-09      0.16562736E-22
  246.000000000000         0.36449302E-05     -0.83666313E-21      0.11913577E-08      0.17834399E-23
  247.000000000000         0.36463314E-05     -0.83477685E-21      0.14012123E-08      0.18862821E-23
  248.000000000000         0.36478407E-05     -0.83175478E-21      0.15093086E-08      0.30220682E-23
  249.000000000000         0.36493044E-05     -0.81434351E-21      0.14637077E-08      0.17411273E-22
  250.000000000000         0.36506011E-05     -0.79602834E-21      0.12966757E-08      0.18315169E-22
  251.000000000000         0.36516979E-05     -0.76696634E-21      0.10968204E-08      0.29061994E-22
  252.000000000000         0.36526571E-05     -0.76576015E-21      0.95920653E-09      0.12061956E-23
  253.000000000000         0.36535957E-05     -0.76318819E-21      0.93859718E-09      0.25719600E-23
  254.000000000000         0.36546207E-05     -0.71352656E-21      0.10249924E-08      0.49661623E-22
  255.000000000000         0.36557724E-05     -0.70786575E-21      0.11516846E-08      0.56608143E-23
  256.000000000000         0.36570058E-05     -0.73090374E-21      0.12333624E-08     -0.23037990E-22
  257.000000000000         0.36582215E-05     -0.74978214E-21      0.12157730E-08     -0.18878405E-22
  258.000000000000         0.36593300E-05     -0.72963464E-21      0.11084683E-08      0.20147510E-22
  259.000000000000         0.36603088E-05     -0.74118057E-21      0.97883335E-09     -0.11545933E-22
  260.000000000000         0.36612174E-05     -0.76538876E-21      0.90853393E-09     -0.24208192E-22
  261.000000000000         0.36621560E-05     -0.77591764E-21      0.93858393E-09     -0.10528880E-22
  262.000000000000         0.36631955E-05     -0.79272189E-21      0.10395603E-08     -0.16804253E-22
  263.000000000000         0.36643250E-05     -0.76207490E-21      0.11294472E-08      0.30646993E-22
  264.000000000000         0.36654549E-05     -0.79840228E-21      0.11299110E-08     -0.36327374E-22
  265.000000000000         0.36664783E-05     -0.78757981E-21      0.10233767E-08      0.10822464E-22
  266.000000000000         0.36673477E-05     -0.77425439E-21      0.86939933E-09      0.13325418E-22
  267.000000000000         0.36681138E-05     -0.77414517E-21      0.76619404E-09      0.10922616E-24
  268.000000000000         0.36688976E-05     -0.77636780E-21      0.78372762E-09     -0.22226309E-23
  269.000000000000         0.36698132E-05     -0.75695777E-21      0.91560007E-09      0.19410029E-22
  270.000000000000         0.36708951E-05     -0.77223472E-21      0.10819126E-08     -0.15276949E-22
  271.000000000000         0.36720729E-05     -0.74751384E-21      0.11778219E-08      0.24720875E-22
  272.000000000000         0.36732065E-05     -0.75976389E-21      0.11336430E-08     -0.12250052E-22
  273.000000000000         0.36741590E-05     -0.77121821E-21      0.95243274E-09     -0.11454317E-22
  274.000000000000         0.36748704E-05     -0.80482670E-21      0.71144855E-09     -0.33608494E-22
  275.000000000000         0.36754007E-05     -0.71650119E-21      0.53025407E-09      0.88325519E-22
  276.000000000000         0.36759148E-05     -0.67011799E-21      0.51415041E-09      0.46383192E-22
  277.000000000000         0.36766055E-05     -0.69352946E-21      0.69062365E-09     -0.23411467E-22
  278.000000000000         0.36775790E-05     -0.77130802E-21      0.97357748E-09     -0.77778556E-22
  279.000000000000         0.36787721E-05     -0.78511599E-21      0.11930567E-08     -0.13807976E-22
  280.000000000000         0.36799651E-05     -0.78917595E-21      0.11929669E-08     -0.40599550E-23
  281.000000000000         0.36809050E-05     -0.76126462E-21      0.93991039E-09      0.27911334E-22
  282.000000000000         0.36814640E-05     -0.79148161E-21      0.55900875E-09     -0.30217000E-22
  283.000000000000         0.36817229E-05     -0.73549153E-21      0.25891371E-09      0.55990086E-22
  284.000000000000         0.36819201E-05     -0.77461889E-21      0.19719664E-09     -0.39127364E-22
  285.000000000000         0.36823061E-05     -0.74686357E-21      0.38597577E-09      0.27755321E-22
  286.000000000000         0.36830054E-05     -0.67935893E-21      0.69936109E-09      0.67504643E-22
  287.000000000000         0.36839643E-05     -0.66245229E-21      0.95883017E-09      0.16906637E-22
  288.000000000000         0.36849898E-05     -0.71879948E-21      0.10255723E-08     -0.56347192E-22
  289.000000000000         0.36858432E-05     -0.66408649E-21      0.85341185E-09      0.54712999E-22
  290.000000000000         0.36863455E-05     -0.62999583E-21      0.50226839E-09      0.34090652E-22
  291.000000000000         0.36864675E-05     -0.60092292E-21      0.12197611E-09      0.29072915E-22
  292.000000000000         0.36863648E-05     -0.51815618E-21     -0.10269214E-09      0.82766734E-22
  293.000000000000         0.36863161E-05     -0.61968383E-21     -0.48646720E-10     -0.10152764E-21
  294.000000000000         0.36865703E-05     -0.65449377E-21      0.25416746E-09     -0.34809946E-22
  295.000000000000         0.36871874E-05     -0.61987685E-21      0.61708014E-09      0.34616919E-22
  296.000000000000         0.36879923E-05     -0.57605906E-21      0.80492980E-09      0.43817795E-22
  297.000000000000         0.36886866E-05     -0.61765464E-21      0.69423288E-09     -0.41595583E-22
  298.000000000000         0.36890386E-05     -0.55052028E-21      0.35203481E-09      0.67134359E-22
  299.000000000000         0.36890132E-05     -0.55435626E-21     -0.25382563E-10     -0.38359741E-23
  300.000000000000         0.36887606E-05     -0.57831875E-21     -0.25262426E-09     -0.23962495E-22
  301.000000000000         0.36885039E-05     -0.66231432E-21     -0.25670993E-09     -0.83995570E-22
  302.000000000000         0.36884225E-05     -0.68917366E-21     -0.81341253E-10     -0.26859337E-22
  303.000000000000         0.36885907E-05     -0.70139573E-21      0.16812690E-09     -0.12222068E-22
  304.000000000000         0.36889645E-05     -0.67078887E-21      0.37379739E-09      0.30606857E-22
  305.000000000000         0.36893984E-05     -0.63019344E-21      0.43393974E-09      0.40595429E-22
  306.000000000000         0.36896975E-05     -0.61511793E-21      0.29905337E-09      0.15075508E-22
  307.000000000000         0.36897137E-05     -0.61222626E-21      0.16210904E-10      0.28916727E-23
  308.000000000000         0.36894446E-05     -0.61675895E-21     -0.26905481E-09     -0.45326862E-23
  309.000000000000         0.36890522E-05     -0.58407766E-21     -0.39243357E-09      0.32681285E-22
  310.000000000000         0.36887639E-05     -0.50987138E-21     -0.28825965E-09      0.74206286E-22
  311.000000000000         0.36887215E-05     -0.52146795E-21     -0.42396814E-10     -0.11596574E-22
  312.000000000000         0.36888963E-05     -0.51393399E-21      0.17473589E-09      0.75339582E-23
  313.000000000000         0.36891341E-05     -0.50537436E-21      0.23781915E-09      0.85596367E-23
  314.000000000000         0.36892780E-05     -0.43203082E-21      0.14397608E-09      0.73343532E-22
  315.000000000000         0.36892600E-05     -0.45972855E-21     -0.18058208E-10     -0.27697722E-22
  316.000000000000         0.36891050E-05     -0.40176347E-21     -0.15502615E-09      0.57965077E-22
  317.000000000000         0.36888830E-05     -0.40012998E-21     -0.22197236E-09      0.16334932E-23
  318.000000000000         0.36886710E-05     -0.39510449E-21     -0.21202934E-09      0.50254846E-23
  319.000000000000         0.36885405E-05     -0.40061155E-21     -0.13046851E-09     -0.55070556E-23
  320.000000000000         0.36885411E-05     -0.39019021E-21      0.65325472E-12      0.10421337E-22
  321.000000000000         0.36886651E-05     -0.38153766E-21      0.12391343E-09      0.86525464E-23
  322.000000000000         0.36888293E-05     -0.40240702E-21      0.16419762E-09     -0.20869357E-22
  323.000000000000         0.36889183E-05     -0.38970256E-21      0.89070417E-10      0.12704456E-22
  324.000000000000         0.36888705E-05     -0.38194528E-21     -0.47821709E-10      0.77572847E-23
  325.000000000000         0.36887315E-05     -0.37126663E-21     -0.13905270E-09      0.10678654E-22
  326.000000000000         0.36886185E-05     -0.34821961E-21     -0.11297470E-09      0.23047014E-22
  327.000000000000         0.36886231E-05     -0.35657425E-21      0.46533548E-11     -0.83546420E-23
  328.000000000000         0.36887418E-05     -0.34603087E-21      0.11869927E-09      0.10543382E-22
  329.000000000000         0.36888942E-05     -0.36534782E-21      0.15238175E-09     -0.19316951E-22
  330.000000000000         0.36890002E-05     -0.38082054E-21      0.10600308E-09     -0.15472711E-22
  331.000000000000         0.36890365E-05     -0.40129347E-21      0.36309567E-10     -0.20472933E-22
  332.000000000000         0.36890296E-05     -0.38600563E-21     -0.69132838E-11      0.15287838E-22
  333.000000000000         0.36890150E-05     -0.40229885E-21     -0.14603761E-10     -0.16293219E-22
  334.000000000000         0.36890162E-05     -0.38732467E-21      0.12093001E-11      0.14974177E-22
  335.000000000000         0.36890538E-05     -0.39463218E-21      0.37617192E-10     -0.73075096E-23
  336.000000000000         0.36891489E-05     -0.36234577E-21      0.95053642E-10      0.32286410E-22
  337.000000000000         0.36892962E-05     -0.30732491E-21      0.14726887E-09      0.55020859E-22
  338.000000000000         0.36894370E-05     -0.31251763E-21      0.14081485E-09     -0.51927135E-23
  339.000000000000         0.36894816E-05     -0.27942366E-21      0.44610114E-10      0.33093967E-22
  340.000000000000         0.36893814E-05     -0.26591853E-21     -0.10016320E-09      0.13505126E-22
  341.000000000000         0.36891855E-05     -0.24527707E-21     -0.19591666E-09      0.20641467E-22
  342.000000000000         0.36890155E-05     -0.18102249E-21     -0.17000843E-09      0.64254575E-22
  343.000000000000         0.36889706E-05     -0.23564399E-21     -0.44863197E-10     -0.54621494E-22
  344.000000000000         0.36890467E-05     -0.20709847E-21      0.76050680E-10      0.28545520E-22
  345.000000000000         0.36891411E-05     -0.21324198E-21      0.94453215E-10     -0.61435193E-23
  346.000000000000         0.36891328E-05     -0.21322783E-21     -0.83045826E-11      0.14151068E-25
  347.000000000000         0.36889594E-05     -0.21715608E-21     -0.17342042E-09     -0.39282476E-23
  348.000000000000         0.36886346E-05     -0.22460665E-21     -0.32478620E-09     -0.74505707E-23
  349.000000000000         0.36882173E-05     -0.25708134E-21     -0.41728120E-09     -0.32474689E-22
  350.000000000000         0.36877803E-05     -0.32558605E-21     -0.43700924E-09     -0.68504705E-22
  351.000000000000         0.36873967E-05     -0.38341426E-21     -0.38367761E-09     -0.57828216E-22
  352.000000000000         0.36871191E-05     -0.36575274E-21     -0.27753215E-09      0.17661523E-22
  353.000000000000         0.36869385E-05     -0.33678187E-21     -0.18066561E-09      0.28970869E-22
  354.000000000000         0.36867559E-05     -0.36565240E-21     -0.18258128E-09     -0.28870534E-22
  355.000000000000         0.36864213E-05     -0.35975782E-21     -0.33455929E-09      0.58945829E-23
  356.000000000000         0.36858329E-05     -0.41495577E-21     -0.58846522E-09     -0.55197946E-22
  357.000000000000         0.36850209E-05     -0.32594735E-21     -0.81194840E-09      0.89008417E-22
  358.000000000000         0.36841379E-05     -0.33288407E-21     -0.88296062E-09     -0.69367154E-23
  359.000000000000         0.36833546E-05     -0.32991694E-21     -0.78335279E-09      0.29671288E-23
  360.000000000000         0.36827468E-05     -0.26646509E-21     -0.60778532E-09      0.63451843E-22
  361.000000000000         0.36822606E-05     -0.19256654E-21     -0.48625233E-09      0.73898554E-22
  362.000000000000         0.36817647E-05     -0.21343168E-21     -0.49583006E-09     -0.20865135E-22
  363.000000000000         0.36811336E-05     -0.23072037E-21     -0.63116835E-09     -0.17288694E-22
  364.000000000000         0.36803002E-05     -0.27566208E-21     -0.83331045E-09     -0.44941713E-22
  365.000000000000         0.36792719E-05     -0.28304818E-21     -0.10283246E-08     -0.73860931E-23
  366.000000000000         0.36781252E-05     -0.19036107E-21     -0.11467441E-08      0.92687101E-22
  367.000000000000         0.36769863E-05     -0.14064840E-21     -0.11388938E-08      0.49712672E-22
  368.000000000000         0.36759819E-05     -0.15211792E-21     -0.10043465E-08     -0.11469516E-22
  369.000000000000         0.36751668E-05     -0.17835195E-21     -0.81511401E-09     -0.26234034E-22
  370.000000000000         0.36744754E-05     -0.17394411E-21     -0.69144294E-09      0.44078397E-23
  371.000000000000         0.36737493E-05     -0.11716934E-21     -0.72606373E-09      0.56774776E-22
  372.000000000000         0.36728374E-05     -0.16526929E-21     -0.91194341E-09     -0.48099955E-22
  373.000000000000         0.36716975E-05     -0.18985464E-21     -0.11398518E-08     -0.24585347E-22
  374.000000000000         0.36704233E-05     -0.17489363E-21     -0.12742465E-08      0.14961008E-22
  375.000000000000         0.36691776E-05     -0.21866600E-21     -0.12457104E-08     -0.43772372E-22
  376.000000000000         0.36680901E-05     -0.24233302E-21     -0.10874345E-08     -0.23667018E-22
  377.000000000000         0.36671921E-05     -0.26637393E-21     -0.89799264E-09     -0.24040913E-22
  378.000000000000         0.36664194E-05     -0.27892053E-21     -0.77269889E-09     -0.12546600E-22
  379.000000000000         0.36656626E-05     -0.29372150E-21     -0.75681575E-09     -0.14800969E-22
  380.000000000000         0.36648239E-05     -0.24141242E-21     -0.83870610E-09      0.52309085E-22
  381.000000000000         0.36638575E-05     -0.32042306E-21     -0.96640953E-09     -0.79010637E-22
  382.000000000000         0.36627882E-05     -0.34037779E-21     -0.10692976E-08     -0.19954730E-22
  383.000000000000         0.36617050E-05     -0.35220118E-21     -0.10832332E-08     -0.11823395E-22
  384.000000000000         0.36607234E-05     -0.42630501E-21     -0.98152693E-09     -0.74103824E-22
  385.000000000000         0.36599254E-05     -0.44937438E-21     -0.79802493E-09     -0.23069371E-22
  386.000000000000         0.36593078E-05     -0.46849115E-21     -0.61764687E-09     -0.19116770E-22
  387.000000000000         0.36587801E-05     -0.49816501E-21     -0.52771203E-09     -0.29673859E-22
  388.000000000000         0.36582207E-05     -0.46362112E-21     -0.55932879E-09      0.34543883E-22
  389.000000000000         0.36575564E-05     -0.44047188E-21     -0.66432771E-09      0.23149242E-22
  390.000000000000         0.36568078E-05     -0.44353761E-21     -0.74857149E-09     -0.30657260E-23
  391.000000000000         0.36560706E-05     -0.41306885E-21     -0.73721666E-09      0.30468761E-22
  392.000000000000         0.36554485E-05     -0.32484287E-21     -0.62213217E-09      0.88225979E-22
  393.000000000000         0.36549902E-05     -0.34727641E-21     -0.45832946E-09     -0.22433542E-22
  394.000000000000         0.36546709E-05     -0.31794363E-21     -0.31921372E-09      0.29332776E-22
  395.000000000000         0.36544208E-05     -0.30450680E-21     -0.25012805E-09      0.13436834E-22
  396.000000000000         0.36541693E-05     -0.33227648E-21     -0.25148666E-09     -0.27769685E-22
  397.000000000000         0.36538777E-05     -0.32213077E-21     -0.29159871E-09      0.10145716E-22
  398.000000000000         0.36535493E-05     -0.20504698E-21     -0.32846820E-09      0.11708379E-21
  399.000000000000         0.36532240E-05     -0.19706063E-21     -0.32522023E-09      0.79863510E-23
  400.000000000000         0.36529630E-05     -0.14024439E-21     -0.26104045E-09      0.56816245E-22
  401.000000000000         0.36528199E-05     -0.92729851E-22     -0.14306964E-09      0.47514536E-22
  402.000000000000         0.36528080E-05     -0.13203103E-21     -0.11905094E-10     -0.39301181E-22
  403.000000000000         0.36528821E-05     -0.15899355E-21      0.74104608E-10     -0.26962519E-22
  404.000000000000         0.36529583E-05     -0.18446264E-21      0.76129488E-10     -0.25469085E-22
  405.000000000000         0.36529665E-05     -0.20278453E-21      0.82804573E-11     -0.18321892E-22
  406.000000000000         0.36529011E-05     -0.18991227E-21     -0.65461618E-10      0.12872262E-22
  407.000000000000         0.36528252E-05     -0.19751940E-21     -0.75884232E-10     -0.76071288E-23
  408.000000000000         0.36528246E-05     -0.19686535E-21     -0.56386808E-12      0.65404979E-24
  409.000000000000         0.36529455E-05     -0.20797764E-21      0.12084695E-09     -0.11112290E-22
  410.000000000000         0.36531652E-05     -0.24398997E-21      0.21973189E-09     -0.36012338E-22
  411.000000000000         0.36534141E-05     -0.28661781E-21      0.24889044E-09     -0.42627832E-22
  412.000000000000         0.36536222E-05     -0.27655480E-21      0.20812286E-09      0.10063008E-22
  413.000000000000         0.36537541E-05     -0.22680810E-21      0.13188995E-09      0.49746700E-22
  414.000000000000         0.36538154E-05     -0.17093994E-21      0.61300617E-10      0.55868160E-22
  415.000000000000         0.36538429E-05     -0.16686848E-21      0.27485826E-10      0.40714583E-23
  416.000000000000         0.36538915E-05     -0.14739716E-21      0.48596521E-10      0.19471323E-22
  417.000000000000         0.36540158E-05     -0.19299288E-21      0.12432833E-09     -0.45595729E-22
  418.000000000000         0.36542396E-05     -0.21221216E-21      0.22380329E-09     -0.19219275E-22
  419.000000000000         0.36545265E-05     -0.20922134E-21      0.28686489E-09      0.29908199E-23
  420.000000000000         0.36547837E-05     -0.24678473E-21      0.25724198E-09     -0.37563390E-22
  421.000000000000         0.36549147E-05     -0.26401631E-21      0.13094776E-09     -0.17231579E-22
  422.000000000000         0.36548888E-05     -0.28186075E-21     -0.25850565E-10     -0.17844442E-22
  423.000000000000         0.36547715E-05     -0.29007667E-21     -0.11728693E-09     -0.82159212E-23
  424.000000000000         0.36546817E-05     -0.33070692E-21     -0.89843848E-10     -0.40630254E-22
  425.000000000000         0.36547078E-05     -0.31670375E-21      0.26090701E-10      0.14003173E-22
  426.000000000000         0.36548498E-05     -0.33646531E-21      0.14201468E-09     -0.19761563E-22
  427.000000000000         0.36550285E-05     -0.36956633E-21      0.17870605E-09     -0.33101012E-22
  428.000000000000         0.36551433E-05     -0.38240439E-21      0.11481372E-09     -0.12838065E-22
  429.000000000000         0.36551273E-05     -0.41121645E-21     -0.16036683E-10     -0.28812057E-22
  430.000000000000         0.36549687E-05     -0.41246060E-21     -0.15854322E-09     -0.12441515E-23
  431.000000000000         0.36547079E-05     -0.39644249E-21     -0.26084563E-09      0.16018113E-22
  432.000000000000         0.36544249E-05     -0.37485443E-21     -0.28296989E-09      0.21588058E-22
  433.000000000000         0.36542157E-05     -0.33991798E-21     -0.20920735E-09      0.34936449E-22
  434.000000000000         0.36541441E-05     -0.33066353E-21     -0.71617567E-10      0.92544512E-23
  435.000000000000         0.36541890E-05     -0.30712587E-21      0.44857536E-10      0.23537655E-22
  436.000000000000         0.36542358E-05     -0.25252494E-21      0.46841406E-10      0.54600934E-22
  437.000000000000         0.36541425E-05     -0.23674548E-21     -0.93258010E-10      0.15779461E-22
  438.000000000000         0.36538420E-05     -0.24534004E-21     -0.30057898E-09     -0.85945555E-23
  439.000000000000         0.36533970E-05     -0.21661569E-21     -0.44493631E-09      0.28724346E-22
  440.000000000000         0.36529579E-05     -0.25141797E-21     -0.43911631E-09     -0.34802282E-22
  441.000000000000         0.36526558E-05     -0.17970565E-21     -0.30210350E-09      0.71712324E-22
  442.000000000000         0.36525216E-05     -0.19799022E-21     -0.13425012E-09     -0.18284576E-22
  443.000000000000         0.36524852E-05     -0.25929367E-21     -0.36312901E-10     -0.61303452E-22
  444.000000000000         0.36524367E-05     -0.18016885E-21     -0.48595388E-10      0.79124827E-22
  445.000000000000         0.36522874E-05     -0.16455733E-21     -0.14923229E-09      0.15611515E-22
  446.000000000000         0.36520018E-05     -0.15710799E-21     -0.28562784E-09      0.74493418E-23
  447.000000000000         0.36516049E-05     -0.10098067E-21     -0.39690721E-09      0.56127323E-22
  448.000000000000         0.36511809E-05     -0.12614865E-21     -0.42395872E-09     -0.25167987E-22
  449.000000000000         0.36508481E-05     -0.36387703E-22     -0.33286854E-09      0.89760950E-22
  450.000000000000         0.36506963E-05     -0.32918108E-22     -0.15175203E-09      0.34695953E-23
  451.000000000000         0.36507188E-05      0.32606833E-22      0.22465505E-10      0.65524941E-22
  452.000000000000         0.36507993E-05      0.29818230E-22      0.80570423E-10     -0.27886023E-23
  453.000000000000         0.36507867E-05      0.80894753E-23     -0.12614379E-10     -0.21728755E-22
  454.000000000000         0.36506052E-05      0.26242681E-22     -0.18157533E-09      0.18153206E-22
  455.000000000000         0.36503097E-05      0.76455422E-22     -0.29550115E-09      0.50212740E-22
  456.000000000000         0.36500400E-05      0.13811296E-21     -0.26965458E-09      0.61657534E-22
  457.000000000000         0.36499178E-05      0.11459914E-21     -0.12217816E-09     -0.23513821E-22
  458.000000000000         0.36499740E-05      0.94168233E-22      0.56178949E-10     -0.20430902E-22
  459.000000000000         0.36501515E-05      0.81581802E-22      0.17754101E-09     -0.12586431E-22
  460.000000000000         0.36503578E-05      0.50518582E-22      0.20625206E-09     -0.31063220E-22
  461.000000000000         0.36505144E-05      0.10845059E-21      0.15656942E-09      0.57932009E-22
  462.000000000000         0.36505833E-05      0.44686032E-22      0.68915364E-10     -0.63764559E-22
  463.000000000000         0.36505796E-05      0.50138875E-22     -0.37054717E-11      0.54528421E-23
  464.000000000000         0.36505737E-05     -0.10356127E-23     -0.58552907E-11     -0.51174487E-22
  465.000000000000         0.36506665E-05      0.64493626E-22      0.92792622E-10      0.65529239E-22
  466.000000000000         0.36509302E-05      0.61562025E-22      0.26370859E-09     -0.29316007E-23
  467.000000000000         0.36513511E-05      0.12298806E-21      0.42086564E-09      0.61426032E-22
  468.000000000000         0.36518271E-05      0.81465381E-22      0.47603169E-09     -0.41522676E-22
  469.000000000000         0.36522361E-05      0.89255401E-22      0.40899306E-09      0.77900193E-23
  470.000000000000         0.36525237E-05      0.25023012E-22      0.28764177E-09     -0.64232388E-22
  471.000000000000         0.36527391E-05     -0.22482486E-22      0.21534600E-09     -0.47505498E-22
  472.000000000000         0.36529914E-05      0.50543052E-22      0.25231612E-09      0.73025538E-22
  473.000000000000         0.36533705E-05      0.69358942E-22      0.37905036E-09      0.18815890E-22
  474.000000000000         0.36538945E-05      0.69098847E-22      0.52406015E-09     -0.26009485E-24
  475.000000000000         0.36545141E-05      0.59043807E-22      0.61955691E-09     -0.10055040E-22
  476.000000000000         0.36551507E-05      0.53535254E-22      0.63661505E-09     -0.55085537E-23
  477.000000000000         0.36557367E-05      0.38099419E-22      0.58600305E-09     -0.15435835E-22
  478.000000000000         0.36562406E-05      0.49617727E-22      0.50385558E-09      0.11518308E-22
  479.000000000000         0.36566794E-05      0.76618567E-22      0.43884325E-09      0.27000840E-22
  480.000000000000         0.36571163E-05      0.95080830E-22      0.43689641E-09      0.18462263E-22
  481.000000000000         0.36576329E-05      0.97563024E-22      0.51659139E-09      0.24821939E-23
  482.000000000000         0.36582810E-05      0.14137856E-21      0.64815756E-09      0.43815539E-22
  483.000000000000         0.36590427E-05      0.17613994E-21      0.76170155E-09      0.34761382E-22
  484.000000000000         0.36598333E-05      0.19074016E-21      0.79052476E-09      0.14600211E-22
  485.000000000000         0.36605530E-05      0.19730293E-21      0.71974096E-09      0.65627726E-23
  486.000000000000         0.36611522E-05      0.18643327E-21      0.59921038E-09     -0.10869659E-22
  487.000000000000         0.36616610E-05      0.18022148E-21      0.50876843E-09     -0.62117948E-23
  488.000000000000         0.36621651E-05      0.14785256E-21      0.50408474E-09     -0.32368911E-22
  489.000000000000         0.36627494E-05      0.17632955E-21      0.58430017E-09      0.28476991E-22
  490.000000000000         0.36634494E-05      0.15646950E-21      0.69998160E-09     -0.19860057E-22
  491.000000000000         0.36642370E-05      0.13070729E-21      0.78766326E-09     -0.25762210E-22
  492.000000000000         0.36650408E-05      0.10214862E-21      0.80382390E-09     -0.28558665E-22
  493.000000000000         0.36657826E-05      0.36650462E-22      0.74179340E-09     -0.65498160E-22
  494.000000000000         0.36664139E-05      0.41717328E-22      0.63124087E-09      0.50668651E-23
  495.000000000000         0.36669391E-05      0.48713510E-22      0.52523652E-09      0.69961822E-23
  496.000000000000         0.36674166E-05      0.68300193E-22      0.47751046E-09      0.19586683E-22
  497.000000000000         0.36679314E-05      0.61669541E-22      0.51481453E-09     -0.66306515E-23
  498.000000000000         0.36685492E-05      0.46119016E-22      0.61780210E-09     -0.15550526E-22
  499.000000000000         0.36692756E-05      0.48371502E-23      0.72633006E-09     -0.41281865E-22
  500.000000000000         0.36700474E-05     -0.92612374E-23      0.77184043E-09     -0.14098388E-22
