 #            500
    0.000000000000         0.00000000E+00      0.00000000E+00      0.00000000E+00      0.00000000E+00
    1.000000000000        -0.89502418E-23      0.35698625E-28     -0.89502418E-23      0.35698625E-28
    2.000000000000         0.61406980E-19      0.36301255E-28      0.61415930E-19      0.60262972E-30
    3.000000000000         0.68128266E-17      0.98552733E-28      0.67514196E-17      0.62251478E-28
    4.000000000000         0.15707040E-15      0.69561335E-28      0.15025757E-15     -0.28991397E-28
    5.000000000000         0.63993162E-15     -0.27331494E-28      0.48286122E-15     -0.96892829E-28
    6.000000000000         0.15678667E-14     -0.96907885E-28      0.92793510E-15     -0.69576391E-28
    7.000000000000         0.26603771E-14     -0.94791640E-28      0.10925104E-14      0.21162445E-29
    8.000000000000         0.40412694E-14     -0.13276915E-27      0.13808923E-14     -0.37977510E-28
    9.000000000000         0.88570287E-14     -0.23072748E-27      0.48157593E-14     -0.97958325E-28
   10.000000000000         0.22973802E-13     -0.20483080E-27      0.14116773E-13      0.25896675E-28
   11.000000000000         0.43986002E-13     -0.23333672E-27      0.21012200E-13     -0.28505922E-28
   12.000000000000         0.61486238E-13     -0.71882071E-27      0.17500236E-13     -0.48548399E-27
   13.000000000000         0.94757548E-13     -0.63489046E-27      0.33271310E-13      0.83930252E-28
   14.000000000000         0.25441494E-12      0.70153314E-29      0.15965739E-12      0.64190579E-27
   15.000000000000         0.61851767E-12      0.81341874E-27      0.36410273E-12      0.80640341E-27
   16.000000000000         0.13212822E-11      0.17504630E-26      0.70276449E-12      0.93704421E-27
   17.000000000000         0.19748929E-11     -0.74346101E-27      0.65361079E-12     -0.24939240E-26
   18.000000000000         0.23274219E-11     -0.10911891E-27      0.35252894E-12      0.63434210E-27
   19.000000000000         0.24614292E-11     -0.15476321E-26      0.13400734E-12     -0.14385132E-26
   20.000000000000         0.27554501E-11     -0.21915673E-28      0.29402092E-12      0.15257164E-26
   21.000000000000         0.39937336E-11      0.17931731E-26      0.12382834E-11      0.18150888E-26
   22.000000000000         0.63065012E-11      0.37381474E-26      0.23127677E-11      0.19449743E-26
   23.000000000000         0.86456349E-11     -0.10133496E-26      0.23391337E-11     -0.47514970E-26
   24.000000000000         0.10055482E-10      0.17474229E-26      0.14098475E-11      0.27607725E-26
   25.000000000000         0.10899884E-10      0.64000339E-27      0.84440148E-12     -0.11074195E-26
   26.000000000000         0.12259483E-10     -0.12300888E-26      0.13595986E-11     -0.18700922E-26
   27.000000000000         0.14484957E-10      0.38429686E-26      0.22254740E-11      0.50730574E-26
   28.000000000000         0.16825256E-10      0.86277350E-26      0.23402991E-11      0.47847663E-26
   29.000000000000         0.18433534E-10      0.67043123E-26      0.16082782E-11     -0.19234226E-26
   30.000000000000         0.19326462E-10      0.69624468E-26      0.89292857E-12      0.25813447E-27
   31.000000000000         0.20187007E-10      0.64030683E-26      0.86054437E-12     -0.55937852E-27
   32.000000000000         0.21463326E-10      0.34554642E-26      0.12763190E-11     -0.29476041E-26
   33.000000000000         0.22915523E-10      0.63451183E-26      0.14521976E-11      0.28896541E-26
   34.000000000000         0.24040660E-10     -0.27381139E-26      0.11251370E-11     -0.90832322E-26
   35.000000000000         0.24708348E-10     -0.11010090E-26      0.66768761E-12      0.16371049E-26
   36.000000000000         0.25251935E-10      0.17267881E-26      0.54358660E-12      0.28277971E-26
   37.000000000000         0.26017021E-10      0.72392396E-26      0.76508678E-12      0.55124516E-26
   38.000000000000         0.26974519E-10      0.73599318E-26      0.95749801E-12      0.12069213E-27
   39.000000000000         0.27821832E-10      0.88147954E-26      0.84731203E-12      0.14548636E-26
   40.000000000000         0.28369210E-10      0.10420996E-25      0.54737823E-12      0.16062008E-26
   41.000000000000         0.28726607E-10      0.12423110E-25      0.35739698E-12      0.20021139E-26
   42.000000000000         0.29125585E-10      0.11486904E-25      0.39897808E-12     -0.93620648E-27
   43.000000000000         0.29644303E-10      0.10627537E-25      0.51871800E-12     -0.85936603E-27
   44.000000000000         0.30158624E-10      0.10427576E-26      0.51432118E-12     -0.95847798E-26
   45.000000000000         0.30528143E-10      0.26219622E-26      0.36951880E-12      0.15792046E-26
   46.000000000000         0.30766902E-10      0.15705839E-26      0.23875959E-12     -0.10513783E-26
   47.000000000000         0.31008846E-10      0.27665408E-26      0.24194407E-12      0.11959569E-26
   48.000000000000         0.31340942E-10      0.42284424E-26      0.33209570E-12      0.14619016E-26
   49.000000000000         0.31716044E-10      0.90488682E-26      0.37510179E-12      0.48204257E-26
   50.000000000000         0.32028820E-10      0.11782403E-25      0.31277642E-12      0.27335351E-26
   51.000000000000         0.32241229E-10      0.89790585E-26      0.21240819E-12     -0.28033448E-26
   52.000000000000         0.32410316E-10      0.95493218E-26      0.16908727E-12      0.57026330E-27
   53.000000000000         0.32605483E-10      0.82872650E-26      0.19516697E-12     -0.12620568E-26
   54.000000000000         0.32829207E-10      0.68367061E-26      0.22372431E-12     -0.14505589E-26
   55.000000000000         0.33028415E-10      0.61299299E-26      0.19920794E-12     -0.70677618E-27
   56.000000000000         0.33166566E-10      0.58180773E-26      0.13815073E-12     -0.31185267E-27
   57.000000000000         0.33265176E-10      0.49874687E-26      0.98610253E-13     -0.83060857E-27
   58.000000000000         0.33373240E-10      0.38343919E-26      0.10806432E-12     -0.11530768E-26
   59.000000000000         0.33510831E-10      0.29524145E-26      0.13759109E-12     -0.88197733E-27
   60.000000000000         0.33654940E-10      0.15849676E-26      0.14410834E-12     -0.13674469E-26
   61.000000000000         0.33774041E-10      0.38416481E-26      0.11910164E-12      0.22566804E-26
   62.000000000000         0.33864883E-10      0.30346311E-26      0.90841351E-13     -0.80701698E-27
   63.000000000000         0.33950417E-10      0.10517462E-26      0.85534751E-13     -0.19828848E-26
   64.000000000000         0.34048515E-10      0.96957860E-28      0.98097751E-13     -0.95478839E-27
   65.000000000000         0.34151186E-10     -0.16679884E-26      0.10267086E-12     -0.17649463E-26
   66.000000000000         0.34236485E-10      0.17501339E-26      0.85299159E-13      0.34181223E-26
   67.000000000000         0.34294176E-10      0.17182025E-26      0.57690344E-13     -0.31931436E-28
   68.000000000000         0.34334475E-10      0.18283085E-26      0.40299342E-13      0.11010604E-27
   69.000000000000         0.34373233E-10      0.10218896E-26      0.38758099E-13     -0.80641893E-27
   70.000000000000         0.34415135E-10     -0.29373864E-27      0.41902030E-13     -0.13156282E-26
   71.000000000000         0.34453138E-10     -0.21095463E-26      0.38003029E-13     -0.18158076E-26
   72.000000000000         0.34481687E-10     -0.36727375E-26      0.28549065E-13     -0.15631912E-26
   73.000000000000         0.34505525E-10     -0.41502278E-26      0.23837624E-13     -0.47749027E-27
   74.000000000000         0.34534357E-10     -0.40428809E-26      0.28831924E-13      0.10734686E-27
   75.000000000000         0.34571458E-10     -0.54001912E-26      0.37101047E-13     -0.13573102E-26
   76.000000000000         0.34610208E-10     -0.30109099E-26      0.38750738E-13      0.23892813E-26
   77.000000000000         0.34641238E-10     -0.48739377E-26      0.31029630E-13     -0.18630278E-26
   78.000000000000         0.34661192E-10     -0.56114949E-26      0.19954169E-13     -0.73755721E-27
   79.000000000000         0.34673248E-10     -0.51806359E-26      0.12055636E-13      0.43085899E-27
   80.000000000000         0.34680796E-10     -0.72950847E-26      0.75482795E-14     -0.21144488E-26
   81.000000000000         0.34682707E-10     -0.91998412E-26      0.19103078E-14     -0.19047565E-26
   82.000000000000         0.34675547E-10     -0.84187390E-26     -0.71595759E-14      0.78110215E-27
   83.000000000000         0.34660374E-10     -0.67405685E-26     -0.15172576E-13      0.16781705E-26
   84.000000000000         0.34643887E-10     -0.75324170E-26     -0.16487718E-13     -0.79184841E-27
   85.000000000000         0.34631520E-10     -0.57783957E-26     -0.12366179E-13      0.17540212E-26
   86.000000000000         0.34621767E-10     -0.72161197E-26     -0.97536321E-14     -0.14377240E-26
   87.000000000000         0.34609646E-10     -0.83023527E-26     -0.12120755E-13     -0.10862330E-26
   88.000000000000         0.34593903E-10     -0.46701161E-26     -0.15743349E-13      0.36322366E-26
   89.000000000000         0.34578925E-10     -0.75890486E-26     -0.14978232E-13     -0.29189325E-26
   90.000000000000         0.34568426E-10     -0.85778891E-26     -0.10498117E-13     -0.98884051E-27
   91.000000000000         0.34559237E-10     -0.89508993E-26     -0.91895038E-14     -0.37301011E-27
   92.000000000000         0.34543494E-10     -0.96234389E-26     -0.15743266E-13     -0.67253960E-27
   93.000000000000         0.34517631E-10     -0.11290394E-25     -0.25862140E-13     -0.16669552E-26
   94.000000000000         0.34486421E-10     -0.99374007E-26     -0.31210506E-13      0.13529934E-26
   95.000000000000         0.34456673E-10     -0.10583517E-25     -0.29748338E-13     -0.64611661E-27
   96.000000000000         0.34427687E-10     -0.77534405E-26     -0.28985717E-13      0.28300768E-26
   97.000000000000         0.34391907E-10     -0.10566241E-25     -0.35780303E-13     -0.28128001E-26
   98.000000000000         0.34345555E-10     -0.88693945E-26     -0.46351436E-13      0.16968461E-26
   99.000000000000         0.34295955E-10     -0.74709645E-26     -0.49600658E-13      0.13984300E-26
  100.000000000000         0.34254896E-10     -0.80551499E-26     -0.41059000E-13     -0.58418544E-27
  101.000000000000         0.34225281E-10     -0.94987616E-26     -0.29614649E-13     -0.14436117E-26
  102.000000000000         0.34197356E-10     -0.90843644E-26     -0.27924793E-13      0.41439720E-27
  103.000000000000         0.34160478E-10     -0.12138711E-25     -0.36878495E-13     -0.30543461E-26
  104.000000000000         0.34116100E-10     -0.14719414E-25     -0.44377448E-13     -0.25807030E-26
  105.000000000000         0.34075595E-10     -0.13713653E-25     -0.40505091E-13      0.10057603E-26
  106.000000000000         0.34044611E-10     -0.12075961E-25     -0.30983903E-13      0.16376920E-26
  107.000000000000         0.34013817E-10     -0.13528109E-25     -0.30794527E-13     -0.14521481E-26
  108.000000000000         0.33969455E-10     -0.16952989E-25     -0.44362074E-13     -0.34248801E-26
  109.000000000000         0.33911082E-10     -0.16364751E-25     -0.58372339E-13      0.58823847E-27
  110.000000000000         0.33853468E-10     -0.15926593E-25     -0.57614039E-13      0.43815756E-27
  111.000000000000         0.33809248E-10     -0.14622460E-25     -0.44219706E-13      0.13041333E-26
  112.000000000000         0.33773784E-10     -0.13368192E-25     -0.35463988E-13      0.12542685E-26
  113.000000000000         0.33731590E-10     -0.11313136E-25     -0.42193984E-13      0.20550559E-26
  114.000000000000         0.33676357E-10     -0.12496696E-25     -0.55233566E-13     -0.11835604E-26
  115.000000000000         0.33619506E-10     -0.98834052E-26     -0.56850496E-13      0.26132910E-26
  116.000000000000         0.33576557E-10     -0.11822804E-25     -0.42949187E-13     -0.19393987E-26
  117.000000000000         0.33547468E-10     -0.13153289E-25     -0.29088955E-13     -0.13304856E-26
  118.000000000000         0.33515660E-10     -0.11545672E-25     -0.31808218E-13      0.16076171E-26
  119.000000000000         0.33467753E-10     -0.14345581E-25     -0.47906816E-13     -0.27999090E-26
  120.000000000000         0.33410184E-10     -0.15940284E-25     -0.57569496E-13     -0.15947030E-26
  121.000000000000         0.33361048E-10     -0.15004076E-25     -0.49135248E-13      0.93620869E-27
  122.000000000000         0.33326940E-10     -0.15879670E-25     -0.34108243E-13     -0.87559421E-27
  123.000000000000         0.33294364E-10     -0.11804639E-25     -0.32576104E-13      0.40750308E-26
  124.000000000000         0.33247528E-10     -0.13614278E-25     -0.46835707E-13     -0.18096385E-26
  125.000000000000         0.33188763E-10     -0.14423353E-25     -0.58765374E-13     -0.80907558E-27
  126.000000000000         0.33136401E-10     -0.12287975E-25     -0.52362448E-13      0.21353781E-26
  127.000000000000         0.33102899E-10     -0.13108773E-25     -0.33501337E-13     -0.82079821E-27
  128.000000000000         0.33080124E-10     -0.13903680E-25     -0.22775781E-13     -0.79490686E-27
  129.000000000000         0.33049609E-10     -0.12599496E-25     -0.30514017E-13      0.13041841E-26
  130.000000000000         0.33005588E-10     -0.13325622E-25     -0.44021347E-13     -0.72612636E-27
  131.000000000000         0.32961383E-10     -0.10301583E-25     -0.44204828E-13      0.30240389E-26
  132.000000000000         0.32931531E-10     -0.11187830E-25     -0.29852041E-13     -0.88624690E-27
  133.000000000000         0.32912304E-10     -0.82217391E-26     -0.19227115E-13      0.29660912E-26
  134.000000000000         0.32886124E-10     -0.69614118E-26     -0.26179735E-13      0.12603273E-26
  135.000000000000         0.32843540E-10     -0.17324701E-26     -0.42584895E-13      0.52289417E-26
  136.000000000000         0.32794995E-10      0.16078291E-26     -0.48544337E-13      0.33402992E-26
  137.000000000000         0.32758204E-10      0.84579608E-27     -0.36790812E-13     -0.76203304E-27
  138.000000000000         0.32737621E-10     -0.12766877E-28     -0.20583037E-13     -0.85856296E-27
  139.000000000000         0.32720626E-10      0.14482369E-26     -0.16995774E-13      0.14610038E-26
  140.000000000000         0.32694741E-10      0.28152685E-27     -0.25884492E-13     -0.11667100E-26
  141.000000000000         0.32663749E-10     -0.25223866E-26     -0.30991851E-13     -0.28039135E-26
  142.000000000000         0.32642540E-10     -0.11992871E-25     -0.21209267E-13     -0.94704840E-26
  143.000000000000         0.32637555E-10     -0.11918886E-25     -0.49851595E-14      0.73984552E-28
  144.000000000000         0.32637502E-10     -0.10291901E-25     -0.52431227E-16      0.16269856E-26
  145.000000000000         0.32626863E-10     -0.96661907E-26     -0.10639632E-13      0.62570984E-27
  146.000000000000         0.32604341E-10     -0.95608644E-26     -0.22521370E-13      0.10532632E-27
  147.000000000000         0.32582789E-10     -0.11055068E-25     -0.21552354E-13     -0.14942036E-26
  148.000000000000         0.32571821E-10     -0.11050194E-25     -0.10968039E-13      0.48738078E-29
  149.000000000000         0.32566587E-10     -0.12267451E-25     -0.52337623E-14     -0.12172564E-26
  150.000000000000         0.32555354E-10     -0.15147040E-25     -0.11233627E-13     -0.28795893E-26
  151.000000000000         0.32535542E-10     -0.18194862E-25     -0.19811241E-13     -0.30478218E-26
  152.000000000000         0.32517739E-10     -0.14350003E-25     -0.17803535E-13      0.38448589E-26
  153.000000000000         0.32513774E-10     -0.83520278E-26     -0.39643891E-14      0.59979749E-26
  154.000000000000         0.32523255E-10     -0.73918766E-26      0.94808576E-14      0.96015124E-27
  155.000000000000         0.32535221E-10     -0.10046684E-25      0.11965732E-13     -0.26548077E-26
  156.000000000000         0.32542146E-10     -0.87116525E-26      0.69251191E-14      0.13350317E-26
  157.000000000000         0.32548544E-10     -0.93499264E-26      0.63980650E-14     -0.63827389E-27
  158.000000000000         0.32562843E-10     -0.72868815E-26      0.14299084E-13      0.20630449E-26
  159.000000000000         0.32584561E-10     -0.90276706E-26      0.21717728E-13     -0.17407891E-26
  160.000000000000         0.32603468E-10     -0.99876556E-26      0.18906957E-13     -0.95998503E-27
  161.000000000000         0.32611804E-10     -0.15424812E-25      0.83355767E-14     -0.54371568E-26
  162.000000000000         0.32612846E-10     -0.21079287E-25      0.10425785E-14     -0.56544742E-26
  163.000000000000         0.32616307E-10     -0.21111293E-25      0.34605482E-14     -0.32006354E-28
  164.000000000000         0.32627428E-10     -0.21857700E-25      0.11120970E-13     -0.74640739E-27
  165.000000000000         0.32642867E-10     -0.25665218E-25      0.15439398E-13     -0.38075175E-26
  166.000000000000         0.32657373E-10     -0.32344527E-25      0.14505790E-13     -0.66793087E-26
  167.000000000000         0.32672325E-10     -0.38011399E-25      0.14952444E-13     -0.56668727E-26
  168.000000000000         0.32694353E-10     -0.38852774E-25      0.22027949E-13     -0.84137442E-27
  169.000000000000         0.32726594E-10     -0.41912181E-25      0.32240978E-13     -0.30594070E-26
  170.000000000000         0.32764630E-10     -0.48391586E-25      0.38036301E-13     -0.64794050E-26
  171.000000000000         0.32801731E-10     -0.54606221E-25      0.37100281E-13     -0.62146355E-26
  172.000000000000         0.32835691E-10     -0.53947218E-25      0.33960277E-13      0.65900349E-27
  173.000000000000         0.32868901E-10     -0.52190428E-25      0.33210011E-13      0.17567900E-26
  174.000000000000         0.32903205E-10     -0.50796844E-25      0.34303514E-13      0.13935837E-26
  175.000000000000         0.32937446E-10     -0.51760904E-25      0.34241671E-13     -0.96406001E-27
  176.000000000000         0.32969310E-10     -0.57401425E-25      0.31863296E-13     -0.56405209E-26
  177.000000000000         0.32998625E-10     -0.58713168E-25      0.29315834E-13     -0.13117433E-26
  178.000000000000         0.33027641E-10     -0.53464291E-25      0.29015624E-13      0.52488772E-26
  179.000000000000         0.33058625E-10     -0.55870892E-25      0.30983916E-13     -0.24066007E-26
  180.000000000000         0.33092527E-10     -0.59509227E-25      0.33901599E-13     -0.36383351E-26
  181.000000000000         0.33129946E-10     -0.61929903E-25      0.37419953E-13     -0.24206761E-26
  182.000000000000         0.33171788E-10     -0.58549893E-25      0.41841372E-13      0.33800094E-26
  183.000000000000         0.33217838E-10     -0.60512476E-25      0.46049954E-13     -0.19625832E-26
  184.000000000000         0.33265113E-10     -0.60401267E-25      0.47275026E-13      0.11120970E-27
  185.000000000000         0.33310409E-10     -0.73688156E-25      0.45295776E-13     -0.13286890E-25
  186.000000000000         0.33354791E-10     -0.73788797E-25      0.44382225E-13     -0.10064067E-27
  187.000000000000         0.33402196E-10     -0.74627137E-25      0.47405232E-13     -0.83834031E-27
  188.000000000000         0.33452842E-10     -0.79220527E-25      0.50646026E-13     -0.45933896E-26
  189.000000000000         0.33501254E-10     -0.81054831E-25      0.48412150E-13     -0.18343036E-26
  190.000000000000         0.33543165E-10     -0.80526561E-25      0.41910357E-13      0.52827007E-27
  191.000000000000         0.33582359E-10     -0.82514062E-25      0.39194061E-13     -0.19875013E-26
  192.000000000000         0.33627353E-10     -0.83868697E-25      0.44994545E-13     -0.13546355E-26
  193.000000000000         0.33680822E-10     -0.76520650E-25      0.53469308E-13      0.73480478E-26
  194.000000000000         0.33735323E-10     -0.73990352E-25      0.54500955E-13      0.25302981E-26
  195.000000000000         0.33781447E-10     -0.75450089E-25      0.46123305E-13     -0.14597372E-26
  196.000000000000         0.33820113E-10     -0.77985363E-25      0.38666232E-13     -0.25352738E-26
  197.000000000000         0.33862256E-10     -0.74718100E-25      0.42143365E-13      0.32672629E-26
  198.000000000000         0.33915007E-10     -0.72251101E-25      0.52750536E-13      0.24669986E-26
  199.000000000000         0.33970903E-10     -0.78681839E-25      0.55896500E-13     -0.64307378E-26
  200.000000000000         0.34016246E-10     -0.78745132E-25      0.45342558E-13     -0.63293423E-28
  201.000000000000         0.34049257E-10     -0.85974277E-25      0.33011094E-13     -0.72291442E-26
  202.000000000000         0.34084262E-10     -0.80546880E-25      0.35005115E-13      0.54273969E-26
  203.000000000000         0.34134473E-10     -0.77344959E-25      0.50211164E-13      0.32019204E-26
  204.000000000000         0.34195515E-10     -0.67939945E-25      0.61041593E-13      0.94050139E-26
  205.000000000000         0.34250263E-10     -0.71960163E-25      0.54748210E-13     -0.40202172E-26
  206.000000000000         0.34290163E-10     -0.65502276E-25      0.39900125E-13      0.64578870E-26
  207.000000000000         0.34326506E-10     -0.62485924E-25      0.36343053E-13      0.30163516E-26
  208.000000000000         0.34375911E-10     -0.55646167E-25      0.49404367E-13      0.68397569E-26
  209.000000000000         0.34437211E-10     -0.53066750E-25      0.61300804E-13      0.25794173E-26
  210.000000000000         0.34490646E-10     -0.52894690E-25      0.53434069E-13      0.17205940E-27
  211.000000000000         0.34521687E-10     -0.51816758E-25      0.31041077E-13      0.10779321E-26
  212.000000000000         0.34539864E-10     -0.51856820E-25      0.18177642E-13     -0.40061653E-28
  213.000000000000         0.34567262E-10     -0.48758053E-25      0.27397849E-13      0.30987665E-26
  214.000000000000         0.34611095E-10     -0.57962100E-25      0.43832734E-13     -0.92040466E-26
  215.000000000000         0.34655251E-10     -0.48538304E-25      0.44156455E-13      0.94237962E-26
  216.000000000000         0.34681733E-10     -0.51991691E-25      0.26481681E-13     -0.34533868E-26
  217.000000000000         0.34694861E-10     -0.40253430E-25      0.13128035E-13      0.11738261E-25
  218.000000000000         0.34717214E-10     -0.44252591E-25      0.22353277E-13     -0.39991612E-26
  219.000000000000         0.34761662E-10     -0.44533043E-25      0.44447961E-13     -0.28045165E-27
  220.000000000000         0.34814860E-10     -0.44776703E-25      0.53197996E-13     -0.24366004E-27
  221.000000000000         0.34853017E-10     -0.45935213E-25      0.38156833E-13     -0.11585106E-26
  222.000000000000         0.34870575E-10     -0.49578226E-25      0.17557646E-13     -0.36430130E-26
  223.000000000000         0.34885823E-10     -0.57049999E-25      0.15247988E-13     -0.74717728E-26
  224.000000000000         0.34916140E-10     -0.54515380E-25      0.30317182E-13      0.25346191E-26
  225.000000000000         0.34954407E-10     -0.56434264E-25      0.38267523E-13     -0.19188836E-26
  226.000000000000         0.34977599E-10     -0.67954987E-25      0.23191972E-13     -0.11520724E-25
  227.000000000000         0.34975974E-10     -0.63351346E-25     -0.16252904E-14      0.46036409E-26
  228.000000000000         0.34965844E-10     -0.66134064E-25     -0.10129852E-13     -0.27827180E-26
  229.000000000000         0.34970019E-10     -0.66497701E-25      0.41742943E-14     -0.36363700E-27
  230.000000000000         0.34991201E-10     -0.62967849E-25      0.21182430E-13      0.35298520E-26
  231.000000000000         0.35010470E-10     -0.64846837E-25      0.19269033E-13     -0.18789882E-26
  232.000000000000         0.35011832E-10     -0.61896835E-25      0.13623243E-14      0.29500024E-26
  233.000000000000         0.35002155E-10     -0.63493332E-25     -0.96775433E-14     -0.15964970E-26
  234.000000000000         0.35001916E-10     -0.66731677E-25     -0.23892994E-15     -0.32383449E-26
  235.000000000000         0.35019117E-10     -0.68520641E-25      0.17201464E-13     -0.17889644E-26
  236.000000000000         0.35039385E-10     -0.69627754E-25      0.20267390E-13     -0.11071122E-26
  237.000000000000         0.35043383E-10     -0.72569980E-25      0.39985597E-14     -0.29422268E-26
  238.000000000000         0.35029250E-10     -0.71741774E-25     -0.14133399E-13      0.82820669E-27
  239.000000000000         0.35013375E-10     -0.71492917E-25     -0.15875075E-13      0.24885668E-27
  240.000000000000         0.35009618E-10     -0.70849360E-25     -0.37570611E-14      0.64355652E-27
  241.000000000000         0.35013034E-10     -0.67341972E-25      0.34166266E-14      0.35073883E-26
  242.000000000000         0.35006834E-10     -0.69739813E-25     -0.61998805E-14     -0.23978412E-26
  243.000000000000         0.34983039E-10     -0.73610291E-25     -0.23795639E-13     -0.38704780E-26
  244.000000000000         0.34952025E-10     -0.69759780E-25     -0.31014293E-13      0.38505109E-26
  245.000000000000         0.34930434E-10     -0.68664068E-25     -0.21590531E-13      0.10957121E-26
  246.000000000000         0.34922219E-10     -0.66759242E-25     -0.82149766E-14      0.19048267E-26
  247.000000000000         0.34915327E-10     -0.68471088E-25     -0.68917670E-14     -0.17118462E-26
  248.000000000000         0.34896278E-10     -0.68565393E-25     -0.19048954E-13     -0.94305421E-28
  249.000000000000         0.34865508E-10     -0.71461493E-25     -0.30769937E-13     -0.28960993E-26
  250.000000000000         0.34836166E-10     -0.78680091E-25     -0.29342732E-13     -0.72185987E-26
  251.000000000000         0.34818799E-10     -0.76898785E-25     -0.17366209E-13      0.17813065E-26
  252.000000000000         0.34809176E-10     -0.71640076E-25     -0.96232792E-14      0.52587091E-26
  253.000000000000         0.34793069E-10     -0.72430628E-25     -0.16107207E-13     -0.79055250E-27
  254.000000000000         0.34762490E-10     -0.72331517E-25     -0.30578761E-13      0.99111582E-28
  255.000000000000         0.34725154E-10     -0.71744958E-25     -0.37336503E-13      0.58655903E-27
  256.000000000000         0.34695807E-10     -0.70910589E-25     -0.29346403E-13      0.83436887E-27
  257.000000000000         0.34679224E-10     -0.69170152E-25     -0.16582894E-13      0.17404366E-26
  258.000000000000         0.34664353E-10     -0.71687644E-25     -0.14871021E-13     -0.25174917E-26
  259.000000000000         0.34636754E-10     -0.70581976E-25     -0.27598924E-13      0.11056677E-26
  260.000000000000         0.34595815E-10     -0.71271329E-25     -0.40939256E-13     -0.68935239E-27
  261.000000000000         0.34556473E-10     -0.71764037E-25     -0.39342517E-13     -0.49270859E-27
  262.000000000000         0.34532056E-10     -0.69472650E-25     -0.24416996E-13      0.22913869E-26
  263.000000000000         0.34518043E-10     -0.67059325E-25     -0.14013058E-13      0.24133254E-26
  264.000000000000         0.34496963E-10     -0.69345144E-25     -0.21079932E-13     -0.22858191E-26
  265.000000000000         0.34459636E-10     -0.72211332E-25     -0.37326384E-13     -0.28661886E-26
  266.000000000000         0.34417176E-10     -0.70517516E-25     -0.42459848E-13      0.16938166E-26
  267.000000000000         0.34388402E-10     -0.71994825E-25     -0.28774247E-13     -0.14773087E-26
  268.000000000000         0.34377194E-10     -0.72148759E-25     -0.11208226E-13     -0.15393457E-27
  269.000000000000         0.34367206E-10     -0.72761214E-25     -0.99882554E-14     -0.61245482E-27
  270.000000000000         0.34341527E-10     -0.71782823E-25     -0.25678455E-13      0.97839085E-27
  271.000000000000         0.34303823E-10     -0.70569919E-25     -0.37703879E-13      0.12129041E-26
  272.000000000000         0.34274437E-10     -0.66456464E-25     -0.29386538E-13      0.41134550E-26
  273.000000000000         0.34265131E-10     -0.67155078E-25     -0.93058144E-14     -0.69861361E-27
  274.000000000000         0.34263713E-10     -0.67855698E-25     -0.14177978E-14     -0.70062038E-27
  275.000000000000         0.34248302E-10     -0.68627599E-25     -0.15411414E-13     -0.77190092E-27
  276.000000000000         0.34214682E-10     -0.69345750E-25     -0.33619424E-13     -0.71815135E-27
  277.000000000000         0.34182111E-10     -0.70919360E-25     -0.32571621E-13     -0.15736099E-26
  278.000000000000         0.34169630E-10     -0.73173530E-25     -0.12480761E-13     -0.22541693E-26
  279.000000000000         0.34172407E-10     -0.75416580E-25      0.27766221E-14     -0.22430507E-26
  280.000000000000         0.34167816E-10     -0.71892247E-25     -0.45906384E-14      0.35243332E-26
  281.000000000000         0.34143822E-10     -0.67970683E-25     -0.23993881E-13      0.39215645E-26
  282.000000000000         0.34114529E-10     -0.67078990E-25     -0.29292761E-13      0.89169290E-27
  283.000000000000         0.34103148E-10     -0.63901110E-25     -0.11381371E-13      0.31778795E-26
  284.000000000000         0.34113380E-10     -0.63695007E-25      0.10231959E-13      0.20610344E-27
  285.000000000000         0.34124922E-10     -0.63364488E-25      0.11542312E-13      0.33051832E-27
  286.000000000000         0.34118949E-10     -0.61455269E-25     -0.59730890E-14      0.19092189E-26
  287.000000000000         0.34101614E-10     -0.62846471E-25     -0.17335097E-13     -0.13912014E-26
  288.000000000000         0.34095935E-10     -0.64704072E-25     -0.56789037E-14     -0.18576008E-26
  289.000000000000         0.34112230E-10     -0.64131882E-25      0.16294912E-13      0.57218931E-27
  290.000000000000         0.34134749E-10     -0.63856368E-25      0.22518867E-13      0.27551473E-27
  291.000000000000         0.34141144E-10     -0.65206350E-25      0.63951733E-14     -0.13499824E-26
  292.000000000000         0.34130131E-10     -0.65964715E-25     -0.11013450E-13     -0.75836462E-27
  293.000000000000         0.34122790E-10     -0.66162627E-25     -0.73411318E-14     -0.19791198E-27
  294.000000000000         0.34136377E-10     -0.66956837E-25      0.13587344E-13     -0.79421080E-27
  295.000000000000         0.34163435E-10     -0.67805299E-25      0.27057827E-13     -0.84846136E-27
  296.000000000000         0.34181734E-10     -0.67597066E-25      0.18299650E-13      0.20823328E-27
  297.000000000000         0.34182445E-10     -0.67160068E-25      0.71105294E-15      0.43699769E-27
  298.000000000000         0.34181253E-10     -0.64182218E-25     -0.11928521E-14      0.29778499E-26
  299.000000000000         0.34198510E-10     -0.61873651E-25      0.17257064E-13      0.23085672E-26
  300.000000000000         0.34233908E-10     -0.65504547E-25      0.35398496E-13     -0.36308964E-26
  301.000000000000         0.34267461E-10     -0.61479482E-25      0.33552460E-13      0.40250649E-26
  302.000000000000         0.34284722E-10     -0.58421134E-25      0.17261029E-13      0.30583487E-26
  303.000000000000         0.34294038E-10     -0.59535645E-25      0.93166630E-14     -0.11145111E-26
  304.000000000000         0.34314927E-10     -0.58370785E-25      0.20888998E-13      0.11648600E-26
  305.000000000000         0.34353137E-10     -0.59785492E-25      0.38209232E-13     -0.14147068E-26
  306.000000000000         0.34393647E-10     -0.57614957E-25      0.40510347E-13      0.21705342E-26
  307.000000000000         0.34419436E-10     -0.56914905E-25      0.25788903E-13      0.70005190E-27
  308.000000000000         0.34432286E-10     -0.55032966E-25      0.12850299E-13      0.18819398E-26
  309.000000000000         0.34450116E-10     -0.56020485E-25      0.17830072E-13     -0.98751889E-27
  310.000000000000         0.34484580E-10     -0.57157374E-25      0.34463599E-13     -0.11368898E-26
  311.000000000000         0.34527375E-10     -0.59040640E-25      0.42795070E-13     -0.18832661E-26
  312.000000000000         0.34561618E-10     -0.59453646E-25      0.34243432E-13     -0.41300532E-27
  313.000000000000         0.34583363E-10     -0.57118381E-25      0.21745054E-13      0.23352650E-26
  314.000000000000         0.34605776E-10     -0.58202122E-25      0.22412296E-13     -0.10837414E-26
  315.000000000000         0.34641800E-10     -0.59682983E-25      0.36023971E-13     -0.14808605E-26
  316.000000000000         0.34688168E-10     -0.60631530E-25      0.46368508E-13     -0.94854760E-27
  317.000000000000         0.34730388E-10     -0.60820421E-25      0.42220415E-13     -0.18889102E-27
  318.000000000000         0.34760675E-10     -0.60582662E-25      0.30286378E-13      0.23775957E-27
  319.000000000000         0.34786644E-10     -0.62963162E-25      0.25968912E-13     -0.23805007E-26
  320.000000000000         0.34820822E-10     -0.61335590E-25      0.34178298E-13      0.16275721E-26
  321.000000000000         0.34864911E-10     -0.60489691E-25      0.44089370E-13      0.84589891E-27
  322.000000000000         0.34908202E-10     -0.61974248E-25      0.43291038E-13     -0.14845564E-26
  323.000000000000         0.34941495E-10     -0.60430928E-25      0.33292402E-13      0.15433195E-26
  324.000000000000         0.34968140E-10     -0.58532179E-25      0.26645143E-13      0.18987494E-26
  325.000000000000         0.34998918E-10     -0.56653935E-25      0.30777871E-13      0.18782444E-26
  326.000000000000         0.35038231E-10     -0.57690321E-25      0.39313302E-13     -0.10363867E-26
  327.000000000000         0.35079709E-10     -0.57544919E-25      0.41478110E-13      0.14540237E-27
  328.000000000000         0.35115219E-10     -0.59097627E-25      0.35509634E-13     -0.15527085E-26
  329.000000000000         0.35144721E-10     -0.60682260E-25      0.29501676E-13     -0.15846327E-26
  330.000000000000         0.35175137E-10     -0.62599980E-25      0.30416824E-13     -0.19177202E-26
  331.000000000000         0.35211310E-10     -0.62436452E-25      0.36172887E-13      0.16352845E-27
  332.000000000000         0.35250701E-10     -0.63769085E-25      0.39390782E-13     -0.13326330E-26
  333.000000000000         0.35287283E-10     -0.63491982E-25      0.36582379E-13      0.27710304E-27
  334.000000000000         0.35318961E-10     -0.66436697E-25      0.31677211E-13     -0.29447150E-26
  335.000000000000         0.35349361E-10     -0.67308378E-25      0.30400660E-13     -0.87168085E-27
  336.000000000000         0.35382494E-10     -0.68605147E-25      0.33132961E-13     -0.12967695E-26
  337.000000000000         0.35417876E-10     -0.68917866E-25      0.35381686E-13     -0.31271878E-27
  338.000000000000         0.35452127E-10     -0.67709498E-25      0.34250933E-13      0.12083679E-26
  339.000000000000         0.35483364E-10     -0.68384078E-25      0.31236686E-13     -0.67458036E-27
  340.000000000000         0.35512404E-10     -0.68948691E-25      0.29040383E-13     -0.56461289E-27
  341.000000000000         0.35540885E-10     -0.67904380E-25      0.28480901E-13      0.10443107E-26
  342.000000000000         0.35569805E-10     -0.68613465E-25      0.28919838E-13     -0.70908479E-27
  343.000000000000         0.35599432E-10     -0.69005537E-25      0.29627246E-13     -0.39207138E-27
  344.000000000000         0.35629256E-10     -0.69163761E-25      0.29823548E-13     -0.15822453E-27
  345.000000000000         0.35658001E-10     -0.68476776E-25      0.28745358E-13      0.68698566E-27
  346.000000000000         0.35684722E-10     -0.67931468E-25      0.26720806E-13      0.54530723E-27
  347.000000000000         0.35710205E-10     -0.69818779E-25      0.25482805E-13     -0.18873104E-26
  348.000000000000         0.35736771E-10     -0.72133119E-25      0.26566276E-13     -0.23143408E-26
  349.000000000000         0.35765806E-10     -0.72468431E-25      0.29035217E-13     -0.33531206E-27
  350.000000000000         0.35795552E-10     -0.71724800E-25      0.29745504E-13      0.74363107E-27
  351.000000000000         0.35822454E-10     -0.72377744E-25      0.26902566E-13     -0.65294365E-27
  352.000000000000         0.35845538E-10     -0.73902752E-25      0.23084319E-13     -0.15250077E-26
  353.000000000000         0.35868440E-10     -0.75173785E-25      0.22901667E-13     -0.12710332E-26
  354.000000000000         0.35895219E-10     -0.74787672E-25      0.26778977E-13      0.38611294E-27
  355.000000000000         0.35924472E-10     -0.75339619E-25      0.29252694E-13     -0.55194716E-27
  356.000000000000         0.35950314E-10     -0.74727820E-25      0.25841777E-13      0.61179895E-27
  357.000000000000         0.35970061E-10     -0.74832980E-25      0.19747068E-13     -0.10516030E-27
  358.000000000000         0.35988438E-10     -0.73966504E-25      0.18377287E-13      0.86647622E-27
  359.000000000000         0.36012070E-10     -0.74624953E-25      0.23632144E-13     -0.65844882E-27
  360.000000000000         0.36041071E-10     -0.75362403E-25      0.29000711E-13     -0.73744965E-27
  361.000000000000         0.36068574E-10     -0.75348040E-25      0.27503735E-13      0.14362431E-28
  362.000000000000         0.36089391E-10     -0.76095699E-25      0.20816835E-13     -0.74765915E-27
  363.000000000000         0.36106958E-10     -0.75913056E-25      0.17567036E-13      0.18264393E-27
  364.000000000000         0.36129420E-10     -0.76785956E-25      0.22461897E-13     -0.87290030E-27
  365.000000000000         0.36159031E-10     -0.76448659E-25      0.29611279E-13      0.33729707E-27
  366.000000000000         0.36188773E-10     -0.76983307E-25      0.29741095E-13     -0.53464812E-27
  367.000000000000         0.36211232E-10     -0.77192124E-25      0.22459664E-13     -0.20881698E-27
  368.000000000000         0.36228643E-10     -0.77263954E-25      0.17410698E-13     -0.71830493E-28
  369.000000000000         0.36250351E-10     -0.76156728E-25      0.21707841E-13      0.11072261E-26
  370.000000000000         0.36280654E-10     -0.75654809E-25      0.30303163E-13      0.50191892E-27
  371.000000000000         0.36312922E-10     -0.76073517E-25      0.32267923E-13     -0.41870742E-27
  372.000000000000         0.36338093E-10     -0.76258877E-25      0.25170630E-13     -0.18536040E-27
  373.000000000000         0.36356409E-10     -0.76943582E-25      0.18316829E-13     -0.68470536E-27
  374.000000000000         0.36377208E-10     -0.77294094E-25      0.20798163E-13     -0.35051188E-27
  375.000000000000         0.36407006E-10     -0.75698279E-25      0.29798885E-13      0.15958155E-26
  376.000000000000         0.36441215E-10     -0.76602537E-25      0.34208372E-13     -0.90425796E-27
  377.000000000000         0.36470028E-10     -0.76678653E-25      0.28813461E-13     -0.76116506E-28
  378.000000000000         0.36491185E-10     -0.76977366E-25      0.21157069E-13     -0.29871291E-27
  379.000000000000         0.36513023E-10     -0.77341594E-25      0.21837402E-13     -0.36422816E-27
  380.000000000000         0.36543694E-10     -0.77623675E-25      0.30671429E-13     -0.28208022E-27
  381.000000000000         0.36580556E-10     -0.77475955E-25      0.36861656E-13      0.14771974E-27
  382.000000000000         0.36613691E-10     -0.78183668E-25      0.33134828E-13     -0.70771358E-27
  383.000000000000         0.36638883E-10     -0.77857429E-25      0.25191996E-13      0.32623982E-27
  384.000000000000         0.36663062E-10     -0.78151910E-25      0.24179145E-13     -0.29448104E-27
  385.000000000000         0.36695224E-10     -0.78223572E-25      0.32162142E-13     -0.71662311E-28
  386.000000000000         0.36734848E-10     -0.77323861E-25      0.39624221E-13      0.89971069E-27
  387.000000000000         0.36772695E-10     -0.78269411E-25      0.37846677E-13     -0.94555001E-27
  388.000000000000         0.36802534E-10     -0.78343901E-25      0.29839073E-13     -0.74490034E-28
  389.000000000000         0.36828800E-10     -0.77838421E-25      0.26266507E-13      0.50547998E-27
  390.000000000000         0.36860680E-10     -0.77923600E-25      0.31879522E-13     -0.85178632E-28
  391.000000000000         0.36900450E-10     -0.77567998E-25      0.39770192E-13      0.35560152E-27
  392.000000000000         0.36940765E-10     -0.77954261E-25      0.40314753E-13     -0.38626297E-27
  393.000000000000         0.36974182E-10     -0.78223516E-25      0.33416933E-13     -0.26925475E-27
  394.000000000000         0.37002653E-10     -0.78448527E-25      0.28471650E-13     -0.22501092E-27
  395.000000000000         0.37034913E-10     -0.78548766E-25      0.32260043E-13     -0.10023895E-27
  396.000000000000         0.37075284E-10     -0.79087605E-25      0.40370407E-13     -0.53883844E-27
  397.000000000000         0.37118414E-10     -0.78109937E-25      0.43130400E-13      0.97766799E-27
  398.000000000000         0.37156268E-10     -0.79286159E-25      0.37853682E-13     -0.11762221E-26
  399.000000000000         0.37188133E-10     -0.79477324E-25      0.31864996E-13     -0.19116513E-27
  400.000000000000         0.37221220E-10     -0.79378342E-25      0.33087192E-13      0.98981353E-28
  401.000000000000         0.37261522E-10     -0.79260670E-25      0.40302342E-13      0.11767195E-27
  402.000000000000         0.37306438E-10     -0.79364851E-25      0.44915650E-13     -0.10418088E-27
  403.000000000000         0.37348041E-10     -0.79213549E-25      0.41603120E-13      0.15130212E-27
  404.000000000000         0.37382660E-10     -0.79065765E-25      0.34618714E-13      0.14778403E-27
  405.000000000000         0.37415186E-10     -0.78839039E-25      0.32526326E-13      0.22672652E-27
  406.000000000000         0.37452871E-10     -0.78499804E-25      0.37684650E-13      0.33923506E-27
  407.000000000000         0.37496240E-10     -0.77945159E-25      0.43368831E-13      0.55464500E-27
  408.000000000000         0.37538468E-10     -0.76963869E-25      0.42228049E-13      0.98128976E-27
  409.000000000000         0.37573883E-10     -0.77132736E-25      0.35415058E-13     -0.16886719E-27
  410.000000000000         0.37604959E-10     -0.76754388E-25      0.31076279E-13      0.37834816E-27
  411.000000000000         0.37639144E-10     -0.76235194E-25      0.34184861E-13      0.51919383E-27
  412.000000000000         0.37679719E-10     -0.77194234E-25      0.40575333E-13     -0.95903956E-27
  413.000000000000         0.37721814E-10     -0.77039609E-25      0.42094230E-13      0.15462459E-27
  414.000000000000         0.37758350E-10     -0.76853627E-25      0.36536652E-13      0.18598231E-27
  415.000000000000         0.37788684E-10     -0.76431310E-25      0.30334170E-13      0.42231639E-27
  416.000000000000         0.37819603E-10     -0.76484998E-25      0.30918665E-13     -0.53687703E-28
  417.000000000000         0.37857048E-10     -0.76483439E-25      0.37445305E-13      0.15585361E-29
  418.000000000000         0.37898556E-10     -0.75213159E-25      0.41507662E-13      0.12702804E-26
  419.000000000000         0.37935940E-10     -0.75193642E-25      0.37383892E-13      0.19517273E-28
  420.000000000000         0.37965274E-10     -0.75585433E-25      0.29333637E-13     -0.39179143E-27
  421.000000000000         0.37991760E-10     -0.76096576E-25      0.26486189E-13     -0.51114311E-27
  422.000000000000         0.38023105E-10     -0.75727804E-25      0.31345481E-13      0.36877260E-27
  423.000000000000         0.38059606E-10     -0.75517928E-25      0.36500639E-13      0.20987603E-27
  424.000000000000         0.38093628E-10     -0.77891509E-25      0.34022244E-13     -0.23735817E-26
  425.000000000000         0.38119131E-10     -0.76894814E-25      0.25503084E-13      0.99669566E-27
  426.000000000000         0.38139394E-10     -0.76628575E-25      0.20262472E-13      0.26623918E-27
  427.000000000000         0.38163152E-10     -0.75619686E-25      0.23758567E-13      0.10088886E-26
  428.000000000000         0.38193738E-10     -0.74688592E-25      0.30586015E-13      0.93109385E-27
  429.000000000000         0.38224679E-10     -0.73351823E-25      0.30941115E-13      0.13367686E-26
  430.000000000000         0.38247736E-10     -0.72624337E-25      0.23056490E-13      0.72748597E-27
  431.000000000000         0.38263566E-10     -0.73377592E-25      0.15830561E-13     -0.75325443E-27
  432.000000000000         0.38281241E-10     -0.73139244E-25      0.17675051E-13      0.23834838E-27
  433.000000000000         0.38306671E-10     -0.73237604E-25      0.25429475E-13     -0.98360669E-28
  434.000000000000         0.38334800E-10     -0.72089873E-25      0.28129269E-13      0.11477313E-26
  435.000000000000         0.38355850E-10     -0.72303361E-25      0.21050068E-13     -0.21348852E-27
  436.000000000000         0.38367637E-10     -0.72226959E-25      0.11786880E-13      0.76402401E-28
  437.000000000000         0.38378168E-10     -0.71731808E-25      0.10531046E-13      0.49515119E-27
  438.000000000000         0.38395258E-10     -0.71517450E-25      0.17090051E-13      0.21435792E-27
  439.000000000000         0.38416409E-10     -0.71922519E-25      0.21150298E-13     -0.40506943E-27
  440.000000000000         0.38431970E-10     -0.72224304E-25      0.15561904E-13     -0.30178455E-27
  441.000000000000         0.38437524E-10     -0.73055992E-25      0.55531219E-14     -0.83168849E-27
  442.000000000000         0.38439822E-10     -0.73297938E-25      0.22986691E-14     -0.24194524E-27
  443.000000000000         0.38448421E-10     -0.72926798E-25      0.85991232E-14      0.37113980E-27
  444.000000000000         0.38463465E-10     -0.72566553E-25      0.15043750E-13      0.36024520E-27
  445.000000000000         0.38475419E-10     -0.73374277E-25      0.11954186E-13     -0.80772395E-27
  446.000000000000         0.38477468E-10     -0.72845788E-25      0.20488334E-14      0.52848807E-27
  447.000000000000         0.38474416E-10     -0.73694360E-25     -0.30524218E-14     -0.84857117E-27
  448.000000000000         0.38476438E-10     -0.74006014E-25      0.20221281E-14     -0.31165476E-27
  449.000000000000         0.38486020E-10     -0.74119509E-25      0.95823741E-14     -0.11349407E-27
  450.000000000000         0.38494950E-10     -0.74700710E-25      0.89296663E-14     -0.58120184E-27
  451.000000000000         0.38494871E-10     -0.76917387E-25     -0.78826091E-16     -0.22166771E-26
  452.000000000000         0.38487704E-10     -0.76652894E-25     -0.71667909E-14      0.26449393E-27
  453.000000000000         0.38482988E-10     -0.75826540E-25     -0.47164301E-14      0.82635317E-27
  454.000000000000         0.38485589E-10     -0.75850064E-25      0.26010380E-14     -0.23523987E-28
  455.000000000000         0.38489503E-10     -0.75361233E-25      0.39139822E-14      0.48883131E-27
  456.000000000000         0.38485621E-10     -0.75533209E-25     -0.38823532E-14     -0.17197549E-27
  457.000000000000         0.38473579E-10     -0.76158358E-25     -0.12041085E-13     -0.62514938E-27
  458.000000000000         0.38462298E-10     -0.75853302E-25     -0.11281282E-13      0.30505597E-27
  459.000000000000         0.38458554E-10     -0.76231038E-25     -0.37443779E-14     -0.37773592E-27
  460.000000000000         0.38458407E-10     -0.75745971E-25     -0.14641824E-15      0.48506696E-27
  461.000000000000         0.38452666E-10     -0.76332559E-25     -0.57413493E-14     -0.58658770E-27
  462.000000000000         0.38438732E-10     -0.78776669E-25     -0.13934136E-13     -0.24441105E-26
  463.000000000000         0.38423684E-10     -0.78307267E-25     -0.15047454E-13      0.46940179E-27
  464.000000000000         0.38415150E-10     -0.78497822E-25     -0.85344468E-14     -0.19055482E-27
  465.000000000000         0.38412008E-10     -0.78612232E-25     -0.31419492E-14     -0.11440960E-27
  466.000000000000         0.38406082E-10     -0.78831848E-25     -0.59264599E-14     -0.21961623E-27
  467.000000000000         0.38392565E-10     -0.79203104E-25     -0.13516670E-13     -0.37125608E-27
  468.000000000000         0.38375961E-10     -0.79288752E-25     -0.16604270E-13     -0.85647837E-28
  469.000000000000         0.38364184E-10     -0.80247810E-25     -0.11777065E-13     -0.95905775E-27
  470.000000000000         0.38358318E-10     -0.80698926E-25     -0.58660345E-14     -0.45111623E-27
  471.000000000000         0.38351421E-10     -0.80617926E-25     -0.68969022E-14      0.80999917E-28
  472.000000000000         0.38337653E-10     -0.79145499E-25     -0.13767118E-13      0.14724274E-26
  473.000000000000         0.38319614E-10     -0.77882276E-25     -0.18039574E-13      0.12632227E-26
  474.000000000000         0.38304695E-10     -0.79001988E-25     -0.14918806E-13     -0.11197123E-26
  475.000000000000         0.38295775E-10     -0.78862703E-25     -0.89199688E-14      0.13928527E-27
  476.000000000000         0.38288017E-10     -0.78921705E-25     -0.77581811E-14     -0.59002035E-28
  477.000000000000         0.38275238E-10     -0.79288943E-25     -0.12779444E-13     -0.36723794E-27
  478.000000000000         0.38257612E-10     -0.78807558E-25     -0.17625168E-13      0.48138532E-27
  479.000000000000         0.38241326E-10     -0.78241083E-25     -0.16286045E-13      0.56647501E-27
  480.000000000000         0.38230901E-10     -0.78289889E-25     -0.10425019E-13     -0.48806331E-28
  481.000000000000         0.38223803E-10     -0.78569439E-25     -0.70983281E-14     -0.27954968E-27
  482.000000000000         0.38213985E-10     -0.79420598E-25     -0.98182714E-14     -0.85115955E-27
  483.000000000000         0.38199684E-10     -0.80061636E-25     -0.14300443E-13     -0.64103804E-27
  484.000000000000         0.38185384E-10     -0.78811443E-25     -0.14300507E-13      0.12501935E-26
  485.000000000000         0.38175734E-10     -0.78716586E-25     -0.96497994E-14      0.94856950E-28
  486.000000000000         0.38169764E-10     -0.78485433E-25     -0.59696879E-14      0.23115240E-27
  487.000000000000         0.38162474E-10     -0.78140537E-25     -0.72898743E-14      0.34489625E-27
  488.000000000000         0.38151107E-10     -0.77208823E-25     -0.11367805E-13      0.93171433E-27
  489.000000000000         0.38138143E-10     -0.77617426E-25     -0.12964032E-13     -0.40860345E-27
  490.000000000000         0.38127963E-10     -0.78321584E-25     -0.10179942E-13     -0.70415743E-27
  491.000000000000         0.38121528E-10     -0.78966164E-25     -0.64344590E-14     -0.64458085E-27
  492.000000000000         0.38115463E-10     -0.78494149E-25     -0.60654712E-14      0.47201575E-27
  493.000000000000         0.38106494E-10     -0.77662121E-25     -0.89691625E-14      0.83202765E-27
  494.000000000000         0.38095463E-10     -0.76983674E-25     -0.11030944E-13      0.67844676E-27
  495.000000000000         0.38086002E-10     -0.76498847E-25     -0.94601523E-14      0.48482774E-27
  496.000000000000         0.38080085E-10     -0.76250927E-25     -0.59176545E-14      0.24791963E-27
  497.000000000000         0.38076175E-10     -0.75104749E-25     -0.39100492E-14      0.11461778E-26
  498.000000000000         0.38071640E-10     -0.75327865E-25     -0.45346260E-14     -0.22311612E-27
  499.000000000000         0.38065957E-10     -0.75286139E-25     -0.56835585E-14      0.41726513E-28
  500.000000000000         0.38060789E-10     -0.75312973E-25     -0.51670677E-14     -0.26834697E-28
