 
 
 --- EXPECTATION VALUES PSI VECTORS ---
 
 
   M expectation values psi vectors 
         1    0.00000000    0.00000000
 
 
   M^2 expectation values psi vectors 
         1    0.00000000    0.00000000
 
 
   inversion expectation values psi vectors 
         1    0.00000000    0.00000000
 
 
   X, Y, Z dipole expectation values psi vectors
         1    0.00000000    0.00000000    0.00000000    0.00000000   -0.00000000    0.00000000
 
 
   X, Y, Z reflection expectation values psi vectors
         1    1.00000000    0.00000000    1.00000000    0.00000000    1.00000000    0.00000000
 
 
 --- EXPECTATION VALUES ORBITALS ---
 
 
   inversion expectation values orbitals
         1    1.00000000    0.00000000
         2    1.00000000    0.00000000
         3   -1.00000000    0.00000000
         4   -1.00000000    0.00000000
         5   -1.00000000    0.00000000
 
 
   X,Y,Z dipole expectation values orbitals
         1    0.00000000    0.00000000    0.00000000    0.00000000   -0.00000000    0.00000000
         2    0.00000000    0.00000000    0.00000000    0.00000000    0.00000000    0.00000000
         3    0.00000000    0.00000000    0.00000000    0.00000000    0.00000000    0.00000000
         4    0.00000000    0.00000000    0.00000000    0.00000000   -0.00000000    0.00000000
         5    0.00000000    0.00000000    0.00000000    0.00000000    0.00000000    0.00000000
 
 
   X,Y,Z reflection expectation values orbitals 
         1    1.00000000    0.00000000    1.00000000    0.00000000    1.00000000    0.00000000
         2    1.00000000    0.00000000    1.00000000    0.00000000    1.00000000    0.00000000
         3    1.00000000    0.00000000    1.00000000    0.00000000   -1.00000000    0.00000000
         4    0.00000000    0.00000000    0.00000000    0.00000000    1.00000000    0.00000000
         5    0.00000000    0.00000000    0.00000000    0.00000000    1.00000000    0.00000000
 
 
 --- ORBITAL OCCUPATIONS BY STATE ---
  Orbital State              1
              1   1.9845195207
              2   0.0074674063
              3   0.0026710243
              4   0.0026710243
              5   0.0026710243
 
 
 ---------------- MATRIX ELEMENTS ------------------
 
 
   M matrix elements 
 --------------------------------
      PSI VECTORS    
 --------------------------------
    0.00000000    0.00000000
 
 
   M^2 matrix elements 
 --------------------------------
      PSI VECTORS    
 --------------------------------
    0.00000000    0.00000000
 
 
   inversion matrix elements 
 --------------------------------
      ORBITALS    
 --------------------------------
    1.00000000    0.00000000    0.00000000    0.00000000   -0.00000000    0.00000000    0.00000000    0.00000000    0.00000000    0.00000000
    0.00000000    0.00000000    1.00000000    0.00000000    0.00000000    0.00000000    0.00000000    0.00000000    0.00000000    0.00000000
   -0.00000000    0.00000000    0.00000000    0.00000000   -1.00000000    0.00000000    0.00000000    0.00000000    0.00000000    0.00000000
    0.00000000    0.00000000    0.00000000    0.00000000    0.00000000    0.00000000   -1.00000000    0.00000000    0.00000000    0.00000000
    0.00000000    0.00000000    0.00000000    0.00000000    0.00000000    0.00000000    0.00000000    0.00000000   -1.00000000    0.00000000
 --------------------------------
      PSI VECTORS    
 --------------------------------
    0.00000000    0.00000000
 
 
   Z dipole matrix elements 
 --------------------------------
      ORBITALS    
 --------------------------------
   -0.00000000    0.00000000   -0.00000000    0.00000000   -0.54549515    0.00000000    0.00000000    0.00000000    0.00000000    0.00000000
   -0.00000000    0.00000000    0.00000000    0.00000000   -0.31371264    0.00000000    0.00000000    0.00000000    0.00000000    0.00000000
   -0.54549515    0.00000000   -0.31371264    0.00000000    0.00000000    0.00000000    0.00000000    0.00000000    0.00000000    0.00000000
    0.00000000    0.00000000    0.00000000    0.00000000    0.00000000    0.00000000   -0.00000000    0.00000000    0.00000000    0.00000000
    0.00000000    0.00000000    0.00000000    0.00000000    0.00000000    0.00000000    0.00000000    0.00000000    0.00000000    0.00000000
 --------------------------------
      PSI VECTORS    
 --------------------------------
   -0.00000000    0.00000000
 
 
   Y dipole matrix elements 
 --------------------------------
      ORBITALS    
 --------------------------------
    0.00000000    0.00000000    0.00000000    0.00000000    0.00000000    0.00000000    0.00000000   -0.38572332    0.00000000    0.38572332
    0.00000000    0.00000000    0.00000000    0.00000000    0.00000000    0.00000000    0.00000000   -0.22182834    0.00000000    0.22182834
    0.00000000    0.00000000    0.00000000    0.00000000    0.00000000    0.00000000    0.00000000   -0.00000000    0.00000000   -0.00000000
    0.00000000    0.38572332    0.00000000    0.22182834    0.00000000    0.00000000    0.00000000    0.00000000    0.00000000    0.00000000
    0.00000000   -0.38572332    0.00000000   -0.22182834    0.00000000    0.00000000    0.00000000    0.00000000    0.00000000    0.00000000
 --------------------------------
      PSI VECTORS    
 --------------------------------
    0.00000000    0.00000000
 
 
   X dipole matrix elements 
 --------------------------------
      ORBITALS    
 --------------------------------
    0.00000000    0.00000000    0.00000000    0.00000000    0.00000000    0.00000000    0.38572332    0.00000000    0.38572332    0.00000000
    0.00000000    0.00000000    0.00000000    0.00000000    0.00000000    0.00000000    0.22182834    0.00000000    0.22182834    0.00000000
    0.00000000    0.00000000    0.00000000    0.00000000    0.00000000    0.00000000    0.00000000    0.00000000   -0.00000000    0.00000000
    0.38572332    0.00000000    0.22182834    0.00000000    0.00000000    0.00000000    0.00000000    0.00000000    0.00000000    0.00000000
    0.38572332    0.00000000    0.22182834    0.00000000   -0.00000000    0.00000000    0.00000000    0.00000000    0.00000000    0.00000000
 --------------------------------
      PSI VECTORS    
 --------------------------------
    0.00000000    0.00000000
 
 
   Z reflection matrix elements 
 --------------------------------
      ORBITALS    
 --------------------------------
    1.00000000    0.00000000    0.00000000    0.00000000   -0.00000000    0.00000000    0.00000000    0.00000000    0.00000000    0.00000000
    0.00000000    0.00000000    1.00000000    0.00000000    0.00000000    0.00000000    0.00000000    0.00000000    0.00000000    0.00000000
   -0.00000000    0.00000000    0.00000000    0.00000000   -1.00000000    0.00000000    0.00000000    0.00000000    0.00000000    0.00000000
    0.00000000    0.00000000    0.00000000    0.00000000    0.00000000    0.00000000    1.00000000    0.00000000    0.00000000    0.00000000
    0.00000000    0.00000000    0.00000000    0.00000000    0.00000000    0.00000000    0.00000000    0.00000000    1.00000000    0.00000000
 --------------------------------
      PSI VECTORS    
 --------------------------------
    1.00000000    0.00000000
 
 
   Y reflection matrix elements 
 --------------------------------
      ORBITALS    
 --------------------------------
    1.00000000    0.00000000    0.00000000    0.00000000    0.00000000    0.00000000    0.00000000    0.00000000    0.00000000    0.00000000
    0.00000000    0.00000000    1.00000000    0.00000000   -0.00000000    0.00000000    0.00000000    0.00000000    0.00000000    0.00000000
    0.00000000    0.00000000   -0.00000000    0.00000000    1.00000000    0.00000000    0.00000000    0.00000000    0.00000000    0.00000000
    0.00000000    0.00000000    0.00000000    0.00000000    0.00000000    0.00000000    0.00000000    0.00000000   -1.00000000    0.00000000
    0.00000000    0.00000000    0.00000000    0.00000000    0.00000000    0.00000000   -1.00000000    0.00000000    0.00000000    0.00000000
 --------------------------------
      PSI VECTORS    
 --------------------------------
    1.00000000    0.00000000
 
 
   X reflection matrix elements 
 --------------------------------
      ORBITALS    
 --------------------------------
    1.00000000    0.00000000    0.00000000    0.00000000    0.00000000    0.00000000    0.00000000    0.00000000    0.00000000    0.00000000
    0.00000000    0.00000000    1.00000000    0.00000000   -0.00000000    0.00000000    0.00000000    0.00000000    0.00000000    0.00000000
    0.00000000    0.00000000   -0.00000000    0.00000000    1.00000000    0.00000000    0.00000000    0.00000000    0.00000000    0.00000000
    0.00000000    0.00000000    0.00000000    0.00000000    0.00000000    0.00000000    0.00000000    0.00000000    1.00000000    0.00000000
    0.00000000    0.00000000    0.00000000    0.00000000    0.00000000    0.00000000    1.00000000    0.00000000    0.00000000    0.00000000
 --------------------------------
      PSI VECTORS    
 --------------------------------
    1.00000000    0.00000000
