 #           1000
    0.000000000000         0.00000000E+00      0.00000000E+00
    1.000000000000         0.45872622E-19      0.21651797E-23
    2.000000000000         0.11937856E-17      0.51197170E-23
    3.000000000000         0.86813993E-17      0.10892490E-22
    4.000000000000         0.73302861E-15      0.12516313E-22
    5.000000000000         0.32211355E-13      0.16344837E-22
    6.000000000000         0.78633360E-12      0.21365052E-22
    7.000000000000         0.10342518E-10      0.26023150E-22
    8.000000000000         0.86603628E-10      0.28050064E-22
    9.000000000000         0.51653618E-09      0.33508600E-22
   10.000000000000         0.23587823E-08      0.38774887E-22
   11.000000000000         0.86426805E-08      0.70515474E-22
   12.000000000000         0.26195569E-07      0.55971026E-22
   13.000000000000         0.67089864E-07      0.67474284E-22
   14.000000000000         0.14736482E-06      0.27565040E-21
   15.000000000000         0.28112491E-06      0.23033925E-21
   16.000000000000         0.46598723E-06      0.15259807E-21
   17.000000000000         0.68173725E-06      0.73180393E-23
   18.000000000000         0.90596266E-06     -0.17827788E-21
   19.000000000000         0.11234026E-05     -0.61629834E-21
   20.000000000000         0.13260668E-05     -0.48446582E-21
   21.000000000000         0.15099826E-05     -0.16828067E-21
   22.000000000000         0.16724983E-05     -0.17583356E-21
   23.000000000000         0.18114446E-05     -0.26581808E-21
   24.000000000000         0.19258832E-05     -0.55752639E-22
   25.000000000000         0.20173499E-05      0.16397470E-21
   26.000000000000         0.20903372E-05      0.16946252E-21
   27.000000000000         0.21513166E-05      0.31439104E-21
   28.000000000000         0.22065350E-05      0.39678611E-21
   29.000000000000         0.22596748E-05      0.38138293E-21
   30.000000000000         0.23107619E-05      0.25186765E-21
   31.000000000000         0.23570818E-05      0.16727081E-21
   32.000000000000         0.23956396E-05      0.18539631E-21
   33.000000000000         0.24256268E-05      0.13678017E-21
   34.000000000000         0.24492572E-05      0.12666677E-21
   35.000000000000         0.24704378E-05      0.19404647E-21
   36.000000000000         0.24922647E-05      0.21354075E-21
   37.000000000000         0.25151890E-05      0.20512277E-21
   38.000000000000         0.25371666E-05      0.29596059E-21
   39.000000000000         0.25555833E-05      0.26588831E-21
   40.000000000000         0.25694203E-05      0.24420542E-21
   41.000000000000         0.25800164E-05      0.23049946E-21
   42.000000000000         0.25899581E-05      0.31575147E-21
   43.000000000000         0.26011030E-05      0.26866792E-21
   44.000000000000         0.26133340E-05      0.28097381E-21
   45.000000000000         0.26249446E-05      0.23625883E-21
   46.000000000000         0.26342023E-05      0.26629829E-21
   47.000000000000         0.26407565E-05      0.24277248E-21
   48.000000000000         0.26458132E-05      0.24027679E-21
   49.000000000000         0.26510728E-05      0.18719318E-21
   50.000000000000         0.26573983E-05      0.20701157E-21
   51.000000000000         0.26642820E-05      0.26544914E-21
   52.000000000000         0.26704375E-05      0.23536827E-21
   53.000000000000         0.26749251E-05      0.22323465E-21
   54.000000000000         0.26778754E-05      0.25846429E-21
   55.000000000000         0.26802966E-05      0.27918422E-21
   56.000000000000         0.26832216E-05      0.33437099E-21
   57.000000000000         0.26869276E-05      0.34363941E-21
   58.000000000000         0.26908231E-05      0.33804614E-21
   59.000000000000         0.26940167E-05      0.29970067E-21
   60.000000000000         0.26960602E-05      0.31902689E-21
   61.000000000000         0.26972770E-05      0.34429962E-21
   62.000000000000         0.26984594E-05      0.38514357E-21
   63.000000000000         0.27002238E-05      0.36123795E-21
   64.000000000000         0.27025510E-05      0.34350019E-21
   65.000000000000         0.27048594E-05      0.34276984E-21
   66.000000000000         0.27065174E-05      0.30622294E-21
   67.000000000000         0.27073624E-05      0.30877327E-21
   68.000000000000         0.27078116E-05      0.31048958E-21
   69.000000000000         0.27084975E-05      0.28541805E-21
   70.000000000000         0.27097483E-05      0.31272106E-21
   71.000000000000         0.27113439E-05      0.32432345E-21
   72.000000000000         0.27127342E-05      0.31313426E-21
   73.000000000000         0.27135165E-05      0.30022140E-21
   74.000000000000         0.27137619E-05      0.31102038E-21
   75.000000000000         0.27139302E-05      0.29842269E-21
   76.000000000000         0.27144670E-05      0.30333111E-21
   77.000000000000         0.27154398E-05      0.28297420E-21
   78.000000000000         0.27165133E-05      0.29001600E-21
   79.000000000000         0.27172587E-05      0.27350091E-21
   80.000000000000         0.27175166E-05      0.26978117E-21
   81.000000000000         0.27175077E-05      0.27712227E-21
   82.000000000000         0.27176232E-05      0.28201059E-21
   83.000000000000         0.27180943E-05      0.27607825E-21
   84.000000000000         0.27188224E-05      0.26685415E-21
   85.000000000000         0.27194908E-05      0.28697199E-21
   86.000000000000         0.27198401E-05      0.30002522E-21
   87.000000000000         0.27198703E-05      0.30520784E-21
   88.000000000000         0.27198192E-05      0.30337179E-21
   89.000000000000         0.27199566E-05      0.29895980E-21
   90.000000000000         0.27203744E-05      0.31918332E-21
   91.000000000000         0.27209320E-05      0.32661339E-21
   92.000000000000         0.27213830E-05      0.33679859E-21
   93.000000000000         0.27215719E-05      0.32019244E-21
   94.000000000000         0.27215480E-05      0.32263266E-21
   95.000000000000         0.27215182E-05      0.32302863E-21
   96.000000000000         0.27216817E-05      0.31402808E-21
   97.000000000000         0.27220758E-05      0.30519398E-21
   98.000000000000         0.27225485E-05      0.30303841E-21
   99.000000000000         0.27228796E-05      0.29482670E-21
  100.000000000000         0.27229563E-05      0.31411437E-21
  101.000000000000         0.27228663E-05      0.32113013E-21
  102.000000000000         0.27228278E-05      0.32761198E-21
  103.000000000000         0.27230097E-05      0.31892803E-21
  104.000000000000         0.27233865E-05      0.33345015E-21
  105.000000000000         0.27237546E-05      0.32078012E-21
  106.000000000000         0.27239031E-05      0.31641182E-21
  107.000000000000         0.27237958E-05      0.33041943E-21
  108.000000000000         0.27236040E-05      0.32483864E-21
  109.000000000000         0.27235582E-05      0.32652594E-21
  110.000000000000         0.27237452E-05      0.33764684E-21
  111.000000000000         0.27240315E-05      0.33895533E-21
  112.000000000000         0.27241822E-05      0.35310337E-21
  113.000000000000         0.27240677E-05      0.35584647E-21
  114.000000000000         0.27237734E-05      0.35831128E-21
  115.000000000000         0.27235174E-05      0.35517542E-21
  116.000000000000         0.27234566E-05      0.35290272E-21
  117.000000000000         0.27235547E-05      0.35936390E-21
  118.000000000000         0.27236251E-05      0.36093819E-21
  119.000000000000         0.27234970E-05      0.36605663E-21
  120.000000000000         0.27231556E-05      0.37040380E-21
  121.000000000000         0.27227407E-05      0.38113630E-21
  122.000000000000         0.27224208E-05      0.38367557E-21
  123.000000000000         0.27222566E-05      0.36971038E-21
  124.000000000000         0.27221623E-05      0.34757133E-21
  125.000000000000         0.27219822E-05      0.34067043E-21
  126.000000000000         0.27216152E-05      0.32880226E-21
  127.000000000000         0.27210898E-05      0.33585234E-21
  128.000000000000         0.27205399E-05      0.35092191E-21
  129.000000000000         0.27200999E-05      0.35630542E-21
  130.000000000000         0.27197978E-05      0.36957704E-21
  131.000000000000         0.27195281E-05      0.37193126E-21
  132.000000000000         0.27191338E-05      0.37570280E-21
  133.000000000000         0.27185389E-05      0.37380992E-21
  134.000000000000         0.27178225E-05      0.35510422E-21
  135.000000000000         0.27171597E-05      0.35360498E-21
  136.000000000000         0.27166708E-05      0.36968042E-21
  137.000000000000         0.27163086E-05      0.38960485E-21
  138.000000000000         0.27158963E-05      0.37788659E-21
  139.000000000000         0.27152882E-05      0.36681686E-21
  140.000000000000         0.27145071E-05      0.35210579E-21
  141.000000000000         0.27137267E-05      0.36314363E-21
  142.000000000000         0.27131120E-05      0.36335574E-21
  143.000000000000         0.27126694E-05      0.37161307E-21
  144.000000000000         0.27122485E-05      0.36057822E-21
  145.000000000000         0.27116881E-05      0.35848143E-21
  146.000000000000         0.27109641E-05      0.37091613E-21
  147.000000000000         0.27102024E-05      0.37784020E-21
  148.000000000000         0.27095542E-05      0.35785914E-21
  149.000000000000         0.27090631E-05      0.35518482E-21
  150.000000000000         0.27086431E-05      0.37181616E-21
  151.000000000000         0.27081714E-05      0.36436694E-21
  152.000000000000         0.27075971E-05      0.37444997E-21
  153.000000000000         0.27069702E-05      0.37297947E-21
  154.000000000000         0.27063859E-05      0.37271791E-21
  155.000000000000         0.27059053E-05      0.36992119E-21
  156.000000000000         0.27055207E-05      0.36017342E-21
  157.000000000000         0.27051734E-05      0.36666770E-21
  158.000000000000         0.27048001E-05      0.38237913E-21
  159.000000000000         0.27043746E-05      0.38466815E-21
  160.000000000000         0.27039263E-05      0.41448088E-21
  161.000000000000         0.27035236E-05      0.41447159E-21
  162.000000000000         0.27032275E-05      0.40641984E-21
  163.000000000000         0.27030404E-05      0.41768260E-21
  164.000000000000         0.27028959E-05      0.42751154E-21
  165.000000000000         0.27027095E-05      0.41018180E-21
  166.000000000000         0.27024551E-05      0.41277878E-21
  167.000000000000         0.27021958E-05      0.42684032E-21
  168.000000000000         0.27020323E-05      0.44333193E-21
  169.000000000000         0.27020100E-05      0.45221915E-21
  170.000000000000         0.27020736E-05      0.45208632E-21
  171.000000000000         0.27021178E-05      0.47611087E-21
  172.000000000000         0.27020854E-05      0.49936339E-21
  173.000000000000         0.27020191E-05      0.48976300E-21
  174.000000000000         0.27020175E-05      0.50713054E-21
  175.000000000000         0.27021391E-05      0.52350036E-21
  176.000000000000         0.27023518E-05      0.53725580E-21
  177.000000000000         0.27025690E-05      0.53303752E-21
  178.000000000000         0.27027332E-05      0.53442845E-21
  179.000000000000         0.27028622E-05      0.53618532E-21
  180.000000000000         0.27030209E-05      0.54136071E-21
  181.000000000000         0.27032554E-05      0.56305542E-21
  182.000000000000         0.27035560E-05      0.56930023E-21
  183.000000000000         0.27038756E-05      0.57435980E-21
  184.000000000000         0.27041758E-05      0.59353484E-21
  185.000000000000         0.27044534E-05      0.60801757E-21
  186.000000000000         0.27047300E-05      0.62698525E-21
  187.000000000000         0.27050279E-05      0.63041746E-21
  188.000000000000         0.27053563E-05      0.63683846E-21
  189.000000000000         0.27057125E-05      0.65436957E-21
  190.000000000000         0.27060855E-05      0.66017301E-21
  191.000000000000         0.27064567E-05      0.66076255E-21
  192.000000000000         0.27068048E-05      0.66725054E-21
  193.000000000000         0.27071219E-05      0.67880099E-21
  194.000000000000         0.27074269E-05      0.67549811E-21
  195.000000000000         0.27077564E-05      0.67588682E-21
  196.000000000000         0.27081318E-05      0.68171139E-21
  197.000000000000         0.27085320E-05      0.68614736E-21
  198.000000000000         0.27089044E-05      0.68926312E-21
  199.000000000000         0.27092110E-05      0.70190679E-21
  200.000000000000         0.27094677E-05      0.69766474E-21
  201.000000000000         0.27097330E-05      0.70369394E-21
  202.000000000000         0.27100525E-05      0.69828479E-21
  203.000000000000         0.27104119E-05      0.69918840E-21
  204.000000000000         0.27107482E-05      0.70193976E-21
  205.000000000000         0.27110099E-05      0.70127541E-21
  206.000000000000         0.27112074E-05      0.69564351E-21
  207.000000000000         0.27114021E-05      0.71036229E-21
  208.000000000000         0.27116441E-05      0.72039096E-21
  209.000000000000         0.27119229E-05      0.72523640E-21
  210.000000000000         0.27121813E-05      0.72548723E-21
  211.000000000000         0.27123735E-05      0.72486784E-21
  212.000000000000         0.27125085E-05      0.72885623E-21
  213.000000000000         0.27126356E-05      0.72681142E-21
  214.000000000000         0.27127922E-05      0.73074822E-21
  215.000000000000         0.27129721E-05      0.73893637E-21
  216.000000000000         0.27131406E-05      0.73406685E-21
  217.000000000000         0.27132733E-05      0.73460726E-21
  218.000000000000         0.27133738E-05      0.76122728E-21
  219.000000000000         0.27134591E-05      0.75418930E-21
  220.000000000000         0.27135390E-05      0.76188555E-21
  221.000000000000         0.27136157E-05      0.76252991E-21
  222.000000000000         0.27136961E-05      0.75044536E-21
  223.000000000000         0.27137904E-05      0.73148512E-21
  224.000000000000         0.27138938E-05      0.75001945E-21
  225.000000000000         0.27139792E-05      0.74846981E-21
  226.000000000000         0.27140203E-05      0.76379158E-21
  227.000000000000         0.27140268E-05      0.77128587E-21
  228.000000000000         0.27140467E-05      0.78372801E-21
  229.000000000000         0.27141218E-05      0.78367287E-21
  230.000000000000         0.27142400E-05      0.77912548E-21
  231.000000000000         0.27143409E-05      0.78786759E-21
  232.000000000000         0.27143774E-05      0.79139725E-21
  233.000000000000         0.27143696E-05      0.79943205E-21
  234.000000000000         0.27143891E-05      0.78777163E-21
  235.000000000000         0.27144852E-05      0.81560875E-21
  236.000000000000         0.27146313E-05      0.82236531E-21
  237.000000000000         0.27147521E-05      0.82352793E-21
  238.000000000000         0.27148034E-05      0.82174310E-21
  239.000000000000         0.27148205E-05      0.81550826E-21
  240.000000000000         0.27148805E-05      0.83282989E-21
  241.000000000000         0.27150216E-05      0.84683121E-21
  242.000000000000         0.27152060E-05      0.83809167E-21
  243.000000000000         0.27153633E-05      0.84386694E-21
  244.000000000000         0.27154647E-05      0.84620131E-21
  245.000000000000         0.27155476E-05      0.83883221E-21
  246.000000000000         0.27156695E-05      0.87043473E-21
  247.000000000000         0.27158485E-05      0.89812196E-21
  248.000000000000         0.27160533E-05      0.89491970E-21
  249.000000000000         0.27162465E-05      0.90497276E-21
  250.000000000000         0.27164242E-05      0.88154243E-21
  251.000000000000         0.27166097E-05      0.86331058E-21
  252.000000000000         0.27168167E-05      0.86971132E-21
  253.000000000000         0.27170337E-05      0.86148431E-21
  254.000000000000         0.27172452E-05      0.85502558E-21
  255.000000000000         0.27174596E-05      0.85488260E-21
  256.000000000000         0.27177015E-05      0.87929966E-21
  257.000000000000         0.27179775E-05      0.87437653E-21
  258.000000000000         0.27182606E-05      0.88524780E-21
  259.000000000000         0.27185177E-05      0.87258110E-21
  260.000000000000         0.27187506E-05      0.91533231E-21
  261.000000000000         0.27189993E-05      0.92791706E-21
  262.000000000000         0.27192983E-05      0.93075646E-21
  263.000000000000         0.27196343E-05      0.95158630E-21
  264.000000000000         0.27199569E-05      0.93647547E-21
  265.000000000000         0.27202338E-05      0.93306376E-21
  266.000000000000         0.27204889E-05      0.94024323E-21
  267.000000000000         0.27207782E-05      0.94068422E-21
  268.000000000000         0.27211281E-05      0.95778936E-21
  269.000000000000         0.27215046E-05      0.95593853E-21
  270.000000000000         0.27218483E-05      0.95170260E-21
  271.000000000000         0.27221375E-05      0.94291373E-21
  272.000000000000         0.27224102E-05      0.93988280E-21
  273.000000000000         0.27227221E-05      0.94926373E-21
  274.000000000000         0.27230880E-05      0.93644555E-21
  275.000000000000         0.27234696E-05      0.94358934E-21
  276.000000000000         0.27238197E-05      0.94828619E-21
  277.000000000000         0.27241310E-05      0.96494441E-21
  278.000000000000         0.27244377E-05      0.97435556E-21
  279.000000000000         0.27247723E-05      0.97053649E-21
  280.000000000000         0.27251306E-05      0.96871243E-21
  281.000000000000         0.27254819E-05      0.98231501E-21
  282.000000000000         0.27258084E-05      0.98802978E-21
  283.000000000000         0.27261249E-05      0.98530300E-21
  284.000000000000         0.27264577E-05      0.10075430E-20
  285.000000000000         0.27268102E-05      0.10063494E-20
  286.000000000000         0.27271575E-05      0.10114733E-20
  287.000000000000         0.27274766E-05      0.10177262E-20
  288.000000000000         0.27277754E-05      0.10120743E-20
  289.000000000000         0.27280854E-05      0.10151854E-20
  290.000000000000         0.27284240E-05      0.10270133E-20
  291.000000000000         0.27287723E-05      0.10236692E-20
  292.000000000000         0.27290950E-05      0.10300884E-20
  293.000000000000         0.27293821E-05      0.10447474E-20
  294.000000000000         0.27296623E-05      0.10516872E-20
  295.000000000000         0.27299724E-05      0.10465771E-20
  296.000000000000         0.27303135E-05      0.10399894E-20
  297.000000000000         0.27306457E-05      0.10279049E-20
  298.000000000000         0.27309304E-05      0.10347600E-20
  299.000000000000         0.27311738E-05      0.10484425E-20
  300.000000000000         0.27314234E-05      0.10543723E-20
  301.000000000000         0.27317174E-05      0.10580949E-20
  302.000000000000         0.27320427E-05      0.10596402E-20
  303.000000000000         0.27323482E-05      0.10672510E-20
  304.000000000000         0.27325992E-05      0.10796662E-20
  305.000000000000         0.27328137E-05      0.10897533E-20
  306.000000000000         0.27330404E-05      0.10865128E-20
  307.000000000000         0.27333039E-05      0.10820922E-20
  308.000000000000         0.27335789E-05      0.10835097E-20
  309.000000000000         0.27338222E-05      0.10786778E-20
  310.000000000000         0.27340230E-05      0.10848227E-20
  311.000000000000         0.27342130E-05      0.11025171E-20
  312.000000000000         0.27344250E-05      0.11089142E-20
  313.000000000000         0.27346521E-05      0.11099859E-20
  314.000000000000         0.27348561E-05      0.11221171E-20
  315.000000000000         0.27350151E-05      0.11284806E-20
  316.000000000000         0.27351513E-05      0.11356164E-20
  317.000000000000         0.27353040E-05      0.11489967E-20
  318.000000000000         0.27354803E-05      0.11429044E-20
  319.000000000000         0.27356441E-05      0.11465471E-20
  320.000000000000         0.27357604E-05      0.11535263E-20
  321.000000000000         0.27358401E-05      0.11773180E-20
  322.000000000000         0.27359286E-05      0.11877484E-20
  323.000000000000         0.27360498E-05      0.11884894E-20
  324.000000000000         0.27361718E-05      0.11877097E-20
  325.000000000000         0.27362414E-05      0.11892021E-20
  326.000000000000         0.27362492E-05      0.11809513E-20
  327.000000000000         0.27362456E-05      0.11745285E-20
  328.000000000000         0.27362856E-05      0.11523105E-20
  329.000000000000         0.27363634E-05      0.11786319E-20
  330.000000000000         0.27364152E-05      0.11877465E-20
  331.000000000000         0.27363903E-05      0.11735057E-20
  332.000000000000         0.27363090E-05      0.11857138E-20
  333.000000000000         0.27362402E-05      0.12028117E-20
  334.000000000000         0.27362231E-05      0.11996232E-20
  335.000000000000         0.27362250E-05      0.12181422E-20
  336.000000000000         0.27361813E-05      0.12171541E-20
  337.000000000000         0.27360714E-05      0.12023116E-20
  338.000000000000         0.27359394E-05      0.12142842E-20
  339.000000000000         0.27358391E-05      0.12176521E-20
  340.000000000000         0.27357708E-05      0.12300606E-20
  341.000000000000         0.27356843E-05      0.12546113E-20
  342.000000000000         0.27355417E-05      0.12540795E-20
  343.000000000000         0.27353629E-05      0.12031437E-20
  344.000000000000         0.27351995E-05      0.12114459E-20
  345.000000000000         0.27350724E-05      0.12085564E-20
  346.000000000000         0.27349496E-05      0.12159852E-20
  347.000000000000         0.27347887E-05      0.12357991E-20
  348.000000000000         0.27345903E-05      0.12458402E-20
  349.000000000000         0.27343955E-05      0.12818088E-20
  350.000000000000         0.27342335E-05      0.12802939E-20
  351.000000000000         0.27340853E-05      0.12718724E-20
  352.000000000000         0.27339091E-05      0.12810266E-20
  353.000000000000         0.27336954E-05      0.12984716E-20
  354.000000000000         0.27334820E-05      0.13008753E-20
  355.000000000000         0.27333098E-05      0.13114696E-20
  356.000000000000         0.27331723E-05      0.13187961E-20
  357.000000000000         0.27330216E-05      0.13169175E-20
  358.000000000000         0.27328251E-05      0.13200179E-20
  359.000000000000         0.27326055E-05      0.12845632E-20
  360.000000000000         0.27324160E-05      0.13037106E-20
  361.000000000000         0.27322804E-05      0.12993979E-20
  362.000000000000         0.27321671E-05      0.12528514E-20
  363.000000000000         0.27320280E-05      0.12677163E-20
  364.000000000000         0.27318544E-05      0.12824419E-20
  365.000000000000         0.27316857E-05      0.12642537E-20
  366.000000000000         0.27315623E-05      0.12728177E-20
  367.000000000000         0.27314800E-05      0.12879916E-20
  368.000000000000         0.27313972E-05      0.12880094E-20
  369.000000000000         0.27312852E-05      0.12818946E-20
  370.000000000000         0.27311607E-05      0.12895942E-20
  371.000000000000         0.27310650E-05      0.12826337E-20
  372.000000000000         0.27310161E-05      0.13074121E-20
  373.000000000000         0.27309904E-05      0.12947502E-20
  374.000000000000         0.27309520E-05      0.13160348E-20
  375.000000000000         0.27308948E-05      0.13132040E-20
  376.000000000000         0.27308463E-05      0.13144785E-20
  377.000000000000         0.27308334E-05      0.13172227E-20
  378.000000000000         0.27308514E-05      0.13097563E-20
  379.000000000000         0.27308715E-05      0.13156359E-20
  380.000000000000         0.27308767E-05      0.13284170E-20
  381.000000000000         0.27308814E-05      0.13214714E-20
  382.000000000000         0.27309132E-05      0.13371054E-20
  383.000000000000         0.27309782E-05      0.13379157E-20
  384.000000000000         0.27310531E-05      0.13421611E-20
  385.000000000000         0.27311108E-05      0.13490260E-20
  386.000000000000         0.27311519E-05      0.13592141E-20
  387.000000000000         0.27312039E-05      0.13615311E-20
  388.000000000000         0.27312890E-05      0.13662057E-20
  389.000000000000         0.27313983E-05      0.13655309E-20
  390.000000000000         0.27315014E-05      0.13677002E-20
  391.000000000000         0.27315802E-05      0.13663134E-20
  392.000000000000         0.27316484E-05      0.13667537E-20
  393.000000000000         0.27317345E-05      0.13728893E-20
  394.000000000000         0.27318474E-05      0.13730325E-20
  395.000000000000         0.27319651E-05      0.13786376E-20
  396.000000000000         0.27320589E-05      0.13830731E-20
  397.000000000000         0.27321256E-05      0.13911274E-20
  398.000000000000         0.27321906E-05      0.13984291E-20
  399.000000000000         0.27322777E-05      0.14072553E-20
  400.000000000000         0.27323810E-05      0.14161896E-20
  401.000000000000         0.27324706E-05      0.14282413E-20
  402.000000000000         0.27325260E-05      0.14204778E-20
  403.000000000000         0.27325580E-05      0.14227047E-20
  404.000000000000         0.27325945E-05      0.14205698E-20
  405.000000000000         0.27326466E-05      0.14207015E-20
  406.000000000000         0.27326957E-05      0.14207849E-20
  407.000000000000         0.27327155E-05      0.14353315E-20
  408.000000000000         0.27327037E-05      0.14432009E-20
  409.000000000000         0.27326839E-05      0.14460213E-20
  410.000000000000         0.27326758E-05      0.14426130E-20
  411.000000000000         0.27326698E-05      0.14497200E-20
  412.000000000000         0.27326363E-05      0.14518772E-20
  413.000000000000         0.27325608E-05      0.14532258E-20
  414.000000000000         0.27324617E-05      0.14629135E-20
  415.000000000000         0.27323698E-05      0.14514027E-20
  416.000000000000         0.27322922E-05      0.14594083E-20
  417.000000000000         0.27322029E-05      0.14551544E-20
  418.000000000000         0.27320732E-05      0.14705353E-20
  419.000000000000         0.27319053E-05      0.14682263E-20
  420.000000000000         0.27317298E-05      0.14662470E-20
  421.000000000000         0.27315695E-05      0.14774676E-20
  422.000000000000         0.27314124E-05      0.14872044E-20
  423.000000000000         0.27312259E-05      0.14911438E-20
  424.000000000000         0.27309960E-05      0.14977503E-20
  425.000000000000         0.27307450E-05      0.15036804E-20
  426.000000000000         0.27305069E-05      0.15033354E-20
  427.000000000000         0.27302883E-05      0.15018131E-20
  428.000000000000         0.27300611E-05      0.15169027E-20
  429.000000000000         0.27297953E-05      0.15133793E-20
  430.000000000000         0.27294935E-05      0.15300386E-20
  431.000000000000         0.27291878E-05      0.15448239E-20
  432.000000000000         0.27289037E-05      0.15442452E-20
  433.000000000000         0.27286329E-05      0.15525696E-20
  434.000000000000         0.27283465E-05      0.15759514E-20
  435.000000000000         0.27280308E-05      0.15761550E-20
  436.000000000000         0.27277030E-05      0.15895070E-20
  437.000000000000         0.27273901E-05      0.15691536E-20
  438.000000000000         0.27270966E-05      0.15842977E-20
  439.000000000000         0.27268008E-05      0.15797185E-20
  440.000000000000         0.27264831E-05      0.15798640E-20
  441.000000000000         0.27261511E-05      0.15988830E-20
  442.000000000000         0.27258324E-05      0.15913354E-20
  443.000000000000         0.27255427E-05      0.15807932E-20
  444.000000000000         0.27252685E-05      0.15564607E-20
  445.000000000000         0.27249843E-05      0.15600150E-20
  446.000000000000         0.27246839E-05      0.15524480E-20
  447.000000000000         0.27243880E-05      0.15730473E-20
  448.000000000000         0.27241201E-05      0.15798379E-20
  449.000000000000         0.27238793E-05      0.15762351E-20
  450.000000000000         0.27236431E-05      0.15827486E-20
  451.000000000000         0.27233959E-05      0.15722829E-20
  452.000000000000         0.27231499E-05      0.15475250E-20
  453.000000000000         0.27229316E-05      0.15573624E-20
  454.000000000000         0.27227513E-05      0.15756928E-20
  455.000000000000         0.27225897E-05      0.15565856E-20
  456.000000000000         0.27224200E-05      0.15594134E-20
  457.000000000000         0.27222389E-05      0.15653772E-20
  458.000000000000         0.27220718E-05      0.15609286E-20
  459.000000000000         0.27219452E-05      0.15470350E-20
  460.000000000000         0.27218578E-05      0.15598901E-20
  461.000000000000         0.27217829E-05      0.15566604E-20
  462.000000000000         0.27216990E-05      0.15517115E-20
  463.000000000000         0.27216129E-05      0.15725346E-20
  464.000000000000         0.27215514E-05      0.15741876E-20
  465.000000000000         0.27215292E-05      0.15727219E-20
  466.000000000000         0.27215330E-05      0.15522969E-20
  467.000000000000         0.27215374E-05      0.15367388E-20
  468.000000000000         0.27215341E-05      0.15323739E-20
  469.000000000000         0.27215414E-05      0.15300013E-20
  470.000000000000         0.27215826E-05      0.15410229E-20
  471.000000000000         0.27216593E-05      0.15591298E-20
  472.000000000000         0.27217488E-05      0.15727915E-20
  473.000000000000         0.27218291E-05      0.15842723E-20
  474.000000000000         0.27219022E-05      0.15774669E-20
  475.000000000000         0.27219906E-05      0.15815750E-20
  476.000000000000         0.27221105E-05      0.15832981E-20
  477.000000000000         0.27222545E-05      0.15845260E-20
  478.000000000000         0.27224005E-05      0.15826934E-20
  479.000000000000         0.27225369E-05      0.15708138E-20
  480.000000000000         0.27226742E-05      0.15747097E-20
  481.000000000000         0.27228307E-05      0.15736150E-20
  482.000000000000         0.27230095E-05      0.15874565E-20
  483.000000000000         0.27231932E-05      0.15986950E-20
  484.000000000000         0.27233634E-05      0.15942803E-20
  485.000000000000         0.27235217E-05      0.15875661E-20
  486.000000000000         0.27236880E-05      0.15956506E-20
  487.000000000000         0.27238773E-05      0.16086630E-20
  488.000000000000         0.27240813E-05      0.15939684E-20
  489.000000000000         0.27242759E-05      0.16001875E-20
  490.000000000000         0.27244474E-05      0.16081480E-20
  491.000000000000         0.27246069E-05      0.15975120E-20
  492.000000000000         0.27247770E-05      0.16003529E-20
  493.000000000000         0.27249647E-05      0.16231226E-20
  494.000000000000         0.27251519E-05      0.16258351E-20
  495.000000000000         0.27253159E-05      0.16128508E-20
  496.000000000000         0.27254559E-05      0.16166422E-20
  497.000000000000         0.27255945E-05      0.16194079E-20
  498.000000000000         0.27257514E-05      0.16305642E-20
  499.000000000000         0.27259181E-05      0.16444530E-20
  500.000000000000         0.27260643E-05      0.16676757E-20
  501.000000000000         0.27261714E-05      0.16708062E-20
  502.000000000000         0.27262545E-05      0.16867072E-20
  503.000000000000         0.27263468E-05      0.16896820E-20
  504.000000000000         0.27264622E-05      0.16996468E-20
  505.000000000000         0.27265784E-05      0.17161974E-20
  506.000000000000         0.27266615E-05      0.17215017E-20
  507.000000000000         0.27267046E-05      0.17144302E-20
  508.000000000000         0.27267356E-05      0.17169164E-20
  509.000000000000         0.27267844E-05      0.17021016E-20
  510.000000000000         0.27268466E-05      0.17022300E-20
  511.000000000000         0.27268879E-05      0.17152261E-20
  512.000000000000         0.27268847E-05      0.17155501E-20
  513.000000000000         0.27268541E-05      0.17091214E-20
  514.000000000000         0.27268352E-05      0.17260987E-20
  515.000000000000         0.27268435E-05      0.17174765E-20
  516.000000000000         0.27268514E-05      0.17069394E-20
  517.000000000000         0.27268186E-05      0.17196248E-20
  518.000000000000         0.27267398E-05      0.17300605E-20
  519.000000000000         0.27266512E-05      0.17379236E-20
  520.000000000000         0.27265891E-05      0.17617254E-20
  521.000000000000         0.27265480E-05      0.17432052E-20
  522.000000000000         0.27264886E-05      0.17278178E-20
  523.000000000000         0.27263864E-05      0.17469447E-20
  524.000000000000         0.27262613E-05      0.17462457E-20
  525.000000000000         0.27261539E-05      0.17470264E-20
  526.000000000000         0.27260747E-05      0.17437769E-20
  527.000000000000         0.27259908E-05      0.17442958E-20
  528.000000000000         0.27258659E-05      0.17617497E-20
  529.000000000000         0.27257062E-05      0.17526006E-20
  530.000000000000         0.27255562E-05      0.17812521E-20
  531.000000000000         0.27254469E-05      0.17682931E-20
  532.000000000000         0.27253591E-05      0.17528496E-20
  533.000000000000         0.27252458E-05      0.17625368E-20
  534.000000000000         0.27250885E-05      0.17737700E-20
  535.000000000000         0.27249195E-05      0.17831673E-20
  536.000000000000         0.27247835E-05      0.17955525E-20
  537.000000000000         0.27246845E-05      0.17946850E-20
  538.000000000000         0.27245823E-05      0.17630665E-20
  539.000000000000         0.27244430E-05      0.17563093E-20
  540.000000000000         0.27242819E-05      0.17584389E-20
  541.000000000000         0.27241465E-05      0.17955076E-20
  542.000000000000         0.27240592E-05      0.18059384E-20
  543.000000000000         0.27239891E-05      0.18012481E-20
  544.000000000000         0.27238880E-05      0.18194827E-20
  545.000000000000         0.27237482E-05      0.18361037E-20
  546.000000000000         0.27236131E-05      0.18251114E-20
  547.000000000000         0.27235275E-05      0.18590919E-20
  548.000000000000         0.27234867E-05      0.18661127E-20
  549.000000000000         0.27234433E-05      0.18364207E-20
  550.000000000000         0.27233646E-05      0.18185125E-20
  551.000000000000         0.27232696E-05      0.18388048E-20
  552.000000000000         0.27232055E-05      0.18440590E-20
  553.000000000000         0.27231900E-05      0.18349123E-20
  554.000000000000         0.27231922E-05      0.18672062E-20
  555.000000000000         0.27231703E-05      0.18495225E-20
  556.000000000000         0.27231232E-05      0.18616837E-20
  557.000000000000         0.27230917E-05      0.18679987E-20
  558.000000000000         0.27231101E-05      0.18615049E-20
  559.000000000000         0.27231658E-05      0.18705702E-20
  560.000000000000         0.27232145E-05      0.18562687E-20
  561.000000000000         0.27232316E-05      0.18719649E-20
  562.000000000000         0.27232399E-05      0.18746954E-20
  563.000000000000         0.27232818E-05      0.18692374E-20
  564.000000000000         0.27233697E-05      0.18785458E-20
  565.000000000000         0.27234740E-05      0.18883819E-20
  566.000000000000         0.27235598E-05      0.18925128E-20
  567.000000000000         0.27236276E-05      0.19102008E-20
  568.000000000000         0.27237110E-05      0.19000346E-20
  569.000000000000         0.27238344E-05      0.19027539E-20
  570.000000000000         0.27239838E-05      0.19042912E-20
  571.000000000000         0.27241231E-05      0.19082226E-20
  572.000000000000         0.27242365E-05      0.19276433E-20
  573.000000000000         0.27243469E-05      0.19131830E-20
  574.000000000000         0.27244892E-05      0.19201213E-20
  575.000000000000         0.27246696E-05      0.19160980E-20
  576.000000000000         0.27248589E-05      0.19147119E-20
  577.000000000000         0.27250258E-05      0.19177301E-20
  578.000000000000         0.27251718E-05      0.19068390E-20
  579.000000000000         0.27253272E-05      0.19172675E-20
  580.000000000000         0.27255147E-05      0.19230935E-20
  581.000000000000         0.27257229E-05      0.19250842E-20
  582.000000000000         0.27259197E-05      0.19244155E-20
  583.000000000000         0.27260905E-05      0.19293100E-20
  584.000000000000         0.27262543E-05      0.19283569E-20
  585.000000000000         0.27264413E-05      0.19529829E-20
  586.000000000000         0.27266564E-05      0.19486877E-20
  587.000000000000         0.27268715E-05      0.19551933E-20
  588.000000000000         0.27270569E-05      0.19614544E-20
  589.000000000000         0.27272141E-05      0.19717615E-20
  590.000000000000         0.27273746E-05      0.19785828E-20
  591.000000000000         0.27275629E-05      0.19945006E-20
  592.000000000000         0.27277688E-05      0.19891598E-20
  593.000000000000         0.27279585E-05      0.20039339E-20
  594.000000000000         0.27281133E-05      0.20091653E-20
  595.000000000000         0.27282506E-05      0.20071299E-20
  596.000000000000         0.27284024E-05      0.20130681E-20
  597.000000000000         0.27285759E-05      0.20127640E-20
  598.000000000000         0.27287439E-05      0.20126485E-20
  599.000000000000         0.27288754E-05      0.20106948E-20
  600.000000000000         0.27289725E-05      0.20184076E-20
  601.000000000000         0.27290692E-05      0.20377369E-20
  602.000000000000         0.27291918E-05      0.20439234E-20
  603.000000000000         0.27293271E-05      0.20419371E-20
  604.000000000000         0.27294365E-05      0.20456917E-20
  605.000000000000         0.27294993E-05      0.20395816E-20
  606.000000000000         0.27295367E-05      0.20561411E-20
  607.000000000000         0.27295863E-05      0.20570372E-20
  608.000000000000         0.27296580E-05      0.20640769E-20
  609.000000000000         0.27297225E-05      0.20819021E-20
  610.000000000000         0.27297470E-05      0.21008260E-20
  611.000000000000         0.27297347E-05      0.21162308E-20
  612.000000000000         0.27297205E-05      0.21468805E-20
  613.000000000000         0.27297287E-05      0.21620767E-20
  614.000000000000         0.27297421E-05      0.21723967E-20
  615.000000000000         0.27297218E-05      0.21679962E-20
  616.000000000000         0.27296539E-05      0.21814355E-20
  617.000000000000         0.27295669E-05      0.21867244E-20
  618.000000000000         0.27294987E-05      0.22009533E-20
  619.000000000000         0.27294523E-05      0.21895826E-20
  620.000000000000         0.27293929E-05      0.21869833E-20
  621.000000000000         0.27292902E-05      0.21773015E-20
  622.000000000000         0.27291549E-05      0.21898780E-20
  623.000000000000         0.27290246E-05      0.21915275E-20
  624.000000000000         0.27289179E-05      0.22400207E-20
  625.000000000000         0.27288116E-05      0.22353686E-20
  626.000000000000         0.27286700E-05      0.22518839E-20
  627.000000000000         0.27284908E-05      0.22376545E-20
  628.000000000000         0.27283097E-05      0.22577657E-20
  629.000000000000         0.27281584E-05      0.22671075E-20
  630.000000000000         0.27280258E-05      0.22693037E-20
  631.000000000000         0.27278703E-05      0.22752735E-20
  632.000000000000         0.27276698E-05      0.22685094E-20
  633.000000000000         0.27274491E-05      0.23039828E-20
  634.000000000000         0.27272515E-05      0.22959580E-20
  635.000000000000         0.27270886E-05      0.22831157E-20
  636.000000000000         0.27269279E-05      0.22834245E-20
  637.000000000000         0.27267333E-05      0.22833669E-20
  638.000000000000         0.27265094E-05      0.22856045E-20
  639.000000000000         0.27262961E-05      0.22590000E-20
  640.000000000000         0.27261208E-05      0.22535157E-20
  641.000000000000         0.27259659E-05      0.22541832E-20
  642.000000000000         0.27257900E-05      0.22705780E-20
  643.000000000000         0.27255786E-05      0.22856423E-20
  644.000000000000         0.27253623E-05      0.23102416E-20
  645.000000000000         0.27251822E-05      0.22966777E-20
  646.000000000000         0.27250427E-05      0.22888880E-20
  647.000000000000         0.27249083E-05      0.23007231E-20
  648.000000000000         0.27247461E-05      0.22832423E-20
  649.000000000000         0.27245641E-05      0.22756579E-20
  650.000000000000         0.27243999E-05      0.22680356E-20
  651.000000000000         0.27242761E-05      0.22817156E-20
  652.000000000000         0.27241758E-05      0.22823622E-20
  653.000000000000         0.27240656E-05      0.22892782E-20
  654.000000000000         0.27239371E-05      0.22729873E-20
  655.000000000000         0.27238165E-05      0.22416944E-20
  656.000000000000         0.27237322E-05      0.22300326E-20
  657.000000000000         0.27236808E-05      0.22409544E-20
  658.000000000000         0.27236318E-05      0.22269545E-20
  659.000000000000         0.27235645E-05      0.22165610E-20
  660.000000000000         0.27234922E-05      0.22071237E-20
  661.000000000000         0.27234463E-05      0.22191508E-20
  662.000000000000         0.27234390E-05      0.22245685E-20
  663.000000000000         0.27234506E-05      0.22284194E-20
  664.000000000000         0.27234537E-05      0.22322983E-20
  665.000000000000         0.27234464E-05      0.22457457E-20
  666.000000000000         0.27234527E-05      0.22273301E-20
  667.000000000000         0.27234931E-05      0.22285764E-20
  668.000000000000         0.27235592E-05      0.22337148E-20
  669.000000000000         0.27236231E-05      0.22443137E-20
  670.000000000000         0.27236709E-05      0.22590266E-20
  671.000000000000         0.27237192E-05      0.22619054E-20
  672.000000000000         0.27237959E-05      0.22572949E-20
  673.000000000000         0.27239077E-05      0.22517327E-20
  674.000000000000         0.27240316E-05      0.22488190E-20
  675.000000000000         0.27241400E-05      0.22462882E-20
  676.000000000000         0.27242312E-05      0.22747954E-20
  677.000000000000         0.27243301E-05      0.22936557E-20
  678.000000000000         0.27244591E-05      0.23056709E-20
  679.000000000000         0.27246123E-05      0.23115509E-20
  680.000000000000         0.27247624E-05      0.22947527E-20
  681.000000000000         0.27248913E-05      0.22994416E-20
  682.000000000000         0.27250102E-05      0.22934927E-20
  683.000000000000         0.27251456E-05      0.23082154E-20
  684.000000000000         0.27253078E-05      0.23192833E-20
  685.000000000000         0.27254774E-05      0.23256304E-20
  686.000000000000         0.27256265E-05      0.23352606E-20
  687.000000000000         0.27257491E-05      0.23249661E-20
  688.000000000000         0.27258675E-05      0.23341611E-20
  689.000000000000         0.27260065E-05      0.23346254E-20
  690.000000000000         0.27261650E-05      0.23345700E-20
  691.000000000000         0.27263169E-05      0.23449690E-20
  692.000000000000         0.27264405E-05      0.23416745E-20
  693.000000000000         0.27265417E-05      0.23378016E-20
  694.000000000000         0.27266456E-05      0.23531328E-20
  695.000000000000         0.27267656E-05      0.23451051E-20
  696.000000000000         0.27268867E-05      0.23431918E-20
  697.000000000000         0.27269830E-05      0.23345665E-20
  698.000000000000         0.27270484E-05      0.23299100E-20
  699.000000000000         0.27271042E-05      0.23340368E-20
  700.000000000000         0.27271739E-05      0.23398241E-20
  701.000000000000         0.27272538E-05      0.23530319E-20
  702.000000000000         0.27273157E-05      0.23712426E-20
  703.000000000000         0.27273389E-05      0.23783731E-20
  704.000000000000         0.27273343E-05      0.23879009E-20
  705.000000000000         0.27273320E-05      0.23885212E-20
  706.000000000000         0.27273454E-05      0.23993396E-20
  707.000000000000         0.27273554E-05      0.24064591E-20
  708.000000000000         0.27273329E-05      0.24271933E-20
  709.000000000000         0.27272741E-05      0.24429331E-20
  710.000000000000         0.27272058E-05      0.24514877E-20
  711.000000000000         0.27271528E-05      0.24403104E-20
  712.000000000000         0.27271070E-05      0.24478254E-20
  713.000000000000         0.27270352E-05      0.24654058E-20
  714.000000000000         0.27269186E-05      0.24705206E-20
  715.000000000000         0.27267767E-05      0.24714420E-20
  716.000000000000         0.27266468E-05      0.24807508E-20
  717.000000000000         0.27265409E-05      0.25014423E-20
  718.000000000000         0.27264318E-05      0.25161793E-20
  719.000000000000         0.27262839E-05      0.25161146E-20
  720.000000000000         0.27260954E-05      0.25121420E-20
  721.000000000000         0.27259001E-05      0.24986015E-20
  722.000000000000         0.27257282E-05      0.25084017E-20
  723.000000000000         0.27255714E-05      0.25067303E-20
  724.000000000000         0.27253944E-05      0.25101126E-20
  725.000000000000         0.27251781E-05      0.24951741E-20
  726.000000000000         0.27249441E-05      0.24826573E-20
  727.000000000000         0.27247295E-05      0.24867130E-20
  728.000000000000         0.27245430E-05      0.24838758E-20
  729.000000000000         0.27243549E-05      0.24781524E-20
  730.000000000000         0.27241317E-05      0.24716687E-20
  731.000000000000         0.27238768E-05      0.24695048E-20
  732.000000000000         0.27236273E-05      0.24660481E-20
  733.000000000000         0.27234122E-05      0.24444600E-20
  734.000000000000         0.27232201E-05      0.24657188E-20
  735.000000000000         0.27230155E-05      0.24819016E-20
  736.000000000000         0.27227812E-05      0.24847961E-20
  737.000000000000         0.27225387E-05      0.24953379E-20
  738.000000000000         0.27223215E-05      0.24871613E-20
  739.000000000000         0.27221353E-05      0.24748008E-20
  740.000000000000         0.27219526E-05      0.24798494E-20
  741.000000000000         0.27217475E-05      0.24535901E-20
  742.000000000000         0.27215285E-05      0.24669303E-20
  743.000000000000         0.27213296E-05      0.24681308E-20
  744.000000000000         0.27211706E-05      0.24645812E-20
  745.000000000000         0.27210346E-05      0.24751900E-20
  746.000000000000         0.27208877E-05      0.24727602E-20
  747.000000000000         0.27207192E-05      0.24871152E-20
  748.000000000000         0.27205538E-05      0.25094879E-20
  749.000000000000         0.27204226E-05      0.25120727E-20
  750.000000000000         0.27203279E-05      0.25110596E-20
  751.000000000000         0.27202428E-05      0.25116199E-20
  752.000000000000         0.27201443E-05      0.25256848E-20
  753.000000000000         0.27200411E-05      0.25411700E-20
  754.000000000000         0.27199620E-05      0.25247399E-20
  755.000000000000         0.27199213E-05      0.25420923E-20
  756.000000000000         0.27199013E-05      0.25631785E-20
  757.000000000000         0.27198733E-05      0.25558814E-20
  758.000000000000         0.27198318E-05      0.25667938E-20
  759.000000000000         0.27198010E-05      0.25768289E-20
  760.000000000000         0.27198076E-05      0.25728660E-20
  761.000000000000         0.27198501E-05      0.25851861E-20
  762.000000000000         0.27199011E-05      0.25823788E-20
  763.000000000000         0.27199385E-05      0.25768879E-20
  764.000000000000         0.27199693E-05      0.25917402E-20
  765.000000000000         0.27200203E-05      0.26153379E-20
  766.000000000000         0.27201060E-05      0.26042097E-20
  767.000000000000         0.27202122E-05      0.25923911E-20
  768.000000000000         0.27203134E-05      0.25927717E-20
  769.000000000000         0.27204022E-05      0.25979900E-20
  770.000000000000         0.27204977E-05      0.26008504E-20
  771.000000000000         0.27206222E-05      0.26053500E-20
  772.000000000000         0.27207749E-05      0.25899003E-20
  773.000000000000         0.27209310E-05      0.25892517E-20
  774.000000000000         0.27210688E-05      0.25984373E-20
  775.000000000000         0.27211934E-05      0.25962554E-20
  776.000000000000         0.27213301E-05      0.25870102E-20
  777.000000000000         0.27214959E-05      0.25884417E-20
  778.000000000000         0.27216804E-05      0.25864465E-20
  779.000000000000         0.27218575E-05      0.25818492E-20
  780.000000000000         0.27220140E-05      0.25764433E-20
  781.000000000000         0.27221629E-05      0.25871038E-20
  782.000000000000         0.27223270E-05      0.25860269E-20
  783.000000000000         0.27225112E-05      0.25945197E-20
  784.000000000000         0.27226959E-05      0.26081872E-20
  785.000000000000         0.27228588E-05      0.26134793E-20
  786.000000000000         0.27230003E-05      0.26110598E-20
  787.000000000000         0.27231430E-05      0.26116767E-20
  788.000000000000         0.27233057E-05      0.25981867E-20
  789.000000000000         0.27234808E-05      0.26061994E-20
  790.000000000000         0.27236413E-05      0.26111826E-20
  791.000000000000         0.27237703E-05      0.26160082E-20
  792.000000000000         0.27238789E-05      0.26272097E-20
  793.000000000000         0.27239932E-05      0.26122627E-20
  794.000000000000         0.27241233E-05      0.26105680E-20
  795.000000000000         0.27242520E-05      0.26087954E-20
  796.000000000000         0.27243549E-05      0.26179343E-20
  797.000000000000         0.27244292E-05      0.26284407E-20
  798.000000000000         0.27244965E-05      0.26350422E-20
  799.000000000000         0.27245762E-05      0.26534974E-20
  800.000000000000         0.27246603E-05      0.26595499E-20
  801.000000000000         0.27247212E-05      0.26669710E-20
  802.000000000000         0.27247440E-05      0.26647976E-20
  803.000000000000         0.27247450E-05      0.26673402E-20
  804.000000000000         0.27247546E-05      0.26546655E-20
  805.000000000000         0.27247815E-05      0.26593639E-20
  806.000000000000         0.27248019E-05      0.26772759E-20
  807.000000000000         0.27247865E-05      0.26739661E-20
  808.000000000000         0.27247348E-05      0.26600826E-20
  809.000000000000         0.27246758E-05      0.26631351E-20
  810.000000000000         0.27246332E-05      0.26610503E-20
  811.000000000000         0.27245970E-05      0.26642681E-20
  812.000000000000         0.27245352E-05      0.26662943E-20
  813.000000000000         0.27244332E-05      0.26571248E-20
  814.000000000000         0.27243133E-05      0.26519094E-20
  815.000000000000         0.27242100E-05      0.26417791E-20
  816.000000000000         0.27241285E-05      0.26478287E-20
  817.000000000000         0.27240369E-05      0.26582138E-20
  818.000000000000         0.27239026E-05      0.26899318E-20
  819.000000000000         0.27237307E-05      0.26790762E-20
  820.000000000000         0.27235602E-05      0.26794895E-20
  821.000000000000         0.27234196E-05      0.26790747E-20
  822.000000000000         0.27232957E-05      0.26917011E-20
  823.000000000000         0.27231500E-05      0.26953010E-20
  824.000000000000         0.27229652E-05      0.27112118E-20
  825.000000000000         0.27227652E-05      0.27143138E-20
  826.000000000000         0.27225859E-05      0.27429508E-20
  827.000000000000         0.27224327E-05      0.27318715E-20
  828.000000000000         0.27222752E-05      0.27462347E-20
  829.000000000000         0.27220845E-05      0.27448313E-20
  830.000000000000         0.27218700E-05      0.27330379E-20
  831.000000000000         0.27216690E-05      0.27105249E-20
  832.000000000000         0.27215036E-05      0.27472028E-20
  833.000000000000         0.27213553E-05      0.27276697E-20
  834.000000000000         0.27211876E-05      0.27197976E-20
  835.000000000000         0.27209898E-05      0.26942655E-20
  836.000000000000         0.27207889E-05      0.27041044E-20
  837.000000000000         0.27206172E-05      0.27024128E-20
  838.000000000000         0.27204754E-05      0.26700712E-20
  839.000000000000         0.27203343E-05      0.26595846E-20
  840.000000000000         0.27201731E-05      0.26812338E-20
  841.000000000000         0.27200050E-05      0.26776931E-20
  842.000000000000         0.27198612E-05      0.26565747E-20
  843.000000000000         0.27197515E-05      0.26788108E-20
  844.000000000000         0.27196523E-05      0.26989733E-20
  845.000000000000         0.27195351E-05      0.27089763E-20
  846.000000000000         0.27194021E-05      0.27073980E-20
  847.000000000000         0.27192852E-05      0.26996685E-20
  848.000000000000         0.27192091E-05      0.26988668E-20
  849.000000000000         0.27191630E-05      0.26890026E-20
  850.000000000000         0.27191137E-05      0.26962924E-20
  851.000000000000         0.27190454E-05      0.26787367E-20
  852.000000000000         0.27189774E-05      0.26683104E-20
  853.000000000000         0.27189406E-05      0.26900964E-20
  854.000000000000         0.27189407E-05      0.26960657E-20
  855.000000000000         0.27189518E-05      0.26941106E-20
  856.000000000000         0.27189483E-05      0.26950804E-20
  857.000000000000         0.27189356E-05      0.26970620E-20
  858.000000000000         0.27189441E-05      0.27059651E-20
  859.000000000000         0.27189933E-05      0.27211834E-20
  860.000000000000         0.27190687E-05      0.27232968E-20
  861.000000000000         0.27191380E-05      0.27440958E-20
  862.000000000000         0.27191875E-05      0.27510919E-20
  863.000000000000         0.27192368E-05      0.27409597E-20
  864.000000000000         0.27193156E-05      0.27525200E-20
  865.000000000000         0.27194299E-05      0.27635874E-20
  866.000000000000         0.27195569E-05      0.27609401E-20
  867.000000000000         0.27196716E-05      0.27654480E-20
  868.000000000000         0.27197750E-05      0.27650852E-20
  869.000000000000         0.27198905E-05      0.27648982E-20
  870.000000000000         0.27200346E-05      0.27683822E-20
  871.000000000000         0.27201973E-05      0.27707935E-20
  872.000000000000         0.27203536E-05      0.27893551E-20
  873.000000000000         0.27204925E-05      0.27878475E-20
  874.000000000000         0.27206292E-05      0.28022350E-20
  875.000000000000         0.27207867E-05      0.27966676E-20
  876.000000000000         0.27209686E-05      0.28145006E-20
  877.000000000000         0.27211545E-05      0.28164100E-20
  878.000000000000         0.27213227E-05      0.28040833E-20
  879.000000000000         0.27214744E-05      0.28174673E-20
  880.000000000000         0.27216301E-05      0.28364893E-20
  881.000000000000         0.27218048E-05      0.28465137E-20
  882.000000000000         0.27219893E-05      0.28528895E-20
  883.000000000000         0.27221613E-05      0.28495338E-20
  884.000000000000         0.27223116E-05      0.28527789E-20
  885.000000000000         0.27224553E-05      0.28559412E-20
  886.000000000000         0.27226130E-05      0.28653054E-20
  887.000000000000         0.27227848E-05      0.28623132E-20
  888.000000000000         0.27229477E-05      0.28557849E-20
  889.000000000000         0.27230805E-05      0.28592315E-20
  890.000000000000         0.27231887E-05      0.28680281E-20
  891.000000000000         0.27232987E-05      0.28911941E-20
  892.000000000000         0.27234270E-05      0.29032443E-20
  893.000000000000         0.27235606E-05      0.29046931E-20
  894.000000000000         0.27236712E-05      0.29145624E-20
  895.000000000000         0.27237475E-05      0.29131023E-20
  896.000000000000         0.27238086E-05      0.29248592E-20
  897.000000000000         0.27238802E-05      0.29205547E-20
  898.000000000000         0.27239631E-05      0.29229458E-20
  899.000000000000         0.27240310E-05      0.29217240E-20
  900.000000000000         0.27240610E-05      0.29251187E-20
  901.000000000000         0.27240618E-05      0.29309637E-20
  902.000000000000         0.27240645E-05      0.29262129E-20
  903.000000000000         0.27240865E-05      0.29298542E-20
  904.000000000000         0.27241099E-05      0.29528095E-20
  905.000000000000         0.27241012E-05      0.29491289E-20
  906.000000000000         0.27240505E-05      0.29519549E-20
  907.000000000000         0.27239823E-05      0.29633670E-20
  908.000000000000         0.27239271E-05      0.29547758E-20
  909.000000000000         0.27238855E-05      0.29625630E-20
  910.000000000000         0.27238288E-05      0.29699047E-20
  911.000000000000         0.27237344E-05      0.29732348E-20
  912.000000000000         0.27236140E-05      0.29446800E-20
  913.000000000000         0.27234987E-05      0.29389205E-20
  914.000000000000         0.27234013E-05      0.29509690E-20
  915.000000000000         0.27232996E-05      0.29327928E-20
  916.000000000000         0.27231635E-05      0.29343630E-20
  917.000000000000         0.27229921E-05      0.29353061E-20
  918.000000000000         0.27228165E-05      0.29146525E-20
  919.000000000000         0.27226639E-05      0.29355279E-20
  920.000000000000         0.27225259E-05      0.29399802E-20
  921.000000000000         0.27223696E-05      0.29318338E-20
  922.000000000000         0.27221777E-05      0.29426825E-20
  923.000000000000         0.27219692E-05      0.29423821E-20
  924.000000000000         0.27217761E-05      0.29234419E-20
  925.000000000000         0.27216050E-05      0.29445713E-20
  926.000000000000         0.27214299E-05      0.29576684E-20
  927.000000000000         0.27212258E-05      0.29704810E-20
  928.000000000000         0.27210014E-05      0.29839431E-20
  929.000000000000         0.27207898E-05      0.29956527E-20
  930.000000000000         0.27206097E-05      0.30006920E-20
  931.000000000000         0.27204424E-05      0.29967826E-20
  932.000000000000         0.27202540E-05      0.30049911E-20
  933.000000000000         0.27200365E-05      0.30233580E-20
  934.000000000000         0.27198180E-05      0.30104030E-20
  935.000000000000         0.27196304E-05      0.30072874E-20
  936.000000000000         0.27194731E-05      0.29963666E-20
  937.000000000000         0.27193155E-05      0.29680672E-20
  938.000000000000         0.27191355E-05      0.29863205E-20
  939.000000000000         0.27189460E-05      0.30186469E-20
  940.000000000000         0.27187795E-05      0.30100145E-20
  941.000000000000         0.27186484E-05      0.30224901E-20
  942.000000000000         0.27185306E-05      0.30259771E-20
  943.000000000000         0.27183966E-05      0.30076166E-20
  944.000000000000         0.27182459E-05      0.30045829E-20
  945.000000000000         0.27181088E-05      0.29785243E-20
  946.000000000000         0.27180113E-05      0.30065060E-20
  947.000000000000         0.27179458E-05      0.29909971E-20
  948.000000000000         0.27178804E-05      0.30079847E-20
  949.000000000000         0.27177962E-05      0.29950097E-20
  950.000000000000         0.27177088E-05      0.30137614E-20
  951.000000000000         0.27176488E-05      0.30385923E-20
  952.000000000000         0.27176261E-05      0.30649607E-20
  953.000000000000         0.27176201E-05      0.31044717E-20
  954.000000000000         0.27176054E-05      0.31445673E-20
  955.000000000000         0.27175820E-05      0.31492965E-20
  956.000000000000         0.27175745E-05      0.31388230E-20
  957.000000000000         0.27176026E-05      0.31617342E-20
  958.000000000000         0.27176571E-05      0.31652382E-20
  959.000000000000         0.27177109E-05      0.31640511E-20
  960.000000000000         0.27177499E-05      0.31460147E-20
  961.000000000000         0.27177886E-05      0.31466507E-20
  962.000000000000         0.27178530E-05      0.31400842E-20
  963.000000000000         0.27179506E-05      0.31498718E-20
  964.000000000000         0.27180630E-05      0.31487081E-20
  965.000000000000         0.27181675E-05      0.31502848E-20
  966.000000000000         0.27182622E-05      0.31439252E-20
  967.000000000000         0.27183662E-05      0.31564119E-20
  968.000000000000         0.27184954E-05      0.31531663E-20
  969.000000000000         0.27186433E-05      0.31439212E-20
  970.000000000000         0.27187887E-05      0.31579532E-20
  971.000000000000         0.27189202E-05      0.31499011E-20
  972.000000000000         0.27190495E-05      0.31649452E-20
  973.000000000000         0.27191970E-05      0.31505465E-20
  974.000000000000         0.27193675E-05      0.31563246E-20
  975.000000000000         0.27195434E-05      0.31545274E-20
  976.000000000000         0.27197037E-05      0.31518577E-20
  977.000000000000         0.27198466E-05      0.31605646E-20
  978.000000000000         0.27199909E-05      0.31710283E-20
  979.000000000000         0.27201533E-05      0.31814395E-20
  980.000000000000         0.27203287E-05      0.31796542E-20
  981.000000000000         0.27204958E-05      0.31934447E-20
  982.000000000000         0.27206412E-05      0.32006587E-20
  983.000000000000         0.27207748E-05      0.32061139E-20
  984.000000000000         0.27209172E-05      0.31997866E-20
  985.000000000000         0.27210746E-05      0.32148000E-20
  986.000000000000         0.27212292E-05      0.32253791E-20
  987.000000000000         0.27213582E-05      0.32185472E-20
  988.000000000000         0.27214593E-05      0.32204223E-20
  989.000000000000         0.27215544E-05      0.31985804E-20
  990.000000000000         0.27216648E-05      0.32081104E-20
  991.000000000000         0.27217866E-05      0.32003403E-20
  992.000000000000         0.27218939E-05      0.32088020E-20
  993.000000000000         0.27219673E-05      0.31959797E-20
  994.000000000000         0.27220148E-05      0.32061772E-20
  995.000000000000         0.27220624E-05      0.32177675E-20
  996.000000000000         0.27221228E-05      0.32285575E-20
  997.000000000000         0.27221810E-05      0.32435025E-20
  998.000000000000         0.27222115E-05      0.32630596E-20
  999.000000000000         0.27222084E-05      0.32445015E-20
 1000.000000000000         0.27221928E-05      0.32369680E-20
