

 --- EXPECTATION VALUES PSI VECTORS ---


   M expectation values psi vectors 
         1    0.00000000    0.00000000


   M^2 expectation values psi vectors 
         1    0.00000000    0.00000000


   inversion expectation values psi vectors 
         1    0.00000000    0.00000000


   X, Y, Z dipole expectation values psi vectors
         1   -0.00000000   -0.00000000   -0.00000000    0.00000000   -0.00000000    0.00000000


   X, Y, Z reflection expectation values psi vectors
         1    1.00000000    0.00000000    1.00000000   -0.00000000    1.00000000   -0.00000000


 --- EXPECTATION VALUES ORBITALS ---


   inversion expectation values orbitals
         1    1.00000000    0.00000000
         2   -1.00000000   -0.00000000
         3    1.00000000    0.00000000
         4   -1.00000000   -0.00000000
         5   -1.00000000   -0.00000000
         6    1.00000000   -0.00000000
         7   -1.00000000    0.00000000


   X,Y,Z dipole expectation values orbitals
         1    0.00000000    0.00000000    0.00000000   -0.00000000    0.00000000    0.00000000
         2   -0.00000000   -0.00000000   -0.00000000    0.00000000   -0.00000000   -0.00000000
         3   -0.00000000   -0.00000000   -0.00000000    0.00000000    0.00000000    0.00000000
         4   -0.00000000    0.00000000    0.00000000   -0.00000000   -0.00000000    0.00000000
         5    0.00000000    0.00000000   -0.00000000    0.00000000    0.00000000    0.00000000
         6    0.00000000   -0.00000000    0.00000000   -0.00000000    0.00000000   -0.00000000
         7    0.00000000    0.00000000    0.00000000    0.00000000   -0.00000000    0.00000000


   X,Y,Z reflection expectation values orbitals 
         1    1.00000000    0.00000000    1.00000000   -0.00000000    1.00000000    0.00000000
         2    1.00000000    0.00000000    1.00000000   -0.00000000   -1.00000000   -0.00000000
         3    1.00000000   -0.00000000    1.00000000    0.00000000    1.00000000    0.00000000
         4    0.00000000   -0.00000000   -0.00000000    0.00000000    1.00000000   -0.00000000
         5   -0.00000000   -0.00000000    0.00000000    0.00000000    1.00000000   -0.00000000
         6    1.00000000   -0.00000000    1.00000000    0.00000000    1.00000000   -0.00000000
         7    1.00000000    0.00000000    1.00000000   -0.00000000   -1.00000000    0.00000000


 --- ORBITAL OCCUPATIONS BY STATE ---
  Orbital State              1
              1   1.9634271300
              2   0.0210030538
              3   0.0062007823
              4   0.0044874346
              5   0.0044874346
              6   0.0002009011
              7   0.0001932635


 ---------------- MATRIX ELEMENTS ------------------


   M matrix elements 
 --------------------------------
      PSI VECTORS    
 --------------------------------
    0.00000000    0.00000000


   M^2 matrix elements 
 --------------------------------
      PSI VECTORS    
 --------------------------------
    0.00000000    0.00000000


   inversion matrix elements 
 --------------------------------
      ORBITALS    
 --------------------------------
    1.00000000    0.00000000    0.00000000   -0.00000000   -0.00000000   -0.00000000    0.00000000    0.00000000   -0.00000000   -0.00000000   -0.00000000    0.00000000    0.00000000    0.00000000
    0.00000000    0.00000000   -1.00000000   -0.00000000   -0.00000000    0.00000000    0.00000000   -0.00000000    0.00000000    0.00000000    0.00000000   -0.00000000    0.00000000   -0.00000000
   -0.00000000    0.00000000   -0.00000000   -0.00000000    1.00000000    0.00000000   -0.00000000   -0.00000000    0.00000000   -0.00000000    0.00000000   -0.00000000   -0.00000000   -0.00000000
    0.00000000   -0.00000000    0.00000000    0.00000000   -0.00000000    0.00000000   -1.00000000   -0.00000000    0.00000000    0.00000000    0.00000000   -0.00000000    0.00000000    0.00000000
   -0.00000000    0.00000000    0.00000000   -0.00000000    0.00000000    0.00000000    0.00000000   -0.00000000   -1.00000000   -0.00000000   -0.00000000   -0.00000000   -0.00000000    0.00000000
   -0.00000000   -0.00000000    0.00000000    0.00000000    0.00000000    0.00000000    0.00000000    0.00000000   -0.00000000    0.00000000    1.00000000   -0.00000000    0.00000000    0.00000000
    0.00000000   -0.00000000    0.00000000    0.00000000   -0.00000000    0.00000000    0.00000000   -0.00000000   -0.00000000   -0.00000000    0.00000000   -0.00000000   -1.00000000    0.00000000
 --------------------------------
      PSI VECTORS    
 --------------------------------
    0.00000000    0.00000000


   Z dipole matrix elements 
 --------------------------------
      ORBITALS    
 --------------------------------
    0.00000000    0.00000000   -0.64928939   -0.01497967   -0.00000000    0.00000000    0.00000000   -0.00000000   -0.00000000   -0.00000000    0.00000000   -0.00000000   -0.24427270    0.00050242
   -0.64928939    0.01497967   -0.00000000   -0.00000000    0.30076788   -0.00747999   -0.00000000   -0.00000000    0.00000000   -0.00000000   -0.49179298    0.01235819   -0.00000000   -0.00000000
   -0.00000000   -0.00000000    0.30076788    0.00747999    0.00000000    0.00000000    0.00000000   -0.00000000    0.00000000    0.00000000   -0.00000000    0.00000000    0.70846969   -0.00018352
    0.00000000    0.00000000   -0.00000000    0.00000000    0.00000000    0.00000000   -0.00000000    0.00000000   -0.00000000    0.00000000    0.00000000    0.00000000   -0.00000000    0.00000000
   -0.00000000    0.00000000    0.00000000    0.00000000    0.00000000   -0.00000000   -0.00000000   -0.00000000    0.00000000    0.00000000   -0.00000000   -0.00000000    0.00000000    0.00000000
    0.00000000    0.00000000   -0.49179298   -0.01235819   -0.00000000   -0.00000000    0.00000000   -0.00000000   -0.00000000    0.00000000    0.00000000   -0.00000000   -0.05839194    0.00000000
   -0.24427270   -0.00050242   -0.00000000    0.00000000    0.70846969    0.00018352   -0.00000000   -0.00000000    0.00000000   -0.00000000   -0.05839194   -0.00000000   -0.00000000    0.00000000
 --------------------------------
      PSI VECTORS    
 --------------------------------
   -0.00000000    0.00000000


   Y dipole matrix elements 
 --------------------------------
      ORBITALS    
 --------------------------------
    0.00000000   -0.00000000   -0.00000000   -0.00000000    0.00000000   -0.00000000   -0.00080992   -0.39377706    0.00080992    0.39377706   -0.00000000    0.00000000   -0.00000000   -0.00000000
   -0.00000000    0.00000000   -0.00000000    0.00000000    0.00000000   -0.00000000    0.00000000    0.00000000   -0.00000000    0.00000000    0.00000000   -0.00000000    0.00000000   -0.00000000
    0.00000000    0.00000000    0.00000000    0.00000000   -0.00000000    0.00000000    0.00005601    0.21621077   -0.00005601   -0.21621077    0.00000000   -0.00000000    0.00000000    0.00000000
   -0.00080992    0.39377706    0.00000000    0.00000000    0.00005601   -0.21621077    0.00000000   -0.00000000    0.00000000    0.00000000    0.00000000   -0.18327070    0.00000000   -0.00000000
    0.00080992   -0.39377706   -0.00000000   -0.00000000   -0.00005601    0.21621077    0.00000000   -0.00000000   -0.00000000    0.00000000   -0.00000000    0.18327070   -0.00000000    0.00000000
   -0.00000000   -0.00000000    0.00000000    0.00000000    0.00000000    0.00000000    0.00000000    0.18327070   -0.00000000   -0.18327070    0.00000000   -0.00000000    0.00000000    0.00000000
   -0.00000000    0.00000000    0.00000000    0.00000000    0.00000000   -0.00000000    0.00000000    0.00000000   -0.00000000   -0.00000000    0.00000000   -0.00000000    0.00000000    0.00000000
 --------------------------------
      PSI VECTORS    
 --------------------------------
   -0.00000000    0.00000000


   X dipole matrix elements 
 --------------------------------
      ORBITALS    
 --------------------------------
    0.00000000    0.00000000   -0.00000000    0.00000000    0.00000000   -0.00000000    0.39377706   -0.00080992    0.39377706   -0.00080992   -0.00000000    0.00000000   -0.00000000   -0.00000000
   -0.00000000   -0.00000000   -0.00000000   -0.00000000    0.00000000    0.00000000   -0.00000000    0.00000000    0.00000000    0.00000000    0.00000000    0.00000000    0.00000000    0.00000000
    0.00000000    0.00000000    0.00000000   -0.00000000   -0.00000000   -0.00000000   -0.21621077    0.00005601   -0.21621077    0.00005601    0.00000000   -0.00000000    0.00000000    0.00000000
    0.39377706    0.00080992    0.00000000   -0.00000000   -0.21621077   -0.00005601   -0.00000000    0.00000000    0.00000000   -0.00000000   -0.18327070   -0.00000000   -0.00000000   -0.00000000
    0.39377706    0.00080992    0.00000000   -0.00000000   -0.21621077   -0.00005601    0.00000000    0.00000000    0.00000000    0.00000000   -0.18327070   -0.00000000   -0.00000000   -0.00000000
   -0.00000000   -0.00000000    0.00000000   -0.00000000    0.00000000    0.00000000   -0.18327070    0.00000000   -0.18327070    0.00000000    0.00000000   -0.00000000    0.00000000    0.00000000
   -0.00000000    0.00000000    0.00000000   -0.00000000    0.00000000   -0.00000000   -0.00000000    0.00000000   -0.00000000    0.00000000    0.00000000   -0.00000000    0.00000000    0.00000000
 --------------------------------
      PSI VECTORS    
 --------------------------------
   -0.00000000   -0.00000000


   Z reflection matrix elements 
 --------------------------------
      ORBITALS    
 --------------------------------
    1.00000000    0.00000000    0.00000000   -0.00000000   -0.00000000   -0.00000000   -0.00000000   -0.00000000    0.00000000    0.00000000   -0.00000000    0.00000000    0.00000000    0.00000000
    0.00000000    0.00000000   -1.00000000   -0.00000000   -0.00000000    0.00000000    0.00000000   -0.00000000   -0.00000000    0.00000000    0.00000000   -0.00000000    0.00000000   -0.00000000
   -0.00000000    0.00000000   -0.00000000   -0.00000000    1.00000000    0.00000000    0.00000000   -0.00000000    0.00000000    0.00000000    0.00000000   -0.00000000   -0.00000000   -0.00000000
   -0.00000000    0.00000000    0.00000000    0.00000000    0.00000000    0.00000000    1.00000000   -0.00000000   -0.00000000   -0.00000000   -0.00000000   -0.00000000   -0.00000000   -0.00000000
    0.00000000   -0.00000000   -0.00000000   -0.00000000    0.00000000   -0.00000000   -0.00000000    0.00000000    1.00000000   -0.00000000   -0.00000000    0.00000000   -0.00000000    0.00000000
   -0.00000000   -0.00000000    0.00000000    0.00000000    0.00000000    0.00000000   -0.00000000    0.00000000   -0.00000000   -0.00000000    1.00000000   -0.00000000    0.00000000    0.00000000
    0.00000000   -0.00000000    0.00000000    0.00000000   -0.00000000    0.00000000   -0.00000000    0.00000000   -0.00000000   -0.00000000    0.00000000   -0.00000000   -1.00000000    0.00000000
 --------------------------------
      PSI VECTORS    
 --------------------------------
    1.00000000   -0.00000000


   Y reflection matrix elements 
 --------------------------------
      ORBITALS    
 --------------------------------
    1.00000000   -0.00000000    0.00000000   -0.00000000   -0.00000000   -0.00000000   -0.00000000   -0.00000000    0.00000000    0.00000000   -0.00000000    0.00000000    0.00000000   -0.00000000
    0.00000000    0.00000000    1.00000000   -0.00000000   -0.00000000   -0.00000000    0.00000000    0.00000000    0.00000000   -0.00000000   -0.00000000    0.00000000   -0.00000000    0.00000000
   -0.00000000    0.00000000   -0.00000000    0.00000000    1.00000000    0.00000000   -0.00000000   -0.00000000   -0.00000000   -0.00000000    0.00000000   -0.00000000    0.00000000   -0.00000000
   -0.00000000    0.00000000    0.00000000   -0.00000000   -0.00000000    0.00000000   -0.00000000    0.00000000   -1.00000000    0.00000000    0.00000000   -0.00000000    0.00000000    0.00000000
    0.00000000   -0.00000000    0.00000000    0.00000000   -0.00000000    0.00000000   -1.00000000   -0.00000000    0.00000000    0.00000000    0.00000000   -0.00000000    0.00000000   -0.00000000
   -0.00000000   -0.00000000   -0.00000000   -0.00000000    0.00000000    0.00000000    0.00000000    0.00000000    0.00000000    0.00000000    1.00000000    0.00000000    0.00000000    0.00000000
    0.00000000    0.00000000   -0.00000000   -0.00000000    0.00000000    0.00000000    0.00000000   -0.00000000    0.00000000    0.00000000    0.00000000   -0.00000000    1.00000000   -0.00000000
 --------------------------------
      PSI VECTORS    
 --------------------------------
    1.00000000   -0.00000000


   X reflection matrix elements 
 --------------------------------
      ORBITALS    
 --------------------------------
    1.00000000    0.00000000    0.00000000   -0.00000000   -0.00000000   -0.00000000    0.00000000    0.00000000   -0.00000000   -0.00000000   -0.00000000    0.00000000    0.00000000   -0.00000000
    0.00000000    0.00000000    1.00000000    0.00000000   -0.00000000   -0.00000000   -0.00000000    0.00000000    0.00000000   -0.00000000   -0.00000000    0.00000000   -0.00000000    0.00000000
   -0.00000000    0.00000000   -0.00000000    0.00000000    1.00000000   -0.00000000   -0.00000000   -0.00000000    0.00000000   -0.00000000    0.00000000   -0.00000000    0.00000000   -0.00000000
    0.00000000   -0.00000000   -0.00000000   -0.00000000   -0.00000000    0.00000000    0.00000000   -0.00000000    1.00000000   -0.00000000    0.00000000    0.00000000   -0.00000000    0.00000000
   -0.00000000    0.00000000    0.00000000    0.00000000    0.00000000    0.00000000    1.00000000    0.00000000   -0.00000000   -0.00000000   -0.00000000   -0.00000000    0.00000000   -0.00000000
   -0.00000000   -0.00000000   -0.00000000   -0.00000000    0.00000000    0.00000000    0.00000000   -0.00000000   -0.00000000    0.00000000    1.00000000   -0.00000000    0.00000000    0.00000000
    0.00000000    0.00000000   -0.00000000   -0.00000000    0.00000000    0.00000000   -0.00000000   -0.00000000    0.00000000    0.00000000    0.00000000   -0.00000000    1.00000000    0.00000000
 --------------------------------
      PSI VECTORS    
 --------------------------------
    1.00000000    0.00000000
