 #           1000
    0.000000000000         0.00000000E+00      0.00000000E+00
    0.500000000000        -0.84320347E-12      0.56597144E-15
    1.000000000000        -0.28926068E-11      0.27575318E-14
    1.500000000000        -0.45758816E-11      0.30079826E-14
    2.000000000000        -0.42939736E-11      0.36028942E-14
    2.500000000000        -0.17985145E-11      0.40094002E-14
    3.000000000000         0.26370900E-11      0.43315988E-14
    3.500000000000         0.62837299E-11      0.56117222E-14
    4.000000000000         0.43342942E-11      0.54515130E-14
    4.500000000000         0.30496523E-11      0.73274803E-14
    5.000000000000         0.11731435E-10      0.74328763E-14
    5.500000000000         0.30162937E-10      0.69112537E-14
    6.000000000000         0.49859188E-10      0.75818571E-14
    6.500000000000         0.67120203E-10      0.78362064E-14
    7.000000000000         0.92673758E-10      0.81693308E-14
    7.500000000000         0.14844787E-09      0.78128525E-14
    8.000000000000         0.26690963E-09      0.80194313E-14
    8.500000000000         0.49931915E-09      0.75846375E-14
    9.000000000000         0.92748459E-09      0.72027522E-14
    9.500000000000         0.16752510E-08      0.79483256E-14
   10.000000000000         0.29158274E-08      0.83282908E-14
   10.500000000000         0.48812980E-08      0.88782105E-14
   11.000000000000         0.78749651E-08      0.88333659E-14
   11.500000000000         0.12282245E-07      0.84290348E-14
   12.000000000000         0.18578273E-07      0.83541323E-14
   12.500000000000         0.27334676E-07      0.82726825E-14
   13.000000000000         0.39232213E-07      0.90390491E-14
   13.500000000000         0.55068795E-07      0.94415775E-14
   14.000000000000         0.75750225E-07      0.97255406E-14
   14.500000000000         0.10226828E-06      0.95303713E-14
   15.000000000000         0.13567308E-06      0.96215106E-14
   15.500000000000         0.17704310E-06      0.96194499E-14
   16.000000000000         0.22744918E-06      0.94379568E-14
   16.500000000000         0.28791535E-06      0.10075809E-13
   17.000000000000         0.35938235E-06      0.10133021E-13
   17.500000000000         0.44266819E-06      0.10515360E-13
   18.000000000000         0.53842521E-06      0.10925940E-13
   18.500000000000         0.64709481E-06      0.10652002E-13
   19.000000000000         0.76886426E-06      0.91477978E-14
   19.500000000000         0.90363957E-06      0.88699672E-14
   20.000000000000         0.10510096E-05      0.95469072E-14
   20.500000000000         0.12101852E-05      0.93622620E-14
   21.000000000000         0.13799732E-05      0.88404980E-14
   21.500000000000         0.15588238E-05      0.98540650E-14
   22.000000000000         0.17449374E-05      0.93931936E-14
   22.500000000000         0.19363905E-05      0.89699694E-14
   23.000000000000         0.21312529E-05      0.89397027E-14
   23.500000000000         0.23276834E-05      0.86035863E-14
   24.000000000000         0.25240001E-05      0.87821701E-14
   24.500000000000         0.27187273E-05      0.92511133E-14
   25.000000000000         0.29106140E-05      0.98274143E-14
   25.500000000000         0.30986284E-05      0.11731292E-13
   26.000000000000         0.32819400E-05      0.11485438E-13
   26.500000000000         0.34598967E-05      0.11508604E-13
   27.000000000000         0.36320083E-05      0.11449059E-13
   27.500000000000         0.37979324E-05      0.11436398E-13
   28.000000000000         0.39574593E-05      0.11713337E-13
   28.500000000000         0.41104920E-05      0.12058528E-13
   29.000000000000         0.42570246E-05      0.11404642E-13
   29.500000000000         0.43971258E-05      0.11023064E-13
   30.000000000000         0.45309201E-05      0.10522473E-13
   30.500000000000         0.46585661E-05      0.11018576E-13
   31.000000000000         0.47802407E-05      0.12496401E-13
   31.500000000000         0.48961307E-05      0.12210191E-13
   32.000000000000         0.50064333E-05      0.12536440E-13
   32.500000000000         0.51113562E-05      0.11765205E-13
   33.000000000000         0.52111193E-05      0.12060949E-13
   33.500000000000         0.53059531E-05      0.11973977E-13
   34.000000000000         0.53960938E-05      0.12050320E-13
   34.500000000000         0.54817795E-05      0.13458848E-13
   35.000000000000         0.55632440E-05      0.13355764E-13
   35.500000000000         0.56407105E-05      0.13668274E-13
   36.000000000000         0.57143894E-05      0.14123270E-13
   36.500000000000         0.57844790E-05      0.13855200E-13
   37.000000000000         0.58511690E-05      0.14448213E-13
   37.500000000000         0.59146434E-05      0.14265962E-13
   38.000000000000         0.59750833E-05      0.16141834E-13
   38.500000000000         0.60326670E-05      0.16584817E-13
   39.000000000000         0.60875675E-05      0.16223147E-13
   39.500000000000         0.61399487E-05      0.16382186E-13
   40.000000000000         0.61899627E-05      0.15947946E-13
   40.500000000000         0.62377464E-05      0.16879825E-13
   41.000000000000         0.62834229E-05      0.17120811E-13
   41.500000000000         0.63271044E-05      0.17812732E-13
   42.000000000000         0.63688975E-05      0.18553394E-13
   42.500000000000         0.64089060E-05      0.18286903E-13
   43.000000000000         0.64472314E-05      0.18282457E-13
   43.500000000000         0.64839729E-05      0.18357635E-13
   44.000000000000         0.65192239E-05      0.18348043E-13
   44.500000000000         0.65530674E-05      0.18558952E-13
   45.000000000000         0.65855760E-05      0.19179204E-13
   45.500000000000         0.66168149E-05      0.19752530E-13
   46.000000000000         0.66468470E-05      0.20261713E-13
   46.500000000000         0.66757322E-05      0.20454606E-13
   47.000000000000         0.67035261E-05      0.21231271E-13
   47.500000000000         0.67302800E-05      0.20993027E-13
   48.000000000000         0.67560421E-05      0.20412796E-13
   48.500000000000         0.67808593E-05      0.19957389E-13
   49.000000000000         0.68047749E-05      0.19552881E-13
   49.500000000000         0.68278287E-05      0.21637235E-13
   50.000000000000         0.68500608E-05      0.21827430E-13
   50.500000000000         0.68715136E-05      0.23492777E-13
   51.000000000000         0.68922276E-05      0.23886786E-13
   51.500000000000         0.69122342E-05      0.24463330E-13
   52.000000000000         0.69315573E-05      0.24143998E-13
   52.500000000000         0.69502197E-05      0.24142833E-13
   53.000000000000         0.69682453E-05      0.25378512E-13
   53.500000000000         0.69856588E-05      0.25843581E-13
   54.000000000000         0.70024866E-05      0.26074446E-13
   54.500000000000         0.70187600E-05      0.26285660E-13
   55.000000000000         0.70345140E-05      0.26095471E-13
   55.500000000000         0.70497795E-05      0.26325399E-13
   56.000000000000         0.70645798E-05      0.26627879E-13
   56.500000000000         0.70789309E-05      0.27146988E-13
   57.000000000000         0.70928436E-05      0.27171017E-13
   57.500000000000         0.71063268E-05      0.26449651E-13
   58.000000000000         0.71193896E-05      0.26240814E-13
   58.500000000000         0.71320456E-05      0.26730452E-13
   59.000000000000         0.71443153E-05      0.26277562E-13
   59.500000000000         0.71562247E-05      0.27171935E-13
   60.000000000000         0.71678005E-05      0.26844271E-13
   60.500000000000         0.71790624E-05      0.26607409E-13
   61.000000000000         0.71900227E-05      0.27707919E-13
   61.500000000000         0.72006873E-05      0.28291430E-13
   62.000000000000         0.72110580E-05      0.28607311E-13
   62.500000000000         0.72211358E-05      0.29443485E-13
   63.000000000000         0.72309268E-05      0.29505150E-13
   63.500000000000         0.72404452E-05      0.30359702E-13
   64.000000000000         0.72497096E-05      0.31575611E-13
   64.500000000000         0.72587376E-05      0.31093848E-13
   65.000000000000         0.72675431E-05      0.32360440E-13
   65.500000000000         0.72761354E-05      0.33420791E-13
   66.000000000000         0.72845197E-05      0.32208951E-13
   66.500000000000         0.72926975E-05      0.33248694E-13
   67.000000000000         0.73006698E-05      0.34649360E-13
   67.500000000000         0.73084400E-05      0.35092743E-13
   68.000000000000         0.73160144E-05      0.34971148E-13
   68.500000000000         0.73234024E-05      0.35992837E-13
   69.000000000000         0.73306141E-05      0.37086613E-13
   69.500000000000         0.73376586E-05      0.39030113E-13
   70.000000000000         0.73445435E-05      0.39180609E-13
   70.500000000000         0.73512735E-05      0.38728390E-13
   71.000000000000         0.73578508E-05      0.39000084E-13
   71.500000000000         0.73642752E-05      0.39806966E-13
   72.000000000000         0.73705460E-05      0.39716791E-13
   72.500000000000         0.73766647E-05      0.38943465E-13
   73.000000000000         0.73826354E-05      0.40049822E-13
   73.500000000000         0.73884648E-05      0.39591210E-13
   74.000000000000         0.73941614E-05      0.39246413E-13
   74.500000000000         0.73997314E-05      0.39384708E-13
   75.000000000000         0.74051792E-05      0.39870165E-13
   75.500000000000         0.74105076E-05      0.39604613E-13
   76.000000000000         0.74157196E-05      0.40158613E-13
   76.500000000000         0.74208173E-05      0.41070294E-13
   77.000000000000         0.74258013E-05      0.41705146E-13
   77.500000000000         0.74306740E-05      0.41945020E-13
   78.000000000000         0.74354390E-05      0.41493948E-13
   78.500000000000         0.74401002E-05      0.41949203E-13
   79.000000000000         0.74446609E-05      0.41593816E-13
   79.500000000000         0.74491257E-05      0.42266357E-13
   80.000000000000         0.74535013E-05      0.43756519E-13
   80.500000000000         0.74577943E-05      0.43042437E-13
   81.000000000000         0.74620093E-05      0.42789300E-13
   81.500000000000         0.74661473E-05      0.43234003E-13
   82.000000000000         0.74702062E-05      0.43025199E-13
   82.500000000000         0.74741837E-05      0.43995569E-13
   83.000000000000         0.74780772E-05      0.43728546E-13
   83.500000000000         0.74818860E-05      0.44013423E-13
   84.000000000000         0.74856125E-05      0.44262954E-13
   84.500000000000         0.74892633E-05      0.44653950E-13
   85.000000000000         0.74928461E-05      0.45132994E-13
   85.500000000000         0.74963662E-05      0.44505329E-13
   86.000000000000         0.74998254E-05      0.45009227E-13
   86.500000000000         0.75032225E-05      0.44847367E-13
   87.000000000000         0.75065529E-05      0.45048464E-13
   87.500000000000         0.75098113E-05      0.46106450E-13
   88.000000000000         0.75129931E-05      0.46824854E-13
   88.500000000000         0.75160973E-05      0.47163535E-13
   89.000000000000         0.75191280E-05      0.47093044E-13
   89.500000000000         0.75220924E-05      0.47537874E-13
   90.000000000000         0.75249990E-05      0.48442848E-13
   90.500000000000         0.75278534E-05      0.48928961E-13
   91.000000000000         0.75306577E-05      0.48479584E-13
   91.500000000000         0.75334104E-05      0.48607079E-13
   92.000000000000         0.75361067E-05      0.48199996E-13
   92.500000000000         0.75387413E-05      0.48489732E-13
   93.000000000000         0.75413118E-05      0.49862621E-13
   93.500000000000         0.75438219E-05      0.49777379E-13
   94.000000000000         0.75462789E-05      0.50104053E-13
   94.500000000000         0.75486903E-05      0.50813998E-13
   95.000000000000         0.75510619E-05      0.50686391E-13
   95.500000000000         0.75533963E-05      0.50679534E-13
   96.000000000000         0.75556930E-05      0.51550897E-13
   96.500000000000         0.75579492E-05      0.51220404E-13
   97.000000000000         0.75601609E-05      0.51341252E-13
   97.500000000000         0.75623263E-05      0.50841792E-13
   98.000000000000         0.75644465E-05      0.50972515E-13
   98.500000000000         0.75665260E-05      0.51346483E-13
   99.000000000000         0.75685701E-05      0.51364117E-13
   99.500000000000         0.75705823E-05      0.52538518E-13
  100.000000000000         0.75725649E-05      0.52764352E-13
  100.500000000000         0.75745188E-05      0.52568276E-13
  101.000000000000         0.75764417E-05      0.53051349E-13
  101.500000000000         0.75783296E-05      0.52422198E-13
  102.000000000000         0.75801793E-05      0.52214383E-13
  102.500000000000         0.75819915E-05      0.52491109E-13
  103.000000000000         0.75837694E-05      0.52341250E-13
  103.500000000000         0.75855168E-05      0.52623101E-13
  104.000000000000         0.75872372E-05      0.52770859E-13
  104.500000000000         0.75889334E-05      0.54053544E-13
  105.000000000000         0.75906066E-05      0.54310919E-13
  105.500000000000         0.75922548E-05      0.54362325E-13
  106.000000000000         0.75938753E-05      0.55354726E-13
  106.500000000000         0.75954672E-05      0.55925539E-13
  107.000000000000         0.75970312E-05      0.55967286E-13
  107.500000000000         0.75985693E-05      0.56075367E-13
  108.000000000000         0.76000816E-05      0.56163003E-13
  108.500000000000         0.76015675E-05      0.56140671E-13
  109.000000000000         0.76030276E-05      0.57099875E-13
  109.500000000000         0.76044630E-05      0.57059198E-13
  110.000000000000         0.76058744E-05      0.56898618E-13
  110.500000000000         0.76072636E-05      0.56906473E-13
  111.000000000000         0.76086341E-05      0.57561088E-13
  111.500000000000         0.76099883E-05      0.57974806E-13
  112.000000000000         0.76113246E-05      0.58101547E-13
  112.500000000000         0.76126379E-05      0.58276233E-13
  113.000000000000         0.76139236E-05      0.58647523E-13
  113.500000000000         0.76151796E-05      0.58145369E-13
  114.000000000000         0.76164068E-05      0.58878851E-13
  114.500000000000         0.76176083E-05      0.58468445E-13
  115.000000000000         0.76187898E-05      0.58862849E-13
  115.500000000000         0.76199581E-05      0.58915166E-13
  116.000000000000         0.76211171E-05      0.58867788E-13
  116.500000000000         0.76222660E-05      0.58921113E-13
  117.000000000000         0.76234003E-05      0.58564511E-13
  117.500000000000         0.76245152E-05      0.57899667E-13
  118.000000000000         0.76256074E-05      0.57618860E-13
  118.500000000000         0.76266754E-05      0.58009205E-13
  119.000000000000         0.76277220E-05      0.57678354E-13
  119.500000000000         0.76287532E-05      0.58158212E-13
  120.000000000000         0.76297768E-05      0.58888558E-13
  120.500000000000         0.76307972E-05      0.59278534E-13
  121.000000000000         0.76318142E-05      0.58768568E-13
  121.500000000000         0.76328246E-05      0.59284063E-13
  122.000000000000         0.76338235E-05      0.60359953E-13
  122.500000000000         0.76348064E-05      0.60671783E-13
  123.000000000000         0.76357710E-05      0.61100713E-13
  123.500000000000         0.76367189E-05      0.61160295E-13
  124.000000000000         0.76376549E-05      0.61423158E-13
  124.500000000000         0.76385828E-05      0.61634900E-13
  125.000000000000         0.76395038E-05      0.61940733E-13
  125.500000000000         0.76404162E-05      0.62152066E-13
  126.000000000000         0.76413162E-05      0.62135619E-13
  126.500000000000         0.76422005E-05      0.61987375E-13
  127.000000000000         0.76430661E-05      0.62316841E-13
  127.500000000000         0.76439118E-05      0.63073327E-13
  128.000000000000         0.76447393E-05      0.62624287E-13
  128.500000000000         0.76455516E-05      0.63090639E-13
  129.000000000000         0.76463516E-05      0.63661461E-13
  129.500000000000         0.76471399E-05      0.62974394E-13
  130.000000000000         0.76479160E-05      0.62518555E-13
  130.500000000000         0.76486788E-05      0.63082401E-13
  131.000000000000         0.76494266E-05      0.63896309E-13
  131.500000000000         0.76501588E-05      0.64145698E-13
  132.000000000000         0.76508752E-05      0.64650874E-13
  132.500000000000         0.76515781E-05      0.64744327E-13
  133.000000000000         0.76522715E-05      0.65471192E-13
  133.500000000000         0.76529590E-05      0.65152277E-13
  134.000000000000         0.76536436E-05      0.65662581E-13
  134.500000000000         0.76543263E-05      0.66088447E-13
  135.000000000000         0.76550068E-05      0.66212322E-13
  135.500000000000         0.76556839E-05      0.66148892E-13
  136.000000000000         0.76563563E-05      0.66449409E-13
  136.500000000000         0.76570250E-05      0.65844795E-13
  137.000000000000         0.76576918E-05      0.67222169E-13
  137.500000000000         0.76583586E-05      0.67431394E-13
  138.000000000000         0.76590260E-05      0.67958852E-13
  138.500000000000         0.76596924E-05      0.67932813E-13
  139.000000000000         0.76603559E-05      0.67992490E-13
  139.500000000000         0.76610147E-05      0.67932877E-13
  140.000000000000         0.76616684E-05      0.68133101E-13
  140.500000000000         0.76623184E-05      0.68688759E-13
  141.000000000000         0.76629666E-05      0.68968002E-13
  141.500000000000         0.76636142E-05      0.70082735E-13
  142.000000000000         0.76642590E-05      0.70406544E-13
  142.500000000000         0.76648959E-05      0.71106989E-13
  143.000000000000         0.76655199E-05      0.72182031E-13
  143.500000000000         0.76661275E-05      0.72277062E-13
  144.000000000000         0.76667190E-05      0.72145006E-13
  144.500000000000         0.76672972E-05      0.72629869E-13
  145.000000000000         0.76678672E-05      0.73530820E-13
  145.500000000000         0.76684336E-05      0.73731951E-13
  146.000000000000         0.76689982E-05      0.73678867E-13
  146.500000000000         0.76695597E-05      0.74830948E-13
  147.000000000000         0.76701136E-05      0.75724118E-13
  147.500000000000         0.76706548E-05      0.75865675E-13
  148.000000000000         0.76711812E-05      0.76039887E-13
  148.500000000000         0.76716943E-05      0.76377193E-13
  149.000000000000         0.76721988E-05      0.77710329E-13
  149.500000000000         0.76727010E-05      0.78267958E-13
  150.000000000000         0.76732069E-05      0.78613299E-13
  150.500000000000         0.76737202E-05      0.78046033E-13
  151.000000000000         0.76742393E-05      0.79273741E-13
  151.500000000000         0.76747597E-05      0.80109649E-13
  152.000000000000         0.76752763E-05      0.79881465E-13
  152.500000000000         0.76757866E-05      0.79874887E-13
  153.000000000000         0.76762923E-05      0.80344051E-13
  153.500000000000         0.76767971E-05      0.80317163E-13
  154.000000000000         0.76773058E-05      0.80372486E-13
  154.500000000000         0.76778219E-05      0.80558711E-13
  155.000000000000         0.76783458E-05      0.80844831E-13
  155.500000000000         0.76788738E-05      0.80950955E-13
  156.000000000000         0.76794003E-05      0.81399979E-13
  156.500000000000         0.76799218E-05      0.82313778E-13
  157.000000000000         0.76804385E-05      0.82312255E-13
  157.500000000000         0.76809522E-05      0.82501889E-13
  158.000000000000         0.76814656E-05      0.82458802E-13
  158.500000000000         0.76819802E-05      0.84028144E-13
  159.000000000000         0.76824965E-05      0.84657988E-13
  159.500000000000         0.76830131E-05      0.86254022E-13
  160.000000000000         0.76835268E-05      0.86720582E-13
  160.500000000000         0.76840355E-05      0.88223171E-13
  161.000000000000         0.76845394E-05      0.89079049E-13
  161.500000000000         0.76850404E-05      0.89610326E-13
  162.000000000000         0.76855392E-05      0.90291956E-13
  162.500000000000         0.76860355E-05      0.91384860E-13
  163.000000000000         0.76865291E-05      0.91091485E-13
  163.500000000000         0.76870193E-05      0.91453334E-13
  164.000000000000         0.76875062E-05      0.92121636E-13
  164.500000000000         0.76879896E-05      0.91817187E-13
  165.000000000000         0.76884695E-05      0.91275990E-13
  165.500000000000         0.76889475E-05      0.91374327E-13
  166.000000000000         0.76894249E-05      0.91441680E-13
  166.500000000000         0.76899021E-05      0.91404226E-13
  167.000000000000         0.76903782E-05      0.91548246E-13
  167.500000000000         0.76908525E-05      0.91699881E-13
  168.000000000000         0.76913246E-05      0.93040481E-13
  168.500000000000         0.76917931E-05      0.92990628E-13
  169.000000000000         0.76922568E-05      0.92885231E-13
  169.500000000000         0.76927166E-05      0.92730887E-13
  170.000000000000         0.76931750E-05      0.93259127E-13
  170.500000000000         0.76936354E-05      0.93939066E-13
  171.000000000000         0.76940998E-05      0.94443052E-13
  171.500000000000         0.76945690E-05      0.94296234E-13
  172.000000000000         0.76950418E-05      0.94351958E-13
  172.500000000000         0.76955156E-05      0.94054860E-13
  173.000000000000         0.76959879E-05      0.93363641E-13
  173.500000000000         0.76964575E-05      0.94314015E-13
  174.000000000000         0.76969261E-05      0.93851881E-13
  174.500000000000         0.76973978E-05      0.94000581E-13
  175.000000000000         0.76978768E-05      0.94115389E-13
  175.500000000000         0.76983654E-05      0.94929195E-13
  176.000000000000         0.76988636E-05      0.95969668E-13
  176.500000000000         0.76993693E-05      0.96437141E-13
  177.000000000000         0.76998796E-05      0.96824547E-13
  177.500000000000         0.77003913E-05      0.97524367E-13
  178.000000000000         0.77009032E-05      0.97506825E-13
  178.500000000000         0.77014157E-05      0.98171157E-13
  179.000000000000         0.77019304E-05      0.98252213E-13
  179.500000000000         0.77024492E-05      0.98573794E-13
  180.000000000000         0.77029733E-05      0.98498363E-13
  180.500000000000         0.77035016E-05      0.98163218E-13
  181.000000000000         0.77040314E-05      0.98520729E-13
  181.500000000000         0.77045591E-05      0.98995900E-13
  182.000000000000         0.77050821E-05      0.99536003E-13
  182.500000000000         0.77055984E-05      0.99182155E-13
  183.000000000000         0.77061083E-05      0.10022131E-12
  183.500000000000         0.77066137E-05      0.10035218E-12
  184.000000000000         0.77071178E-05      0.10065059E-12
  184.500000000000         0.77076228E-05      0.10104202E-12
  185.000000000000         0.77081277E-05      0.10104480E-12
  185.500000000000         0.77086293E-05      0.10038770E-12
  186.000000000000         0.77091246E-05      0.10091971E-12
  186.500000000000         0.77096121E-05      0.10003117E-12
  187.000000000000         0.77100928E-05      0.10092708E-12
  187.500000000000         0.77105695E-05      0.10199975E-12
  188.000000000000         0.77110465E-05      0.10248182E-12
  188.500000000000         0.77115274E-05      0.10364973E-12
  189.000000000000         0.77120137E-05      0.10354482E-12
  189.500000000000         0.77125045E-05      0.10383073E-12
  190.000000000000         0.77129976E-05      0.10435585E-12
  190.500000000000         0.77134928E-05      0.10502433E-12
  191.000000000000         0.77139919E-05      0.10522132E-12
  191.500000000000         0.77144973E-05      0.10645676E-12
  192.000000000000         0.77150105E-05      0.10663748E-12
  192.500000000000         0.77155317E-05      0.10753391E-12
  193.000000000000         0.77160600E-05      0.10771820E-12
  193.500000000000         0.77165937E-05      0.10829293E-12
  194.000000000000         0.77171308E-05      0.10839430E-12
  194.500000000000         0.77176710E-05      0.10832029E-12
  195.000000000000         0.77182157E-05      0.10874990E-12
  195.500000000000         0.77187667E-05      0.10825736E-12
  196.000000000000         0.77193244E-05      0.10959804E-12
  196.500000000000         0.77198871E-05      0.10998423E-12
  197.000000000000         0.77204523E-05      0.11010420E-12
  197.500000000000         0.77210167E-05      0.10973669E-12
  198.000000000000         0.77215777E-05      0.11019973E-12
  198.500000000000         0.77221335E-05      0.11072721E-12
  199.000000000000         0.77226838E-05      0.11118038E-12
  199.500000000000         0.77232299E-05      0.11078236E-12
  200.000000000000         0.77237736E-05      0.11038847E-12
  200.500000000000         0.77243167E-05      0.11011550E-12
  201.000000000000         0.77248590E-05      0.11062400E-12
  201.500000000000         0.77253994E-05      0.11037845E-12
  202.000000000000         0.77259367E-05      0.10930254E-12
  202.500000000000         0.77264687E-05      0.10888110E-12
  203.000000000000         0.77269939E-05      0.10914168E-12
  203.500000000000         0.77275117E-05      0.10983531E-12
  204.000000000000         0.77280245E-05      0.10981260E-12
  204.500000000000         0.77285360E-05      0.10903136E-12
  205.000000000000         0.77290488E-05      0.10953992E-12
  205.500000000000         0.77295641E-05      0.10958688E-12
  206.000000000000         0.77300815E-05      0.11017448E-12
  206.500000000000         0.77306001E-05      0.11163923E-12
  207.000000000000         0.77311190E-05      0.11110037E-12
  207.500000000000         0.77316373E-05      0.11189004E-12
  208.000000000000         0.77321554E-05      0.11251091E-12
  208.500000000000         0.77326752E-05      0.11257514E-12
  209.000000000000         0.77331986E-05      0.11305166E-12
  209.500000000000         0.77337264E-05      0.11289314E-12
  210.000000000000         0.77342579E-05      0.11288863E-12
  210.500000000000         0.77347921E-05      0.11306545E-12
  211.000000000000         0.77353287E-05      0.11387409E-12
  211.500000000000         0.77358676E-05      0.11425348E-12
  212.000000000000         0.77364083E-05      0.11400046E-12
  212.500000000000         0.77369503E-05      0.11404152E-12
  213.000000000000         0.77374934E-05      0.11297156E-12
  213.500000000000         0.77380383E-05      0.11319261E-12
  214.000000000000         0.77385851E-05      0.11365457E-12
  214.500000000000         0.77391339E-05      0.11392415E-12
  215.000000000000         0.77396840E-05      0.11351573E-12
  215.500000000000         0.77402348E-05      0.11322919E-12
  216.000000000000         0.77407850E-05      0.11362935E-12
  216.500000000000         0.77413325E-05      0.11438794E-12
  217.000000000000         0.77418757E-05      0.11369618E-12
  217.500000000000         0.77424151E-05      0.11400111E-12
  218.000000000000         0.77429522E-05      0.11463187E-12
  218.500000000000         0.77434884E-05      0.11455653E-12
  219.000000000000         0.77440236E-05      0.11557950E-12
  219.500000000000         0.77445572E-05      0.11585299E-12
  220.000000000000         0.77450877E-05      0.11551905E-12
  220.500000000000         0.77456134E-05      0.11580717E-12
  221.000000000000         0.77461337E-05      0.11646210E-12
  221.500000000000         0.77466489E-05      0.11687428E-12
  222.000000000000         0.77471607E-05      0.11680083E-12
  222.500000000000         0.77476703E-05      0.11800091E-12
  223.000000000000         0.77481777E-05      0.11804382E-12
  223.500000000000         0.77486824E-05      0.11834727E-12
  224.000000000000         0.77491839E-05      0.11764553E-12
  224.500000000000         0.77496824E-05      0.11767611E-12
  225.000000000000         0.77501791E-05      0.11768128E-12
  225.500000000000         0.77506755E-05      0.11755829E-12
  226.000000000000         0.77511734E-05      0.11797336E-12
  226.500000000000         0.77516731E-05      0.11882501E-12
  227.000000000000         0.77521739E-05      0.11867899E-12
  227.500000000000         0.77526749E-05      0.11984767E-12
  228.000000000000         0.77531753E-05      0.12016913E-12
  228.500000000000         0.77536752E-05      0.12013616E-12
  229.000000000000         0.77541753E-05      0.11983599E-12
  229.500000000000         0.77546770E-05      0.11877849E-12
  230.000000000000         0.77551821E-05      0.11848701E-12
  230.500000000000         0.77556910E-05      0.11779331E-12
  231.000000000000         0.77562036E-05      0.11816423E-12
  231.500000000000         0.77567188E-05      0.11776974E-12
  232.000000000000         0.77572355E-05      0.11875048E-12
  232.500000000000         0.77577519E-05      0.11946158E-12
  233.000000000000         0.77582658E-05      0.11885241E-12
  233.500000000000         0.77587759E-05      0.11828950E-12
  234.000000000000         0.77592823E-05      0.11791959E-12
  234.500000000000         0.77597865E-05      0.11899248E-12
  235.000000000000         0.77602898E-05      0.11862667E-12
  235.500000000000         0.77607923E-05      0.11800333E-12
  236.000000000000         0.77612932E-05      0.11948058E-12
  236.500000000000         0.77617909E-05      0.12029999E-12
  237.000000000000         0.77622835E-05      0.12070960E-12
  237.500000000000         0.77627691E-05      0.12150172E-12
  238.000000000000         0.77632473E-05      0.12207165E-12
  238.500000000000         0.77637201E-05      0.12258467E-12
  239.000000000000         0.77641903E-05      0.12275516E-12
  239.500000000000         0.77646593E-05      0.12325079E-12
  240.000000000000         0.77651268E-05      0.12311218E-12
  240.500000000000         0.77655923E-05      0.12392779E-12
  241.000000000000         0.77660554E-05      0.12458874E-12
  241.500000000000         0.77665157E-05      0.12545832E-12
  242.000000000000         0.77669734E-05      0.12444937E-12
  242.500000000000         0.77674293E-05      0.12468599E-12
  243.000000000000         0.77678848E-05      0.12552133E-12
  243.500000000000         0.77683414E-05      0.12594903E-12
  244.000000000000         0.77687993E-05      0.12758871E-12
  244.500000000000         0.77692580E-05      0.12764142E-12
  245.000000000000         0.77697175E-05      0.12773818E-12
  245.500000000000         0.77701784E-05      0.12753189E-12
  246.000000000000         0.77706406E-05      0.12827175E-12
  246.500000000000         0.77711029E-05      0.12898949E-12
  247.000000000000         0.77715644E-05      0.12903446E-12
  247.500000000000         0.77720250E-05      0.12991866E-12
  248.000000000000         0.77724850E-05      0.12972435E-12
  248.500000000000         0.77729444E-05      0.13017061E-12
  249.000000000000         0.77734029E-05      0.13102766E-12
  249.500000000000         0.77738602E-05      0.13147819E-12
  250.000000000000         0.77743161E-05      0.13161139E-12
  250.500000000000         0.77747694E-05      0.13150833E-12
  251.000000000000         0.77752190E-05      0.13205987E-12
  251.500000000000         0.77756645E-05      0.13346298E-12
  252.000000000000         0.77761070E-05      0.13391282E-12
  252.500000000000         0.77765478E-05      0.13519064E-12
  253.000000000000         0.77769868E-05      0.13607579E-12
  253.500000000000         0.77774232E-05      0.13586216E-12
  254.000000000000         0.77778558E-05      0.13428396E-12
  254.500000000000         0.77782849E-05      0.13423094E-12
  255.000000000000         0.77787113E-05      0.13443921E-12
  255.500000000000         0.77791358E-05      0.13508050E-12
  256.000000000000         0.77795596E-05      0.13601519E-12
  256.500000000000         0.77799841E-05      0.13664162E-12
  257.000000000000         0.77804101E-05      0.13703045E-12
  257.500000000000         0.77808362E-05      0.13690535E-12
  258.000000000000         0.77812606E-05      0.13713388E-12
  258.500000000000         0.77816827E-05      0.13804795E-12
  259.000000000000         0.77821032E-05      0.13854189E-12
  259.500000000000         0.77825232E-05      0.13961477E-12
  260.000000000000         0.77829432E-05      0.13964348E-12
  260.500000000000         0.77833631E-05      0.13989533E-12
  261.000000000000         0.77837833E-05      0.13994873E-12
  261.500000000000         0.77842039E-05      0.13942715E-12
  262.000000000000         0.77846238E-05      0.14032017E-12
  262.500000000000         0.77850416E-05      0.13989691E-12
  263.000000000000         0.77854559E-05      0.13986147E-12
  263.500000000000         0.77858671E-05      0.14048785E-12
  264.000000000000         0.77862751E-05      0.14052854E-12
  264.500000000000         0.77866801E-05      0.14038049E-12
  265.000000000000         0.77870830E-05      0.14079426E-12
  265.500000000000         0.77874850E-05      0.14124896E-12
  266.000000000000         0.77878870E-05      0.14141478E-12
  266.500000000000         0.77882877E-05      0.14204376E-12
  267.000000000000         0.77886856E-05      0.14337906E-12
  267.500000000000         0.77890797E-05      0.14346701E-12
  268.000000000000         0.77894703E-05      0.14310328E-12
  268.500000000000         0.77898588E-05      0.14339580E-12
  269.000000000000         0.77902471E-05      0.14362670E-12
  269.500000000000         0.77906371E-05      0.14375607E-12
  270.000000000000         0.77910299E-05      0.14345705E-12
  270.500000000000         0.77914245E-05      0.14329713E-12
  271.000000000000         0.77918189E-05      0.14310081E-12
  271.500000000000         0.77922112E-05      0.14285845E-12
  272.000000000000         0.77926012E-05      0.14284298E-12
  272.500000000000         0.77929900E-05      0.14374824E-12
  273.000000000000         0.77933795E-05      0.14415599E-12
  273.500000000000         0.77937711E-05      0.14438276E-12
  274.000000000000         0.77941649E-05      0.14444637E-12
  274.500000000000         0.77945598E-05      0.14488490E-12
  275.000000000000         0.77949545E-05      0.14570236E-12
  275.500000000000         0.77953470E-05      0.14535059E-12
  276.000000000000         0.77957361E-05      0.14576833E-12
  276.500000000000         0.77961218E-05      0.14621184E-12
  277.000000000000         0.77965047E-05      0.14520658E-12
  277.500000000000         0.77968855E-05      0.14535363E-12
  278.000000000000         0.77972639E-05      0.14419873E-12
  278.500000000000         0.77976399E-05      0.14428394E-12
  279.000000000000         0.77980134E-05      0.14370767E-12
  279.500000000000         0.77983840E-05      0.14371071E-12
  280.000000000000         0.77987521E-05      0.14309027E-12
  280.500000000000         0.77991174E-05      0.14436331E-12
  281.000000000000         0.77994807E-05      0.14483167E-12
  281.500000000000         0.77998428E-05      0.14503456E-12
  282.000000000000         0.78002050E-05      0.14577754E-12
  282.500000000000         0.78005676E-05      0.14639947E-12
  283.000000000000         0.78009302E-05      0.14690520E-12
  283.500000000000         0.78012921E-05      0.14712293E-12
  284.000000000000         0.78016527E-05      0.14878468E-12
  284.500000000000         0.78020121E-05      0.14963814E-12
  285.000000000000         0.78023712E-05      0.14971974E-12
  285.500000000000         0.78027311E-05      0.14995471E-12
  286.000000000000         0.78030935E-05      0.15002418E-12
  286.500000000000         0.78034595E-05      0.15054627E-12
  287.000000000000         0.78038281E-05      0.15064342E-12
  287.500000000000         0.78041972E-05      0.15123551E-12
  288.000000000000         0.78045644E-05      0.15300857E-12
  288.500000000000         0.78049286E-05      0.15368241E-12
  289.000000000000         0.78052901E-05      0.15380750E-12
  289.500000000000         0.78056501E-05      0.15369551E-12
  290.000000000000         0.78060093E-05      0.15480822E-12
  290.500000000000         0.78063680E-05      0.15563072E-12
  291.000000000000         0.78067262E-05      0.15620785E-12
  291.500000000000         0.78070824E-05      0.15506708E-12
  292.000000000000         0.78074346E-05      0.15545311E-12
  292.500000000000         0.78077821E-05      0.15540198E-12
  293.000000000000         0.78081253E-05      0.15549447E-12
  293.500000000000         0.78084656E-05      0.15483365E-12
  294.000000000000         0.78088038E-05      0.15420105E-12
  294.500000000000         0.78091406E-05      0.15417421E-12
  295.000000000000         0.78094766E-05      0.15361985E-12
  295.500000000000         0.78098121E-05      0.15407920E-12
  296.000000000000         0.78101472E-05      0.15465176E-12
  296.500000000000         0.78104817E-05      0.15599266E-12
  297.000000000000         0.78108158E-05      0.15606901E-12
  297.500000000000         0.78111498E-05      0.15741822E-12
  298.000000000000         0.78114842E-05      0.15733630E-12
  298.500000000000         0.78118196E-05      0.15865063E-12
  299.000000000000         0.78121565E-05      0.15804485E-12
  299.500000000000         0.78124952E-05      0.15852424E-12
  300.000000000000         0.78128361E-05      0.15840097E-12
  300.500000000000         0.78131782E-05      0.15941604E-12
  301.000000000000         0.78135202E-05      0.15966416E-12
  301.500000000000         0.78138607E-05      0.15975030E-12
  302.000000000000         0.78141991E-05      0.15970757E-12
  302.500000000000         0.78145359E-05      0.15975795E-12
  303.000000000000         0.78148719E-05      0.15920030E-12
  303.500000000000         0.78152073E-05      0.15996401E-12
  304.000000000000         0.78155420E-05      0.15909130E-12
  304.500000000000         0.78158750E-05      0.15935369E-12
  305.000000000000         0.78162053E-05      0.15980963E-12
  305.500000000000         0.78165312E-05      0.16034264E-12
  306.000000000000         0.78168517E-05      0.16080606E-12
  306.500000000000         0.78171678E-05      0.16155389E-12
  307.000000000000         0.78174805E-05      0.16190510E-12
  307.500000000000         0.78177910E-05      0.16250429E-12
  308.000000000000         0.78180995E-05      0.16290257E-12
  308.500000000000         0.78184060E-05      0.16379910E-12
  309.000000000000         0.78187104E-05      0.16324784E-12
  309.500000000000         0.78190131E-05      0.16292056E-12
  310.000000000000         0.78193142E-05      0.16278238E-12
  310.500000000000         0.78196144E-05      0.16429860E-12
  311.000000000000         0.78199149E-05      0.16504220E-12
  311.500000000000         0.78202172E-05      0.16523800E-12
  312.000000000000         0.78205217E-05      0.16494568E-12
  312.500000000000         0.78208283E-05      0.16429073E-12
  313.000000000000         0.78211364E-05      0.16441849E-12
  313.500000000000         0.78214453E-05      0.16415465E-12
  314.000000000000         0.78217545E-05      0.16507354E-12
  314.500000000000         0.78220636E-05      0.16569382E-12
  315.000000000000         0.78223728E-05      0.16582609E-12
  315.500000000000         0.78226826E-05      0.16578107E-12
  316.000000000000         0.78229941E-05      0.16584138E-12
  316.500000000000         0.78233072E-05      0.16668867E-12
  317.000000000000         0.78236203E-05      0.16671391E-12
  317.500000000000         0.78239316E-05      0.16724899E-12
  318.000000000000         0.78242394E-05      0.16803467E-12
  318.500000000000         0.78245429E-05      0.16767205E-12
  319.000000000000         0.78248420E-05      0.16777964E-12
  319.500000000000         0.78251379E-05      0.16789606E-12
  320.000000000000         0.78254323E-05      0.16792333E-12
  320.500000000000         0.78257262E-05      0.16835500E-12
  321.000000000000         0.78260191E-05      0.16908631E-12
  321.500000000000         0.78263095E-05      0.16881467E-12
  322.000000000000         0.78265958E-05      0.16882328E-12
  322.500000000000         0.78268775E-05      0.16785195E-12
  323.000000000000         0.78271556E-05      0.16782381E-12
  323.500000000000         0.78274317E-05      0.16888401E-12
  324.000000000000         0.78277076E-05      0.16901210E-12
  324.500000000000         0.78279842E-05      0.17011188E-12
  325.000000000000         0.78282617E-05      0.17076231E-12
  325.500000000000         0.78285396E-05      0.17119462E-12
  326.000000000000         0.78288167E-05      0.17205527E-12
  326.500000000000         0.78290926E-05      0.17128355E-12
  327.000000000000         0.78293681E-05      0.17114540E-12
  327.500000000000         0.78296445E-05      0.17245446E-12
  328.000000000000         0.78299226E-05      0.17246922E-12
  328.500000000000         0.78302026E-05      0.17257241E-12
  329.000000000000         0.78304837E-05      0.17269659E-12
  329.500000000000         0.78307651E-05      0.17269460E-12
  330.000000000000         0.78310462E-05      0.17233594E-12
  330.500000000000         0.78313262E-05      0.17280222E-12
  331.000000000000         0.78316045E-05      0.17366652E-12
  331.500000000000         0.78318813E-05      0.17443459E-12
  332.000000000000         0.78321572E-05      0.17479694E-12
  332.500000000000         0.78324326E-05      0.17453045E-12
  333.000000000000         0.78327071E-05      0.17426598E-12
  333.500000000000         0.78329800E-05      0.17489160E-12
  334.000000000000         0.78332516E-05      0.17504915E-12
  334.500000000000         0.78335219E-05      0.17505624E-12
  335.000000000000         0.78337909E-05      0.17382555E-12
  335.500000000000         0.78340581E-05      0.17345284E-12
  336.000000000000         0.78343244E-05      0.17351937E-12
  336.500000000000         0.78345908E-05      0.17441892E-12
  337.000000000000         0.78348578E-05      0.17451000E-12
  337.500000000000         0.78351251E-05      0.17565703E-12
  338.000000000000         0.78353924E-05      0.17614481E-12
  338.500000000000         0.78356596E-05      0.17629043E-12
  339.000000000000         0.78359266E-05      0.17684543E-12
  339.500000000000         0.78361934E-05      0.17777249E-12
  340.000000000000         0.78364600E-05      0.17916377E-12
  340.500000000000         0.78367267E-05      0.17986518E-12
  341.000000000000         0.78369941E-05      0.17952029E-12
  341.500000000000         0.78372623E-05      0.18049318E-12
  342.000000000000         0.78375305E-05      0.18093115E-12
  342.500000000000         0.78377981E-05      0.18056212E-12
  343.000000000000         0.78380650E-05      0.18006149E-12
  343.500000000000         0.78383308E-05      0.18101858E-12
  344.000000000000         0.78385954E-05      0.18120549E-12
  344.500000000000         0.78388580E-05      0.18257773E-12
  345.000000000000         0.78391187E-05      0.18313231E-12
  345.500000000000         0.78393779E-05      0.18211720E-12
  346.000000000000         0.78396356E-05      0.18229691E-12
  346.500000000000         0.78398916E-05      0.18239953E-12
  347.000000000000         0.78401459E-05      0.18163846E-12
  347.500000000000         0.78403990E-05      0.18174738E-12
  348.000000000000         0.78406508E-05      0.18158763E-12
  348.500000000000         0.78409009E-05      0.18041757E-12
  349.000000000000         0.78411498E-05      0.18046263E-12
  349.500000000000         0.78413983E-05      0.18000111E-12
  350.000000000000         0.78416479E-05      0.17969076E-12
  350.500000000000         0.78418995E-05      0.18029227E-12
  351.000000000000         0.78421533E-05      0.18142185E-12
  351.500000000000         0.78424088E-05      0.18206906E-12
  352.000000000000         0.78426658E-05      0.18232494E-12
  352.500000000000         0.78429241E-05      0.18169609E-12
  353.000000000000         0.78431834E-05      0.18207669E-12
  353.500000000000         0.78434440E-05      0.18236890E-12
  354.000000000000         0.78437073E-05      0.18351443E-12
  354.500000000000         0.78439739E-05      0.18433573E-12
  355.000000000000         0.78442435E-05      0.18378536E-12
  355.500000000000         0.78445146E-05      0.18364124E-12
  356.000000000000         0.78447859E-05      0.18421364E-12
  356.500000000000         0.78450563E-05      0.18446001E-12
  357.000000000000         0.78453255E-05      0.18505011E-12
  357.500000000000         0.78455934E-05      0.18557422E-12
  358.000000000000         0.78458605E-05      0.18553319E-12
  358.500000000000         0.78461273E-05      0.18517201E-12
  359.000000000000         0.78463936E-05      0.18538447E-12
  359.500000000000         0.78466585E-05      0.18511586E-12
  360.000000000000         0.78469210E-05      0.18562743E-12
  360.500000000000         0.78471802E-05      0.18636674E-12
  361.000000000000         0.78474358E-05      0.18667298E-12
  361.500000000000         0.78476886E-05      0.18720452E-12
  362.000000000000         0.78479392E-05      0.18653729E-12
  362.500000000000         0.78481882E-05      0.18694963E-12
  363.000000000000         0.78484359E-05      0.18768922E-12
  363.500000000000         0.78486828E-05      0.18838206E-12
  364.000000000000         0.78489288E-05      0.18841964E-12
  364.500000000000         0.78491739E-05      0.18861271E-12
  365.000000000000         0.78494186E-05      0.18872967E-12
  365.500000000000         0.78496637E-05      0.18903579E-12
  366.000000000000         0.78499103E-05      0.18880392E-12
  366.500000000000         0.78501589E-05      0.18909504E-12
  367.000000000000         0.78504100E-05      0.18992792E-12
  367.500000000000         0.78506632E-05      0.18876642E-12
  368.000000000000         0.78509183E-05      0.18889229E-12
  368.500000000000         0.78511747E-05      0.18860380E-12
  369.000000000000         0.78514320E-05      0.18863929E-12
  369.500000000000         0.78516907E-05      0.18856220E-12
  370.000000000000         0.78519511E-05      0.18867687E-12
  370.500000000000         0.78522138E-05      0.18882412E-12
  371.000000000000         0.78524786E-05      0.18985730E-12
  371.500000000000         0.78527453E-05      0.18983872E-12
  372.000000000000         0.78530129E-05      0.18993170E-12
  372.500000000000         0.78532804E-05      0.19036686E-12
  373.000000000000         0.78535472E-05      0.18992293E-12
  373.500000000000         0.78538128E-05      0.18977297E-12
  374.000000000000         0.78540774E-05      0.18967255E-12
  374.500000000000         0.78543408E-05      0.18990313E-12
  375.000000000000         0.78546032E-05      0.18994352E-12
  375.500000000000         0.78548644E-05      0.19062188E-12
  376.000000000000         0.78551244E-05      0.19090384E-12
  376.500000000000         0.78553830E-05      0.19184152E-12
  377.000000000000         0.78556400E-05      0.19203793E-12
  377.500000000000         0.78558955E-05      0.19346372E-12
  378.000000000000         0.78561501E-05      0.19418481E-12
  378.500000000000         0.78564035E-05      0.19481624E-12
  379.000000000000         0.78566555E-05      0.19522059E-12
  379.500000000000         0.78569061E-05      0.19716851E-12
  380.000000000000         0.78571555E-05      0.19705719E-12
  380.500000000000         0.78574040E-05      0.19683932E-12
  381.000000000000         0.78576516E-05      0.19784473E-12
  381.500000000000         0.78578985E-05      0.19893232E-12
  382.000000000000         0.78581451E-05      0.19910112E-12
  382.500000000000         0.78583914E-05      0.19983719E-12
  383.000000000000         0.78586371E-05      0.20057353E-12
  383.500000000000         0.78588823E-05      0.20056776E-12
  384.000000000000         0.78591272E-05      0.20030888E-12
  384.500000000000         0.78593724E-05      0.20124219E-12
  385.000000000000         0.78596180E-05      0.20191413E-12
  385.500000000000         0.78598641E-05      0.20282689E-12
  386.000000000000         0.78601101E-05      0.20390276E-12
  386.500000000000         0.78603558E-05      0.20481819E-12
  387.000000000000         0.78606014E-05      0.20528208E-12
  387.500000000000         0.78608468E-05      0.20543714E-12
  388.000000000000         0.78610922E-05      0.20557097E-12
  388.500000000000         0.78613384E-05      0.20700767E-12
  389.000000000000         0.78615860E-05      0.20731004E-12
  389.500000000000         0.78618351E-05      0.20809512E-12
  390.000000000000         0.78620849E-05      0.20760096E-12
  390.500000000000         0.78623350E-05      0.20786643E-12
  391.000000000000         0.78625849E-05      0.20795698E-12
  391.500000000000         0.78628346E-05      0.20942630E-12
  392.000000000000         0.78630842E-05      0.20891568E-12
  392.500000000000         0.78633338E-05      0.20813354E-12
  393.000000000000         0.78635841E-05      0.20889129E-12
  393.500000000000         0.78638351E-05      0.20981194E-12
  394.000000000000         0.78640862E-05      0.21027405E-12
  394.500000000000         0.78643364E-05      0.21031969E-12
  395.000000000000         0.78645849E-05      0.21006933E-12
  395.500000000000         0.78648313E-05      0.20968221E-12
  396.000000000000         0.78650756E-05      0.20990063E-12
  396.500000000000         0.78653178E-05      0.21105380E-12
  397.000000000000         0.78655578E-05      0.21116300E-12
  397.500000000000         0.78657959E-05      0.21217510E-12
  398.000000000000         0.78660321E-05      0.21234169E-12
  398.500000000000         0.78662656E-05      0.21244244E-12
  399.000000000000         0.78664958E-05      0.21301415E-12
  399.500000000000         0.78667228E-05      0.21352357E-12
  400.000000000000         0.78669473E-05      0.21297104E-12
  400.500000000000         0.78671701E-05      0.21293011E-12
  401.000000000000         0.78673918E-05      0.21347164E-12
  401.500000000000         0.78676128E-05      0.21324643E-12
  402.000000000000         0.78678335E-05      0.21292966E-12
  402.500000000000         0.78680538E-05      0.21524938E-12
  403.000000000000         0.78682736E-05      0.21546372E-12
  403.500000000000         0.78684928E-05      0.21576943E-12
  404.000000000000         0.78687117E-05      0.21618301E-12
  404.500000000000         0.78689316E-05      0.21604928E-12
  405.000000000000         0.78691534E-05      0.21654137E-12
  405.500000000000         0.78693774E-05      0.21611360E-12
  406.000000000000         0.78696033E-05      0.21567552E-12
  406.500000000000         0.78698311E-05      0.21521371E-12
  407.000000000000         0.78700603E-05      0.21574982E-12
  407.500000000000         0.78702904E-05      0.21595469E-12
  408.000000000000         0.78705209E-05      0.21576239E-12
  408.500000000000         0.78707518E-05      0.21682090E-12
  409.000000000000         0.78709835E-05      0.21753235E-12
  409.500000000000         0.78712158E-05      0.21786499E-12
  410.000000000000         0.78714484E-05      0.21750937E-12
  410.500000000000         0.78716805E-05      0.21731574E-12
  411.000000000000         0.78719111E-05      0.21717461E-12
  411.500000000000         0.78721397E-05      0.21815746E-12
  412.000000000000         0.78723657E-05      0.21821427E-12
  412.500000000000         0.78725888E-05      0.21808076E-12
  413.000000000000         0.78728092E-05      0.21876752E-12
  413.500000000000         0.78730271E-05      0.21884609E-12
  414.000000000000         0.78732426E-05      0.21873915E-12
  414.500000000000         0.78734558E-05      0.21924361E-12
  415.000000000000         0.78736667E-05      0.21923950E-12
  415.500000000000         0.78738751E-05      0.21966141E-12
  416.000000000000         0.78740813E-05      0.21988386E-12
  416.500000000000         0.78742856E-05      0.21924734E-12
  417.000000000000         0.78744888E-05      0.21869895E-12
  417.500000000000         0.78746911E-05      0.21897786E-12
  418.000000000000         0.78748934E-05      0.21941215E-12
  418.500000000000         0.78750962E-05      0.22021855E-12
  419.000000000000         0.78752994E-05      0.22083846E-12
  419.500000000000         0.78755032E-05      0.22088986E-12
  420.000000000000         0.78757076E-05      0.22085563E-12
  420.500000000000         0.78759128E-05      0.22083784E-12
  421.000000000000         0.78761188E-05      0.22087525E-12
  421.500000000000         0.78763256E-05      0.22071058E-12
  422.000000000000         0.78765331E-05      0.22081779E-12
  422.500000000000         0.78767416E-05      0.22101612E-12
  423.000000000000         0.78769510E-05      0.22193739E-12
  423.500000000000         0.78771612E-05      0.22217618E-12
  424.000000000000         0.78773717E-05      0.22205450E-12
  424.500000000000         0.78775820E-05      0.22175936E-12
  425.000000000000         0.78777921E-05      0.22203186E-12
  425.500000000000         0.78780015E-05      0.22228567E-12
  426.000000000000         0.78782100E-05      0.22228299E-12
  426.500000000000         0.78784174E-05      0.22200664E-12
  427.000000000000         0.78786243E-05      0.22205729E-12
  427.500000000000         0.78788307E-05      0.22289567E-12
  428.000000000000         0.78790362E-05      0.22256526E-12
  428.500000000000         0.78792404E-05      0.22319298E-12
  429.000000000000         0.78794432E-05      0.22364322E-12
  429.500000000000         0.78796447E-05      0.22374602E-12
  430.000000000000         0.78798449E-05      0.22432774E-12
  430.500000000000         0.78800446E-05      0.22552157E-12
  431.000000000000         0.78802442E-05      0.22523825E-12
  431.500000000000         0.78804444E-05      0.22538811E-12
  432.000000000000         0.78806454E-05      0.22585038E-12
  432.500000000000         0.78808473E-05      0.22643177E-12
  433.000000000000         0.78810495E-05      0.22716514E-12
  433.500000000000         0.78812520E-05      0.22718904E-12
  434.000000000000         0.78814547E-05      0.22691356E-12
  434.500000000000         0.78816580E-05      0.22643879E-12
  435.000000000000         0.78818619E-05      0.22637844E-12
  435.500000000000         0.78820662E-05      0.22621249E-12
  436.000000000000         0.78822708E-05      0.22683853E-12
  436.500000000000         0.78824754E-05      0.22712777E-12
  437.000000000000         0.78826794E-05      0.22677155E-12
  437.500000000000         0.78828819E-05      0.22712941E-12
  438.000000000000         0.78830827E-05      0.22708599E-12
  438.500000000000         0.78832821E-05      0.22672120E-12
  439.000000000000         0.78834804E-05      0.22689290E-12
  439.500000000000         0.78836781E-05      0.22636314E-12
  440.000000000000         0.78838752E-05      0.22663671E-12
  440.500000000000         0.78840718E-05      0.22771624E-12
  441.000000000000         0.78842676E-05      0.22827822E-12
  441.500000000000         0.78844622E-05      0.22858097E-12
  442.000000000000         0.78846551E-05      0.22793760E-12
  442.500000000000         0.78848466E-05      0.22713978E-12
  443.000000000000         0.78850377E-05      0.22624494E-12
  443.500000000000         0.78852293E-05      0.22681559E-12
  444.000000000000         0.78854221E-05      0.22688768E-12
  444.500000000000         0.78856165E-05      0.22767787E-12
  445.000000000000         0.78858125E-05      0.22792785E-12
  445.500000000000         0.78860097E-05      0.22772567E-12
  446.000000000000         0.78862079E-05      0.22699954E-12
  446.500000000000         0.78864070E-05      0.22802588E-12
  447.000000000000         0.78866077E-05      0.22737596E-12
  447.500000000000         0.78868107E-05      0.22786127E-12
  448.000000000000         0.78870163E-05      0.22765635E-12
  448.500000000000         0.78872242E-05      0.22832183E-12
  449.000000000000         0.78874339E-05      0.22926556E-12
  449.500000000000         0.78876443E-05      0.22856154E-12
  450.000000000000         0.78878547E-05      0.22933489E-12
  450.500000000000         0.78880646E-05      0.22870769E-12
  451.000000000000         0.78882738E-05      0.22839862E-12
  451.500000000000         0.78884823E-05      0.22807638E-12
  452.000000000000         0.78886899E-05      0.22719643E-12
  452.500000000000         0.78888962E-05      0.22758859E-12
  453.000000000000         0.78891005E-05      0.22751445E-12
  453.500000000000         0.78893021E-05      0.22761981E-12
  454.000000000000         0.78895006E-05      0.22785481E-12
  454.500000000000         0.78896962E-05      0.22891696E-12
  455.000000000000         0.78898892E-05      0.22910400E-12
  455.500000000000         0.78900803E-05      0.22882171E-12
  456.000000000000         0.78902701E-05      0.22932738E-12
  456.500000000000         0.78904589E-05      0.22980786E-12
  457.000000000000         0.78906470E-05      0.23037341E-12
  457.500000000000         0.78908343E-05      0.23059770E-12
  458.000000000000         0.78910210E-05      0.23068332E-12
  458.500000000000         0.78912074E-05      0.23043982E-12
  459.000000000000         0.78913938E-05      0.23100743E-12
  459.500000000000         0.78915809E-05      0.23116750E-12
  460.000000000000         0.78917697E-05      0.23188331E-12
  460.500000000000         0.78919606E-05      0.23270475E-12
  461.000000000000         0.78921539E-05      0.23317122E-12
  461.500000000000         0.78923496E-05      0.23350814E-12
  462.000000000000         0.78925474E-05      0.23446639E-12
  462.500000000000         0.78927472E-05      0.23433139E-12
  463.000000000000         0.78929485E-05      0.23470362E-12
  463.500000000000         0.78931513E-05      0.23535014E-12
  464.000000000000         0.78933554E-05      0.23637920E-12
  464.500000000000         0.78935608E-05      0.23593788E-12
  465.000000000000         0.78937668E-05      0.23547507E-12
  465.500000000000         0.78939727E-05      0.23590288E-12
  466.000000000000         0.78941780E-05      0.23592998E-12
  466.500000000000         0.78943819E-05      0.23626462E-12
  467.000000000000         0.78945842E-05      0.23656605E-12
  467.500000000000         0.78947845E-05      0.23675545E-12
  468.000000000000         0.78949828E-05      0.23759060E-12
  468.500000000000         0.78951790E-05      0.23836992E-12
  469.000000000000         0.78953728E-05      0.23825360E-12
  469.500000000000         0.78955642E-05      0.23896048E-12
  470.000000000000         0.78957531E-05      0.23898468E-12
  470.500000000000         0.78959399E-05      0.23962491E-12
  471.000000000000         0.78961248E-05      0.23952589E-12
  471.500000000000         0.78963081E-05      0.23845047E-12
  472.000000000000         0.78964899E-05      0.23834830E-12
  472.500000000000         0.78966708E-05      0.23873547E-12
  473.000000000000         0.78968510E-05      0.23941569E-12
  473.500000000000         0.78970312E-05      0.23879916E-12
  474.000000000000         0.78972117E-05      0.23823671E-12
  474.500000000000         0.78973931E-05      0.23877580E-12
  475.000000000000         0.78975754E-05      0.23906318E-12
  475.500000000000         0.78977590E-05      0.23978288E-12
  476.000000000000         0.78979433E-05      0.23983503E-12
  476.500000000000         0.78981277E-05      0.24004135E-12
  477.000000000000         0.78983123E-05      0.23874864E-12
  477.500000000000         0.78984977E-05      0.23852624E-12
  478.000000000000         0.78986841E-05      0.23937899E-12
  478.500000000000         0.78988713E-05      0.23966429E-12
  479.000000000000         0.78990591E-05      0.24008101E-12
  479.500000000000         0.78992469E-05      0.24094550E-12
  480.000000000000         0.78994341E-05      0.24082635E-12
  480.500000000000         0.78996203E-05      0.24086950E-12
  481.000000000000         0.78998050E-05      0.24078682E-12
  481.500000000000         0.78999884E-05      0.24087316E-12
  482.000000000000         0.79001711E-05      0.24114283E-12
  482.500000000000         0.79003528E-05      0.24123720E-12
  483.000000000000         0.79005333E-05      0.24175013E-12
  483.500000000000         0.79007119E-05      0.24214382E-12
  484.000000000000         0.79008884E-05      0.24254968E-12
  484.500000000000         0.79010630E-05      0.24258001E-12
  485.000000000000         0.79012360E-05      0.24268783E-12
  485.500000000000         0.79014079E-05      0.24415014E-12
  486.000000000000         0.79015793E-05      0.24518519E-12
  486.500000000000         0.79017508E-05      0.24418401E-12
  487.000000000000         0.79019224E-05      0.24501543E-12
  487.500000000000         0.79020937E-05      0.24492839E-12
  488.000000000000         0.79022645E-05      0.24617234E-12
  488.500000000000         0.79024348E-05      0.24571491E-12
  489.000000000000         0.79026048E-05      0.24532522E-12
  489.500000000000         0.79027748E-05      0.24550691E-12
  490.000000000000         0.79029451E-05      0.24558537E-12
  490.500000000000         0.79031160E-05      0.24554794E-12
  491.000000000000         0.79032875E-05      0.24613323E-12
  491.500000000000         0.79034591E-05      0.24691127E-12
  492.000000000000         0.79036300E-05      0.24666080E-12
  492.500000000000         0.79037999E-05      0.24737381E-12
  493.000000000000         0.79039684E-05      0.24848910E-12
  493.500000000000         0.79041358E-05      0.24881514E-12
  494.000000000000         0.79043020E-05      0.24911269E-12
  494.500000000000         0.79044675E-05      0.25148644E-12
  495.000000000000         0.79046324E-05      0.25247007E-12
  495.500000000000         0.79047966E-05      0.25282921E-12
  496.000000000000         0.79049595E-05      0.25241455E-12
  496.500000000000         0.79051206E-05      0.25377901E-12
  497.000000000000         0.79052799E-05      0.25309617E-12
  497.500000000000         0.79054384E-05      0.25347481E-12
  498.000000000000         0.79055963E-05      0.25362484E-12
  498.500000000000         0.79057540E-05      0.25375276E-12
  499.000000000000         0.79059116E-05      0.25287097E-12
  499.500000000000         0.79060692E-05      0.25316179E-12
  500.000000000000         0.79062265E-05      0.25284561E-12
