 
 
 --- EXPECTATION VALUES PSI VECTORS ---
 
 
   M expectation values psi vectors 
         1    0.00000000    0.00000000
         2    0.00000000    0.00000000
         3    0.00000000    0.00000000
 
 
   M^2 expectation values psi vectors 
         1    0.00000000    0.00000000
         2    0.00000000    0.00000000
         3    0.00000000    0.00000000
 
 
   inversion expectation values psi vectors 
         1   -1.00000000    0.00000000
         2   -1.00000000    0.00000000
         3   -1.00000000    0.00000000
 
 
   X, Y, Z dipole expectation values psi vectors
         1   -0.00000000   -0.00000000   -0.00000000    0.00000000   -0.00000000   -0.00000000
         2    0.00000000   -0.00000000    0.00000000    0.00000000    0.00000000   -0.00000000
         3    0.00000000   -0.00000000    0.00000000    0.00000000   -0.00000000   -0.00000000
 
 
   X, Y, Z reflection expectation values psi vectors
         1    0.88290605   -0.00000000    0.88290605   -0.00000000   -1.00000000   -0.00000000
         2   -0.99746377   -0.00000000   -0.99746377   -0.00000000   -1.00000000   -0.00000000
         3   -0.93494489   -0.00000000   -0.93494489   -0.00000000   -1.00000000   -0.00000000
 
 
 --- EXPECTATION VALUES ORBITALS ---
 
 
   inversion expectation values orbitals
         1    1.00000000    0.00000000
         2    1.00000000    0.00000000
         3   -1.00000000   -0.00000000
         4   -1.00000000    0.00000000
         5   -1.00000000   -0.00000000
         6   -1.00000000    0.00000000
         7    1.00000000    0.00000000
         8    1.00000000   -0.00000000
         9    1.00000000   -0.00000000
        10   -1.00000000    0.00000000
 
 
   X,Y,Z dipole expectation values orbitals
         1   -0.00000000    0.00000000    0.00000000    0.00000000   -0.00000000   -0.00000000
         2    0.00000000    0.00000000   -0.00000000    0.00000000    0.00000000    0.00000000
         3   -0.00000000    0.00000000   -0.00000000    0.00000000    0.00000000   -0.00000000
         4   -0.00000000   -0.00000000   -0.00000000    0.00000000   -0.00000000    0.00000000
         5   -0.00000000   -0.00000000    0.00000000    0.00000000   -0.00000000   -0.00000000
         6   -0.00000000    0.00000000    0.00000000   -0.00000000   -0.00000000    0.00000000
         7    0.00000000    0.00000000   -0.00000000   -0.00000000   -0.00000000   -0.00000000
         8    0.00000000   -0.00000000    0.00000000    0.00000000    0.00000000    0.00000000
         9    0.00000000   -0.00000000    0.00000000    0.00000000    0.00000000    0.00000000
        10   -0.00000000   -0.00000000   -0.00000000   -0.00000000    0.00000000   -0.00000000
 
 
   X,Y,Z reflection expectation values orbitals 
         1    1.00000000   -0.00000000    1.00000000    0.00000000    1.00000000    0.00000000
         2    1.00000000   -0.00000000    1.00000000    0.00000000    1.00000000    0.00000000
         3    1.00000000   -0.00000000    1.00000000    0.00000000   -1.00000000   -0.00000000
         4    1.00000000    0.00000000    1.00000000   -0.00000000   -1.00000000   -0.00000000
         5    0.00000000    0.00000000   -0.00000000   -0.00000000    1.00000000    0.00000000
         6   -0.00000000   -0.00000000    0.00000000    0.00000000    1.00000000   -0.00000000
         7    1.00000000    0.00000000    1.00000000   -0.00000000    1.00000000   -0.00000000
         8   -0.00000000    0.00000000    0.00000000   -0.00000000   -1.00000000    0.00000000
         9    0.00000000    0.00000000   -0.00000000   -0.00000000   -1.00000000    0.00000000
        10    1.00000000    0.00000000    1.00000000   -0.00000000   -1.00000000    0.00000000
 
 
 --- ORBITAL OCCUPATIONS BY STATE ---
  Orbital State              1              2              3
              1   1.9999960691   1.9999953932   1.9999949513
              2   1.9921667738   1.9895776105   1.9911840922
              3   1.9999967335   1.9999955808   1.9999947497
              4   1.9484623696   1.9270183493   1.8085510536
              5   1.8442472501   1.5244599513   1.5769738352
              6   1.8442472492   1.5244599544   1.5769738443
              7   1.9674758096   1.0501312506   1.1834436759
              8   0.2150146726   1.4742719351   1.3939265282
              9   0.2150146735   1.4742719320   1.3939265191
             10   0.9733783991   0.0358180427   0.0750307505
 
 
 ---------------- MATRIX ELEMENTS ------------------
 
 
   M matrix elements 
 --------------------------------
      PSI VECTORS    
 --------------------------------
    0.00000000    0.00000000    0.00000000    0.00000000    0.00000000    0.00000000
    0.00000000    0.00000000    0.00000000    0.00000000    0.00000000    0.00000000
    0.00000000    0.00000000    0.00000000    0.00000000    0.00000000    0.00000000
 
 
   M^2 matrix elements 
 --------------------------------
      PSI VECTORS    
 --------------------------------
    0.00000000    0.00000000    0.00000000    0.00000000    0.00000000    0.00000000
    0.00000000    0.00000000    0.00000000    0.00000000    0.00000000    0.00000000
    0.00000000    0.00000000    0.00000000    0.00000000    0.00000000    0.00000000
 
 
   inversion matrix elements 
 --------------------------------
      ORBITALS    
 --------------------------------
    1.00000000    0.00000000   -0.00000000    0.00000000   -0.00000000    0.00000000   -0.00000000    0.00000000   -0.00000000   -0.00000000    0.00000000    0.00000000   -0.00000000    0.00000000   -0.00000000   -0.00000000   -0.00000000   -0.00000000   -0.00000000    0.00000000
   -0.00000000   -0.00000000    1.00000000    0.00000000   -0.00000000    0.00000000    0.00000000    0.00000000   -0.00000000   -0.00000000   -0.00000000    0.00000000    0.00000000    0.00000000   -0.00000000   -0.00000000   -0.00000000   -0.00000000   -0.00000000    0.00000000
   -0.00000000   -0.00000000   -0.00000000   -0.00000000   -1.00000000   -0.00000000   -0.00000000   -0.00000000   -0.00000000   -0.00000000    0.00000000    0.00000000    0.00000000   -0.00000000   -0.00000000   -0.00000000    0.00000000   -0.00000000    0.00000000    0.00000000
   -0.00000000   -0.00000000    0.00000000   -0.00000000   -0.00000000    0.00000000   -1.00000000    0.00000000    0.00000000    0.00000000    0.00000000    0.00000000    0.00000000   -0.00000000   -0.00000000    0.00000000   -0.00000000   -0.00000000   -0.00000000   -0.00000000
   -0.00000000    0.00000000   -0.00000000    0.00000000   -0.00000000    0.00000000    0.00000000   -0.00000000   -1.00000000   -0.00000000   -0.00000000   -0.00000000    0.00000000   -0.00000000    0.00000000    0.00000000   -0.00000000    0.00000000    0.00000000   -0.00000000
    0.00000000   -0.00000000   -0.00000000   -0.00000000    0.00000000   -0.00000000    0.00000000   -0.00000000   -0.00000000    0.00000000   -1.00000000    0.00000000   -0.00000000   -0.00000000   -0.00000000   -0.00000000    0.00000000    0.00000000   -0.00000000    0.00000000
   -0.00000000   -0.00000000    0.00000000   -0.00000000    0.00000000    0.00000000    0.00000000    0.00000000    0.00000000    0.00000000   -0.00000000    0.00000000    1.00000000    0.00000000    0.00000000    0.00000000    0.00000000    0.00000000    0.00000000    0.00000000
   -0.00000000    0.00000000   -0.00000000    0.00000000   -0.00000000    0.00000000   -0.00000000   -0.00000000    0.00000000   -0.00000000   -0.00000000    0.00000000    0.00000000   -0.00000000    1.00000000   -0.00000000   -0.00000000   -0.00000000    0.00000000    0.00000000
   -0.00000000    0.00000000   -0.00000000    0.00000000    0.00000000    0.00000000   -0.00000000    0.00000000   -0.00000000   -0.00000000    0.00000000   -0.00000000    0.00000000   -0.00000000   -0.00000000    0.00000000    1.00000000   -0.00000000    0.00000000   -0.00000000
   -0.00000000   -0.00000000   -0.00000000   -0.00000000    0.00000000   -0.00000000   -0.00000000    0.00000000    0.00000000    0.00000000   -0.00000000   -0.00000000    0.00000000   -0.00000000    0.00000000   -0.00000000    0.00000000    0.00000000   -1.00000000    0.00000000
 --------------------------------
      PSI VECTORS    
 --------------------------------
   -1.00000000    0.00000000    0.00000000    0.00000000    0.00000000   -0.00000000
    0.00000000   -0.00000000   -1.00000000    0.00000000   -0.00000000    0.00000000
    0.00000000    0.00000000   -0.00000000   -0.00000000   -1.00000000    0.00000000
 
 
   Z dipole matrix elements 
 --------------------------------
      ORBITALS    
 --------------------------------
   -0.00000000   -0.00000000    0.00000000   -0.00000000   -0.16324686   -0.47280239    0.00186979   -0.00647455   -0.00000000    0.00000000    0.00000000   -0.00000000    0.00000000   -0.00000000    0.00000000   -0.00000000    0.00000000    0.00000000    0.02162842   -0.02403381
    0.00000000    0.00000000    0.00000000    0.00000000    0.00648780   -0.00656728   -0.35911878    0.06456261   -0.00000000    0.00000000    0.00000000    0.00000000   -0.00000000   -0.00000000   -0.00000000    0.00000000   -0.00000000   -0.00000000    0.09304550    0.02612486
   -0.16324686    0.47280239    0.00648780    0.00656728    0.00000000   -0.00000000   -0.00000000   -0.00000000    0.00000000    0.00000000    0.00000000    0.00000000    0.01294201    0.02337962   -0.00000000   -0.00000000    0.00000000    0.00000000    0.00000000   -0.00000000
    0.00186979    0.00647455   -0.35911878   -0.06456261   -0.00000000    0.00000000   -0.00000000    0.00000000    0.00000000    0.00000000    0.00000000    0.00000000    0.53627737    0.26011232    0.00000000   -0.00000000   -0.00000000   -0.00000000    0.00000000   -0.00000000
   -0.00000000   -0.00000000   -0.00000000   -0.00000000    0.00000000   -0.00000000    0.00000000   -0.00000000   -0.00000000   -0.00000000    0.00000000   -0.00000000    0.00000000    0.00000000   -0.49319105   -0.00000082   -0.00000000   -0.00000000   -0.00000000   -0.00000000
    0.00000000    0.00000000    0.00000000   -0.00000000    0.00000000   -0.00000000    0.00000000   -0.00000000    0.00000000    0.00000000   -0.00000000    0.00000000   -0.00000000    0.00000000    0.00000000   -0.00000000   -0.49319105   -0.00000038   -0.00000000    0.00000000
    0.00000000    0.00000000   -0.00000000    0.00000000    0.01294201   -0.02337962    0.53627737   -0.26011232    0.00000000   -0.00000000   -0.00000000   -0.00000000   -0.00000000   -0.00000000    0.00000000    0.00000000   -0.00000000    0.00000000    0.46372271    0.00000239
    0.00000000    0.00000000   -0.00000000   -0.00000000   -0.00000000    0.00000000    0.00000000    0.00000000   -0.49319105    0.00000082    0.00000000    0.00000000    0.00000000   -0.00000000    0.00000000    0.00000000   -0.00000000    0.00000000    0.00000000    0.00000000
    0.00000000   -0.00000000   -0.00000000    0.00000000    0.00000000   -0.00000000   -0.00000000    0.00000000   -0.00000000    0.00000000   -0.49319105    0.00000038   -0.00000000   -0.00000000   -0.00000000   -0.00000000    0.00000000    0.00000000   -0.00000000    0.00000000
    0.02162842    0.02403381    0.09304550   -0.02612486    0.00000000    0.00000000    0.00000000    0.00000000   -0.00000000    0.00000000   -0.00000000   -0.00000000    0.46372271   -0.00000239    0.00000000   -0.00000000   -0.00000000   -0.00000000    0.00000000   -0.00000000
 --------------------------------
      PSI VECTORS    
 --------------------------------
   -0.00000000   -0.00000000   -0.00000000   -0.00000000    0.00000000    0.00000000
   -0.00000000    0.00000000    0.00000000   -0.00000000   -0.00000000    0.00000000
    0.00000000   -0.00000000   -0.00000000   -0.00000000   -0.00000000   -0.00000000
 
 
   Y dipole matrix elements 
 --------------------------------
      ORBITALS    
 --------------------------------
    0.00000000    0.00000000    0.00000000   -0.00000000    0.00000000   -0.00000000   -0.00000000   -0.00000000    0.01391400    0.01252126   -0.01391399   -0.01252128   -0.00000000    0.00000000    0.00000000   -0.00000000    0.00000000    0.00000000   -0.00000000   -0.00000000
    0.00000000    0.00000000   -0.00000000    0.00000000   -0.00000000   -0.00000000   -0.00000000    0.00000000    0.04924459   -0.17539113   -0.04924479    0.17539108    0.00000000    0.00000000   -0.00000000    0.00000000    0.00000000   -0.00000000    0.00000000    0.00000000
    0.00000000    0.00000000   -0.00000000    0.00000000   -0.00000000    0.00000000    0.00000000   -0.00000000    0.00000000    0.00000000   -0.00000000   -0.00000000    0.00000000   -0.00000000    0.01912463   -0.01058659   -0.01912463    0.01058659   -0.00000000    0.00000000
   -0.00000000    0.00000000   -0.00000000   -0.00000000    0.00000000    0.00000000   -0.00000000    0.00000000    0.00000000   -0.00000000   -0.00000000    0.00000000    0.00000000    0.00000000    0.08261009   -0.17031746   -0.08261014    0.17031744    0.00000000   -0.00000000
    0.01391400   -0.01252126    0.04924459    0.17539113    0.00000000   -0.00000000    0.00000000    0.00000000    0.00000000    0.00000000   -0.00000000   -0.00000000   -0.00000004   -0.07563007    0.00000000    0.00000000   -0.00000000    0.00000000   -0.00000000   -0.00000000
   -0.01391399    0.01252128   -0.04924479   -0.17539108   -0.00000000    0.00000000   -0.00000000   -0.00000000   -0.00000000    0.00000000    0.00000000   -0.00000000    0.00000013    0.07563007   -0.00000000    0.00000000    0.00000000   -0.00000000    0.00000000    0.00000000
   -0.00000000   -0.00000000    0.00000000   -0.00000000    0.00000000    0.00000000    0.00000000   -0.00000000   -0.00000004    0.07563007    0.00000013   -0.07563007   -0.00000000   -0.00000000   -0.00000000   -0.00000000    0.00000000    0.00000000   -0.00000000   -0.00000000
    0.00000000    0.00000000   -0.00000000   -0.00000000    0.01912463    0.01058659    0.08261009    0.17031746    0.00000000   -0.00000000   -0.00000000   -0.00000000   -0.00000000    0.00000000    0.00000000    0.00000000   -0.00000000    0.00000000    0.00000014   -0.04665424
    0.00000000   -0.00000000   -0.00000000    0.00000000   -0.01912463   -0.01058659   -0.08261014   -0.17031744   -0.00000000   -0.00000000    0.00000000    0.00000000    0.00000000   -0.00000000   -0.00000000   -0.00000000    0.00000000    0.00000000   -0.00000012    0.04665424
   -0.00000000    0.00000000    0.00000000   -0.00000000   -0.00000000   -0.00000000    0.00000000    0.00000000   -0.00000000    0.00000000    0.00000000   -0.00000000   -0.00000000    0.00000000    0.00000014    0.04665424   -0.00000012   -0.04665424   -0.00000000   -0.00000000
 --------------------------------
      PSI VECTORS    
 --------------------------------
   -0.00000000    0.00000000   -0.00000000   -0.00000000    0.00000000    0.00000000
   -0.00000000    0.00000000    0.00000000    0.00000000   -0.00000000    0.00000000
    0.00000000   -0.00000000   -0.00000000   -0.00000000    0.00000000    0.00000000
 
 
   X dipole matrix elements 
 --------------------------------
      ORBITALS    
 --------------------------------
   -0.00000000    0.00000000   -0.00000000    0.00000000   -0.00000000    0.00000000    0.00000000   -0.00000000   -0.01252126    0.01391400   -0.01252128    0.01391399   -0.00000000   -0.00000000    0.00000000    0.00000000    0.00000000    0.00000000    0.00000000    0.00000000
   -0.00000000   -0.00000000    0.00000000    0.00000000    0.00000000    0.00000000   -0.00000000   -0.00000000    0.17539113    0.04924459    0.17539108    0.04924479   -0.00000000    0.00000000   -0.00000000   -0.00000000   -0.00000000   -0.00000000   -0.00000000   -0.00000000
   -0.00000000   -0.00000000    0.00000000   -0.00000000   -0.00000000    0.00000000   -0.00000000   -0.00000000   -0.00000000    0.00000000   -0.00000000    0.00000000   -0.00000000    0.00000000    0.01058659    0.01912463    0.01058659    0.01912463    0.00000000    0.00000000
    0.00000000    0.00000000   -0.00000000    0.00000000   -0.00000000    0.00000000   -0.00000000   -0.00000000    0.00000000   -0.00000000    0.00000000    0.00000000    0.00000000   -0.00000000    0.17031746    0.08261009    0.17031744    0.08261014    0.00000000    0.00000000
   -0.01252126   -0.01391400    0.17539113   -0.04924459   -0.00000000   -0.00000000    0.00000000    0.00000000   -0.00000000   -0.00000000   -0.00000000    0.00000000   -0.07563007    0.00000004    0.00000000    0.00000000    0.00000000    0.00000000   -0.00000000    0.00000000
   -0.01252128   -0.01391399    0.17539108   -0.04924479   -0.00000000   -0.00000000    0.00000000   -0.00000000   -0.00000000   -0.00000000   -0.00000000    0.00000000   -0.07563007    0.00000013   -0.00000000   -0.00000000   -0.00000000    0.00000000   -0.00000000    0.00000000
   -0.00000000    0.00000000   -0.00000000   -0.00000000   -0.00000000   -0.00000000    0.00000000    0.00000000   -0.07563007   -0.00000004   -0.07563007   -0.00000013    0.00000000    0.00000000    0.00000000   -0.00000000    0.00000000   -0.00000000   -0.00000000    0.00000000
    0.00000000   -0.00000000   -0.00000000   -0.00000000    0.01058659   -0.01912463    0.17031746   -0.08261009    0.00000000   -0.00000000   -0.00000000    0.00000000    0.00000000    0.00000000    0.00000000   -0.00000000    0.00000000    0.00000000   -0.04665424   -0.00000014
    0.00000000   -0.00000000    0.00000000    0.00000000    0.01058659   -0.01912463    0.17031744   -0.08261014    0.00000000   -0.00000000   -0.00000000   -0.00000000    0.00000000    0.00000000    0.00000000   -0.00000000    0.00000000   -0.00000000   -0.04665424   -0.00000012
    0.00000000   -0.00000000   -0.00000000    0.00000000    0.00000000   -0.00000000    0.00000000   -0.00000000   -0.00000000   -0.00000000   -0.00000000   -0.00000000   -0.00000000   -0.00000000   -0.04665424    0.00000014   -0.04665424    0.00000012   -0.00000000   -0.00000000
 --------------------------------
      PSI VECTORS    
 --------------------------------
   -0.00000000   -0.00000000    0.00000000    0.00000000    0.00000000   -0.00000000
    0.00000000   -0.00000000    0.00000000   -0.00000000    0.00000000   -0.00000000
    0.00000000    0.00000000    0.00000000    0.00000000    0.00000000   -0.00000000
 
 
   Z reflection matrix elements 
 --------------------------------
      ORBITALS    
 --------------------------------
    1.00000000    0.00000000   -0.00000000    0.00000000   -0.00000000    0.00000000   -0.00000000    0.00000000    0.00000000   -0.00000000   -0.00000000   -0.00000000   -0.00000000    0.00000000    0.00000000   -0.00000000    0.00000000   -0.00000000   -0.00000000    0.00000000
   -0.00000000   -0.00000000    1.00000000    0.00000000   -0.00000000    0.00000000    0.00000000    0.00000000    0.00000000   -0.00000000   -0.00000000   -0.00000000    0.00000000    0.00000000    0.00000000   -0.00000000    0.00000000    0.00000000   -0.00000000    0.00000000
    0.00000000   -0.00000000   -0.00000000   -0.00000000   -1.00000000   -0.00000000   -0.00000000   -0.00000000    0.00000000    0.00000000   -0.00000000   -0.00000000    0.00000000   -0.00000000   -0.00000000    0.00000000    0.00000000    0.00000000    0.00000000    0.00000000
   -0.00000000   -0.00000000    0.00000000   -0.00000000   -0.00000000    0.00000000   -1.00000000   -0.00000000   -0.00000000    0.00000000    0.00000000    0.00000000    0.00000000   -0.00000000   -0.00000000   -0.00000000    0.00000000   -0.00000000   -0.00000000   -0.00000000
    0.00000000    0.00000000    0.00000000    0.00000000    0.00000000   -0.00000000   -0.00000000   -0.00000000    1.00000000    0.00000000    0.00000000    0.00000000    0.00000000    0.00000000   -0.00000000   -0.00000000    0.00000000   -0.00000000   -0.00000000   -0.00000000
   -0.00000000    0.00000000   -0.00000000    0.00000000   -0.00000000    0.00000000    0.00000000   -0.00000000    0.00000000   -0.00000000    1.00000000   -0.00000000   -0.00000000    0.00000000    0.00000000    0.00000000   -0.00000000   -0.00000000   -0.00000000   -0.00000000
   -0.00000000   -0.00000000    0.00000000   -0.00000000    0.00000000    0.00000000    0.00000000    0.00000000    0.00000000   -0.00000000   -0.00000000   -0.00000000    1.00000000   -0.00000000   -0.00000000    0.00000000   -0.00000000   -0.00000000    0.00000000    0.00000000
    0.00000000    0.00000000    0.00000000    0.00000000   -0.00000000   -0.00000000   -0.00000000    0.00000000   -0.00000000    0.00000000    0.00000000   -0.00000000   -0.00000000   -0.00000000   -1.00000000    0.00000000    0.00000000    0.00000000   -0.00000000   -0.00000000
    0.00000000    0.00000000    0.00000000   -0.00000000    0.00000000   -0.00000000    0.00000000    0.00000000    0.00000000    0.00000000   -0.00000000    0.00000000   -0.00000000    0.00000000    0.00000000   -0.00000000   -1.00000000    0.00000000   -0.00000000    0.00000000
   -0.00000000   -0.00000000   -0.00000000   -0.00000000    0.00000000   -0.00000000   -0.00000000    0.00000000   -0.00000000    0.00000000   -0.00000000    0.00000000    0.00000000   -0.00000000   -0.00000000    0.00000000   -0.00000000   -0.00000000   -1.00000000    0.00000000
 --------------------------------
      PSI VECTORS    
 --------------------------------
   -1.00000000   -0.00000000    0.00000000    0.00000000    0.00000000   -0.00000000
    0.00000000   -0.00000000   -1.00000000   -0.00000000   -0.00000000    0.00000000
    0.00000000    0.00000000   -0.00000000   -0.00000000   -1.00000000   -0.00000000
 
 
   Y reflection matrix elements 
 --------------------------------
      ORBITALS    
 --------------------------------
    1.00000000    0.00000000   -0.00000000    0.00000000    0.00000000    0.00000000    0.00000000    0.00000000    0.00000000   -0.00000000   -0.00000000   -0.00000000   -0.00000000    0.00000000    0.00000000   -0.00000000    0.00000000   -0.00000000    0.00000000   -0.00000000
   -0.00000000   -0.00000000    1.00000000    0.00000000   -0.00000000   -0.00000000    0.00000000    0.00000000   -0.00000000   -0.00000000   -0.00000000    0.00000000    0.00000000    0.00000000    0.00000000    0.00000000    0.00000000    0.00000000    0.00000000    0.00000000
    0.00000000   -0.00000000   -0.00000000    0.00000000    1.00000000    0.00000000    0.00000000    0.00000000   -0.00000000    0.00000000   -0.00000000   -0.00000000    0.00000000   -0.00000000    0.00000000    0.00000000    0.00000000    0.00000000   -0.00000000   -0.00000000
    0.00000000   -0.00000000    0.00000000   -0.00000000    0.00000000   -0.00000000    1.00000000   -0.00000000    0.00000000   -0.00000000    0.00000000   -0.00000000    0.00000000   -0.00000000    0.00000000    0.00000000    0.00000000    0.00000000    0.00000000    0.00000000
    0.00000000    0.00000000   -0.00000000    0.00000000   -0.00000000   -0.00000000    0.00000000    0.00000000   -0.00000000   -0.00000000   -1.00000000   -0.00000114    0.00000000   -0.00000000    0.00000000   -0.00000000   -0.00000000   -0.00000000    0.00000000    0.00000000
   -0.00000000    0.00000000   -0.00000000   -0.00000000   -0.00000000    0.00000000    0.00000000    0.00000000   -1.00000000    0.00000114    0.00000000    0.00000000    0.00000000   -0.00000000   -0.00000000   -0.00000000    0.00000000    0.00000000    0.00000000    0.00000000
   -0.00000000   -0.00000000    0.00000000   -0.00000000    0.00000000    0.00000000    0.00000000   -0.00000000    0.00000000    0.00000000    0.00000000    0.00000000    1.00000000   -0.00000000   -0.00000000   -0.00000000   -0.00000000   -0.00000000   -0.00000000   -0.00000000
    0.00000000    0.00000000    0.00000000   -0.00000000    0.00000000   -0.00000000    0.00000000   -0.00000000    0.00000000    0.00000000   -0.00000000    0.00000000   -0.00000000    0.00000000    0.00000000   -0.00000000   -1.00000000   -0.00000025   -0.00000000    0.00000000
    0.00000000    0.00000000    0.00000000   -0.00000000    0.00000000   -0.00000000    0.00000000   -0.00000000   -0.00000000    0.00000000    0.00000000   -0.00000000   -0.00000000    0.00000000   -1.00000000    0.00000025   -0.00000000   -0.00000000   -0.00000000   -0.00000000
    0.00000000    0.00000000    0.00000000   -0.00000000   -0.00000000    0.00000000    0.00000000   -0.00000000    0.00000000   -0.00000000    0.00000000   -0.00000000   -0.00000000    0.00000000   -0.00000000   -0.00000000   -0.00000000    0.00000000    1.00000000   -0.00000000
 --------------------------------
      PSI VECTORS    
 --------------------------------
    0.88290605   -0.00000000   -0.00000000   -0.00000000   -0.32136032    0.00000030
   -0.00000000    0.00000000   -0.99746377   -0.00000000    0.00000000   -0.00000000
   -0.32136032   -0.00000030    0.00000000    0.00000000   -0.93494489   -0.00000000
 
 
   X reflection matrix elements 
 --------------------------------
      ORBITALS    
 --------------------------------
    1.00000000   -0.00000000   -0.00000000    0.00000000   -0.00000000    0.00000000    0.00000000    0.00000000   -0.00000000   -0.00000000    0.00000000    0.00000000   -0.00000000    0.00000000   -0.00000000   -0.00000000   -0.00000000   -0.00000000    0.00000000   -0.00000000
   -0.00000000   -0.00000000    1.00000000   -0.00000000   -0.00000000   -0.00000000    0.00000000    0.00000000    0.00000000   -0.00000000   -0.00000000    0.00000000    0.00000000    0.00000000   -0.00000000   -0.00000000    0.00000000    0.00000000    0.00000000    0.00000000
   -0.00000000   -0.00000000   -0.00000000    0.00000000    1.00000000   -0.00000000    0.00000000    0.00000000   -0.00000000   -0.00000000    0.00000000    0.00000000    0.00000000   -0.00000000    0.00000000    0.00000000   -0.00000000   -0.00000000   -0.00000000   -0.00000000
    0.00000000   -0.00000000    0.00000000   -0.00000000    0.00000000   -0.00000000    1.00000000    0.00000000    0.00000000   -0.00000000   -0.00000000   -0.00000000    0.00000000    0.00000000    0.00000000   -0.00000000   -0.00000000    0.00000000    0.00000000    0.00000000
   -0.00000000    0.00000000    0.00000000    0.00000000   -0.00000000    0.00000000    0.00000000    0.00000000    0.00000000    0.00000000    1.00000000    0.00000114    0.00000000   -0.00000000   -0.00000000    0.00000000    0.00000000    0.00000000    0.00000000   -0.00000000
    0.00000000   -0.00000000   -0.00000000   -0.00000000    0.00000000   -0.00000000   -0.00000000    0.00000000    1.00000000   -0.00000114   -0.00000000   -0.00000000   -0.00000000    0.00000000    0.00000000    0.00000000   -0.00000000   -0.00000000   -0.00000000    0.00000000
   -0.00000000   -0.00000000    0.00000000   -0.00000000    0.00000000    0.00000000    0.00000000    0.00000000    0.00000000    0.00000000   -0.00000000   -0.00000000    1.00000000    0.00000000    0.00000000    0.00000000    0.00000000   -0.00000000   -0.00000000   -0.00000000
   -0.00000000    0.00000000   -0.00000000    0.00000000    0.00000000   -0.00000000    0.00000000    0.00000000   -0.00000000   -0.00000000    0.00000000   -0.00000000    0.00000000   -0.00000000   -0.00000000    0.00000000    1.00000000    0.00000025    0.00000000   -0.00000000
   -0.00000000    0.00000000    0.00000000   -0.00000000   -0.00000000    0.00000000   -0.00000000   -0.00000000    0.00000000   -0.00000000   -0.00000000    0.00000000    0.00000000    0.00000000    1.00000000   -0.00000025    0.00000000    0.00000000    0.00000000    0.00000000
    0.00000000    0.00000000    0.00000000   -0.00000000   -0.00000000    0.00000000    0.00000000   -0.00000000    0.00000000    0.00000000   -0.00000000   -0.00000000   -0.00000000    0.00000000    0.00000000    0.00000000    0.00000000   -0.00000000    1.00000000    0.00000000
 --------------------------------
      PSI VECTORS    
 --------------------------------
    0.88290605   -0.00000000   -0.00000000   -0.00000000   -0.32136032    0.00000030
   -0.00000000    0.00000000   -0.99746377   -0.00000000    0.00000000   -0.00000000
   -0.32136032   -0.00000030    0.00000000    0.00000000   -0.93494489   -0.00000000
