 #KVL flux sum: time, flux integral, flux
 
    0.000000000000         0.00000000E+00      0.00000000E+00      0.00000000E+00      0.00000000E+00
    1.000000000000         0.10721916E-16     -0.66502389E-19      0.21443831E-16     -0.13300478E-18
    2.000000000000         0.19522111E-14     -0.11322004E-18      0.38829783E-14     -0.93435310E-19
    3.000000000000         0.80717841E-13     -0.13072083E-18      0.15753126E-12     -0.35001580E-19
    4.000000000000         0.41364455E-11     -0.13728822E-18      0.81114552E-11     -0.13134763E-19
    5.000000000000         0.80781695E-10     -0.14930978E-18      0.15329050E-09     -0.24043134E-19
    6.000000000000         0.80744694E-09     -0.16986516E-18      0.14533305E-08     -0.41110763E-19
    7.000000000000         0.53399735E-08     -0.21787644E-18      0.90650532E-08     -0.96022556E-19
    8.000000000000         0.25885538E-07     -0.26582069E-18      0.41091128E-07     -0.95888487E-19
    9.000000000000         0.97215231E-07     -0.27906236E-18      0.14265939E-06     -0.26483339E-19
   10.000000000000         0.29248416E-06     -0.31265572E-18      0.39053787E-06     -0.67186726E-19
   11.000000000000         0.72112726E-06     -0.35163315E-18      0.85728619E-06     -0.77954867E-19
   12.000000000000         0.14843328E-05     -0.39419797E-18      0.15264111E-05     -0.85129629E-19
   13.000000000000         0.25701852E-05     -0.43546334E-18      0.21717047E-05     -0.82530743E-19
   14.000000000000         0.38111648E-05     -0.46931607E-18      0.24819592E-05     -0.67705469E-19
   15.000000000000         0.50097656E-05     -0.53443531E-18      0.23972017E-05     -0.13023848E-18
   16.000000000000         0.60296552E-05     -0.58556215E-18      0.20397791E-05     -0.10225368E-18
   17.000000000000         0.68169569E-05     -0.63916177E-18      0.15746035E-05     -0.10719924E-18
   18.000000000000         0.73875012E-05     -0.65549574E-18      0.11410885E-05     -0.32667944E-19
   19.000000000000         0.77985522E-05     -0.69614335E-18      0.82210211E-06     -0.81295212E-19
   20.000000000000         0.81168005E-05     -0.73548468E-18      0.63649651E-06     -0.78682656E-19
   21.000000000000         0.83933084E-05     -0.75888488E-18      0.55301577E-06     -0.46800413E-19
   22.000000000000         0.86521638E-05     -0.79594285E-18      0.51771097E-06     -0.74115935E-19
   23.000000000000         0.88920726E-05     -0.84466578E-18      0.47981744E-06     -0.97445862E-19
   24.000000000000         0.90977141E-05     -0.89284819E-18      0.41128311E-06     -0.96364808E-19
   25.000000000000         0.92562501E-05     -0.90511650E-18      0.31707199E-06     -0.24536627E-19
   26.000000000000         0.93712541E-05     -0.91975020E-18      0.23000807E-06     -0.29267394E-19
   27.000000000000         0.94658871E-05     -0.95795394E-18      0.18926586E-06     -0.76407489E-19
   28.000000000000         0.95718783E-05     -0.98462913E-18      0.21198243E-06     -0.53350371E-19
   29.000000000000         0.97107636E-05     -0.10202771E-17      0.27777061E-06     -0.71295863E-19
   30.000000000000         0.98814937E-05     -0.10196807E-17      0.34146019E-06      0.11927446E-20
   31.000000000000         0.10063217E-04     -0.10483198E-17      0.36344749E-06     -0.57278141E-19
   32.000000000000         0.10230190E-04     -0.10696635E-17      0.33394446E-06     -0.42687424E-19
   33.000000000000         0.10366971E-04     -0.11035717E-17      0.27356213E-06     -0.67816410E-19
   34.000000000000         0.10473304E-04     -0.11260870E-17      0.21266612E-06     -0.45030627E-19
   35.000000000000         0.10558561E-04     -0.11615338E-17      0.17051423E-06     -0.70893544E-19
   36.000000000000         0.10632682E-04     -0.11976481E-17      0.14824218E-06     -0.72228664E-19
   37.000000000000         0.10700470E-04     -0.12328507E-17      0.13557649E-06     -0.70405142E-19
   38.000000000000         0.10761745E-04     -0.12558699E-17      0.12254980E-06     -0.46038404E-19
   39.000000000000         0.10814463E-04     -0.12830667E-17      0.10543529E-06     -0.54393639E-19
   40.000000000000         0.10858387E-04     -0.13214708E-17      0.87848160E-07     -0.76808297E-19
   41.000000000000         0.10897221E-04     -0.13363892E-17      0.77667600E-07     -0.29836750E-19
   42.000000000000         0.10937010E-04     -0.13700890E-17      0.79578559E-07     -0.67399643E-19
   43.000000000000         0.10981535E-04     -0.14101155E-17      0.89051059E-07     -0.80052886E-19
   44.000000000000         0.11028656E-04     -0.14515203E-17      0.94241961E-07     -0.82809649E-19
   45.000000000000         0.11072213E-04     -0.15033632E-17      0.87112539E-07     -0.10368589E-18
   46.000000000000         0.11107766E-04     -0.15348499E-17      0.71106010E-07     -0.62973289E-19
   47.000000000000         0.11135666E-04     -0.15677629E-17      0.55800255E-07     -0.65825944E-19
   48.000000000000         0.11159399E-04     -0.15985709E-17      0.47465488E-07     -0.61616177E-19
   49.000000000000         0.11182420E-04     -0.16409399E-17      0.46042898E-07     -0.84737967E-19
   50.000000000000         0.11206002E-04     -0.16988047E-17      0.47163378E-07     -0.11572946E-18
   51.000000000000         0.11229159E-04     -0.17322612E-17      0.46313738E-07     -0.66913099E-19
   52.000000000000         0.11250311E-04     -0.17695607E-17      0.42304047E-07     -0.74598946E-19
   53.000000000000         0.11268692E-04     -0.17912040E-17      0.36763502E-07     -0.43286595E-19
   54.000000000000         0.11284881E-04     -0.18167998E-17      0.32376745E-07     -0.51191554E-19
   55.000000000000         0.11300461E-04     -0.18257164E-17      0.31160506E-07     -0.17833318E-19
   56.000000000000         0.11316731E-04     -0.18387304E-17      0.32540362E-07     -0.26028030E-19
   57.000000000000         0.11333449E-04     -0.18556487E-17      0.33436596E-07     -0.33836637E-19
   58.000000000000         0.11348900E-04     -0.19114616E-17      0.30900840E-07     -0.11162573E-18
   59.000000000000         0.11361364E-04     -0.19352681E-17      0.24928392E-07     -0.47613016E-19
   60.000000000000         0.11370532E-04     -0.19591611E-17      0.18336118E-07     -0.47785932E-19
   61.000000000000         0.11377444E-04     -0.19773041E-17      0.13824256E-07     -0.36286112E-19
   62.000000000000         0.11383553E-04     -0.20398771E-17      0.12216762E-07     -0.12514600E-18
   63.000000000000         0.11389934E-04     -0.20856643E-17      0.12761948E-07     -0.91574412E-19
   64.000000000000         0.11396815E-04     -0.21133614E-17      0.13761862E-07     -0.55394156E-19
   65.000000000000         0.11403486E-04     -0.21422972E-17      0.13342884E-07     -0.57871547E-19
   66.000000000000         0.11408870E-04     -0.21716870E-17      0.10767084E-07     -0.58779622E-19
   67.000000000000         0.11412631E-04     -0.21962994E-17      0.75219510E-08     -0.49224801E-19
   68.000000000000         0.11415815E-04     -0.22321849E-17      0.63683348E-08     -0.71770990E-19
   69.000000000000         0.11420098E-04     -0.22722202E-17      0.85658537E-08     -0.80070679E-19
   70.000000000000         0.11426149E-04     -0.23098621E-17      0.12102265E-07     -0.75283804E-19
   71.000000000000         0.11432951E-04     -0.23504586E-17      0.13604656E-07     -0.81192937E-19
   72.000000000000         0.11438803E-04     -0.24038322E-17      0.11702876E-07     -0.10674710E-18
   73.000000000000         0.11442827E-04     -0.24582160E-17      0.80491113E-08     -0.10876766E-18
   74.000000000000         0.11445643E-04     -0.24944764E-17      0.56326816E-08     -0.72520907E-19
   75.000000000000         0.11448448E-04     -0.25074813E-17      0.56092682E-08     -0.26009729E-19
   76.000000000000         0.11451768E-04     -0.25423224E-17      0.66396074E-08     -0.69682269E-19
   77.000000000000         0.11455424E-04     -0.25790984E-17      0.73122785E-08     -0.73551872E-19
   78.000000000000         0.11459214E-04     -0.26189346E-17      0.75791719E-08     -0.79672511E-19
   79.000000000000         0.11463221E-04     -0.26563854E-17      0.80146784E-08     -0.74901489E-19
   80.000000000000         0.11467620E-04     -0.26746907E-17      0.87988773E-08     -0.36610678E-19
   81.000000000000         0.11472554E-04     -0.26735912E-17      0.98681418E-08      0.21991276E-20
   82.000000000000         0.11478064E-04     -0.26933402E-17      0.11019381E-07     -0.39498011E-19
   83.000000000000         0.11483950E-04     -0.27262083E-17      0.11771104E-07     -0.65736245E-19
   84.000000000000         0.11489824E-04     -0.27634179E-17      0.11749145E-07     -0.74419140E-19
   85.000000000000         0.11495316E-04     -0.27771146E-17      0.10983808E-07     -0.27393486E-19
   86.000000000000         0.11500273E-04     -0.27780108E-17      0.99133456E-08     -0.17924687E-20
   87.000000000000         0.11504811E-04     -0.28132501E-17      0.90771857E-08     -0.70478503E-19
   88.000000000000         0.11509126E-04     -0.28453417E-17      0.86285529E-08     -0.64183206E-19
   89.000000000000         0.11513408E-04     -0.29014512E-17      0.85636469E-08     -0.11221909E-18
   90.000000000000         0.11517879E-04     -0.29495395E-17      0.89425453E-08     -0.96176482E-19
   91.000000000000         0.11522698E-04     -0.29829149E-17      0.96392729E-08     -0.66750930E-19
   92.000000000000         0.11527727E-04     -0.30160853E-17      0.10056692E-07     -0.66340663E-19
   93.000000000000         0.11532473E-04     -0.30216310E-17      0.94922371E-08     -0.11091484E-19
   94.000000000000         0.11536426E-04     -0.30289114E-17      0.79067830E-08     -0.14560827E-19
   95.000000000000         0.11539467E-04     -0.30569242E-17      0.60816334E-08     -0.56025630E-19
   96.000000000000         0.11542048E-04     -0.30833284E-17      0.51608337E-08     -0.52808352E-19
   97.000000000000         0.11545102E-04     -0.30941447E-17      0.61092475E-08     -0.21632589E-19
   98.000000000000         0.11549697E-04     -0.31304851E-17      0.91890857E-08     -0.72680681E-19
   99.000000000000         0.11556555E-04     -0.31574189E-17      0.13715641E-07     -0.53867791E-19
  100.000000000000         0.11565698E-04     -0.32174320E-17      0.18286401E-07     -0.12002617E-18
  101.000000000000         0.11576416E-04     -0.32674085E-17      0.21435584E-07     -0.99952891E-19
  102.000000000000         0.11587579E-04     -0.32891812E-17      0.22327511E-07     -0.43545400E-19
  103.000000000000         0.11598126E-04     -0.33091028E-17      0.21092937E-07     -0.39843305E-19
  104.000000000000         0.11607505E-04     -0.33245601E-17      0.18759186E-07     -0.30914573E-19
  105.000000000000         0.11615817E-04     -0.33729953E-17      0.16623657E-07     -0.96870362E-19
  106.000000000000         0.11623440E-04     -0.34112345E-17      0.15246259E-07     -0.76478373E-19
  107.000000000000         0.11630483E-04     -0.34480619E-17      0.14084502E-07     -0.73654750E-19
  108.000000000000         0.11636651E-04     -0.34632997E-17      0.12335983E-07     -0.30475651E-19
  109.000000000000         0.11641636E-04     -0.34771736E-17      0.99704251E-08     -0.27747765E-19
  110.000000000000         0.11645576E-04     -0.35153782E-17      0.78796271E-08     -0.76409174E-19
  111.000000000000         0.11649046E-04     -0.35447583E-17      0.69413099E-08     -0.58760194E-19
  112.000000000000         0.11652550E-04     -0.35513072E-17      0.70069606E-08     -0.13097806E-19
  113.000000000000         0.11656137E-04     -0.35853338E-17      0.71751324E-08     -0.68053385E-19
  114.000000000000         0.11659612E-04     -0.36143063E-17      0.69497243E-08     -0.57944842E-19
  115.000000000000         0.11662973E-04     -0.36600218E-17      0.67214621E-08     -0.91431017E-19
  116.000000000000         0.11666533E-04     -0.36828983E-17      0.71210960E-08     -0.45753044E-19
  117.000000000000         0.11670716E-04     -0.37055454E-17      0.83657126E-08     -0.45294203E-19
  118.000000000000         0.11675881E-04     -0.37491059E-17      0.10328673E-07     -0.87121084E-19
  119.000000000000         0.11682261E-04     -0.37763828E-17      0.12759863E-07     -0.54553763E-19
  120.000000000000         0.11689896E-04     -0.38407891E-17      0.15270349E-07     -0.12881247E-18
  121.000000000000         0.11698593E-04     -0.38706250E-17      0.17393769E-07     -0.59671951E-19
  122.000000000000         0.11707934E-04     -0.38916554E-17      0.18682302E-07     -0.42060830E-19
  123.000000000000         0.11717357E-04     -0.39186192E-17      0.18846202E-07     -0.53927556E-19
  124.000000000000         0.11726301E-04     -0.39615529E-17      0.17887528E-07     -0.85867338E-19
  125.000000000000         0.11734305E-04     -0.39865177E-17      0.16009245E-07     -0.49929516E-19
  126.000000000000         0.11741070E-04     -0.40127062E-17      0.13529352E-07     -0.52377005E-19
  127.000000000000         0.11746531E-04     -0.40458908E-17      0.10922366E-07     -0.66369376E-19
  128.000000000000         0.11750915E-04     -0.40549089E-17      0.87679538E-08     -0.18036140E-19
  129.000000000000         0.11754545E-04     -0.40827872E-17      0.72590808E-08     -0.55756512E-19
  130.000000000000         0.11757578E-04     -0.41032566E-17      0.60672669E-08     -0.40938863E-19
  131.000000000000         0.11760063E-04     -0.41013102E-17      0.49689750E-08      0.38927619E-20
  132.000000000000         0.11762018E-04     -0.41201970E-17      0.39114499E-08     -0.37773524E-19
  133.000000000000         0.11763476E-04     -0.41670291E-17      0.29144269E-08     -0.93664260E-19
  134.000000000000         0.11764524E-04     -0.42137307E-17      0.20964776E-08     -0.93403192E-19
  135.000000000000         0.11765397E-04     -0.42319184E-17      0.17469755E-08     -0.36375449E-19
  136.000000000000         0.11766520E-04     -0.42783876E-17      0.22442729E-08     -0.92938253E-19
  137.000000000000         0.11768253E-04     -0.43177456E-17      0.34679140E-08     -0.78716107E-19
  138.000000000000         0.11770670E-04     -0.43317521E-17      0.48324124E-08     -0.28013026E-19
  139.000000000000         0.11773548E-04     -0.43515920E-17      0.57572256E-08     -0.39679694E-19
  140.000000000000         0.11776604E-04     -0.43886518E-17      0.61120534E-08     -0.74119565E-19
  141.000000000000         0.11779764E-04     -0.43933490E-17      0.63186226E-08     -0.93944983E-20
  142.000000000000         0.11783102E-04     -0.44184528E-17      0.66760987E-08     -0.50207611E-19
  143.000000000000         0.11786576E-04     -0.44421092E-17      0.69482000E-08     -0.47312779E-19
  144.000000000000         0.11790031E-04     -0.44662803E-17      0.69113475E-08     -0.48342204E-19
  145.000000000000         0.11793384E-04     -0.44779983E-17      0.67050145E-08     -0.23435955E-19
  146.000000000000         0.11796602E-04     -0.45165986E-17      0.64365315E-08     -0.77200611E-19
  147.000000000000         0.11799594E-04     -0.45696129E-17      0.59839432E-08     -0.10602869E-18
  148.000000000000         0.11802196E-04     -0.46005860E-17      0.52038448E-08     -0.61946205E-19
  149.000000000000         0.11804222E-04     -0.46413804E-17      0.40510192E-08     -0.81588688E-19
  150.000000000000         0.11805668E-04     -0.46639833E-17      0.28934276E-08     -0.45205847E-19
  151.000000000000         0.11806800E-04     -0.47187346E-17      0.22624025E-08     -0.10950262E-18
  152.000000000000         0.11807960E-04     -0.47591568E-17      0.23211131E-08     -0.80844375E-19
  153.000000000000         0.11809386E-04     -0.47923757E-17      0.28523249E-08     -0.66437818E-19
  154.000000000000         0.11810963E-04     -0.48545029E-17      0.31524888E-08     -0.12425439E-18
  155.000000000000         0.11812247E-04     -0.49089820E-17      0.25683802E-08     -0.10895828E-18
  156.000000000000         0.11812856E-04     -0.49284292E-17      0.12189772E-08     -0.38894307E-19
  157.000000000000         0.11812825E-04     -0.49354349E-17     -0.63153956E-10     -0.14011430E-19
  158.000000000000         0.11812663E-04     -0.49821114E-17     -0.32245056E-09     -0.93353061E-19
  159.000000000000         0.11812990E-04     -0.50132789E-17      0.65246818E-09     -0.62334979E-19
  160.000000000000         0.11814077E-04     -0.50454487E-17      0.21752965E-08     -0.64339490E-19
  161.000000000000         0.11815563E-04     -0.50920226E-17      0.29715188E-08     -0.93147955E-19
  162.000000000000         0.11816619E-04     -0.51034611E-17      0.21127707E-08     -0.22876915E-19
  163.000000000000         0.11816771E-04     -0.51170585E-17      0.30390458E-09     -0.27194855E-19
  164.000000000000         0.11816386E-04     -0.51589179E-17     -0.77011046E-09     -0.83718724E-19
  165.000000000000         0.11816253E-04     -0.51910780E-17     -0.26726802E-09     -0.64320121E-19
  166.000000000000         0.11816866E-04     -0.52508473E-17      0.12263170E-08     -0.11953865E-18
  167.000000000000         0.11818133E-04     -0.52870583E-17      0.25345881E-08     -0.72421958E-19
  168.000000000000         0.11819521E-04     -0.53159895E-17      0.27752924E-08     -0.57862407E-19
  169.000000000000         0.11820459E-04     -0.53661202E-17      0.18758591E-08     -0.10026146E-18
  170.000000000000         0.11820826E-04     -0.54000552E-17      0.73480400E-09     -0.67869920E-19
  171.000000000000         0.11821140E-04     -0.54427728E-17      0.62864414E-09     -0.85435373E-19
  172.000000000000         0.11822240E-04     -0.54821286E-17      0.21992499E-08     -0.78711525E-19
  173.000000000000         0.11824637E-04     -0.55270600E-17      0.47945754E-08     -0.89862763E-19
  174.000000000000         0.11827999E-04     -0.55421357E-17      0.67235886E-08     -0.30151409E-19
  175.000000000000         0.11831234E-04     -0.55847729E-17      0.64693392E-08     -0.85274406E-19
  176.000000000000         0.11833350E-04     -0.56228745E-17      0.42329798E-08     -0.76203181E-19
  177.000000000000         0.11834317E-04     -0.56671273E-17      0.19342985E-08     -0.88505682E-19
  178.000000000000         0.11834969E-04     -0.56901115E-17      0.13036159E-08     -0.45968421E-19
  179.000000000000         0.11836259E-04     -0.56843933E-17      0.25793117E-08      0.11436521E-19
  180.000000000000         0.11838673E-04     -0.57111926E-17      0.48284200E-08     -0.53598698E-19
  181.000000000000         0.11842088E-04     -0.57309327E-17      0.68297748E-08     -0.39480192E-19
  182.000000000000         0.11845973E-04     -0.57576755E-17      0.77698537E-08     -0.53485524E-19
  183.000000000000         0.11849653E-04     -0.57938372E-17      0.73602796E-08     -0.72323383E-19
  184.000000000000         0.11852619E-04     -0.58399506E-17      0.59325817E-08     -0.92226916E-19
  185.000000000000         0.11854812E-04     -0.58920457E-17      0.43859422E-08     -0.10419016E-18
  186.000000000000         0.11856597E-04     -0.59344248E-17      0.35684770E-08     -0.84758152E-19
  187.000000000000         0.11858397E-04     -0.59871436E-17      0.36005722E-08     -0.10543754E-18
  188.000000000000         0.11860310E-04     -0.60309039E-17      0.38272525E-08     -0.87520782E-19
  189.000000000000         0.11862102E-04     -0.60564008E-17      0.35839157E-08     -0.50993615E-19
  190.000000000000         0.11863509E-04     -0.60987963E-17      0.28127288E-08     -0.84791020E-19
  191.000000000000         0.11864474E-04     -0.61219938E-17      0.19310893E-08     -0.46395103E-19
  192.000000000000         0.11865307E-04     -0.61594746E-17      0.16652968E-08     -0.74961668E-19
  193.000000000000         0.11866705E-04     -0.62021649E-17      0.27960709E-08     -0.85380581E-19
  194.000000000000         0.11869375E-04     -0.62483978E-17      0.53402430E-08     -0.92465793E-19
  195.000000000000         0.11873408E-04     -0.62882445E-17      0.80665973E-08     -0.79693245E-19
  196.000000000000         0.11878046E-04     -0.63296690E-17      0.92753157E-08     -0.82849044E-19
  197.000000000000         0.11882081E-04     -0.63344390E-17      0.80691695E-08     -0.95399562E-20
  198.000000000000         0.11884703E-04     -0.63788096E-17      0.52449570E-08     -0.88741209E-19
  199.000000000000         0.11886200E-04     -0.64028583E-17      0.29939730E-08     -0.48097443E-19
  200.000000000000         0.11887767E-04     -0.64123953E-17      0.31340436E-08     -0.19074049E-19
  201.000000000000         0.11890683E-04     -0.64626516E-17      0.58319393E-08     -0.10051263E-18
  202.000000000000         0.11895505E-04     -0.64886294E-17      0.96428387E-08     -0.51955630E-19
  203.000000000000         0.11901732E-04     -0.64970475E-17      0.12454706E-07     -0.16836132E-19
  204.000000000000         0.11908155E-04     -0.65293935E-17      0.12845924E-07     -0.64691989E-19
  205.000000000000         0.11913610E-04     -0.65781330E-17      0.10911214E-07     -0.97479031E-19
  206.000000000000         0.11917620E-04     -0.66010776E-17      0.80187638E-08     -0.45889124E-19
  207.000000000000         0.11920465E-04     -0.66311741E-17      0.56895279E-08     -0.60193143E-19
  208.000000000000         0.11922748E-04     -0.66626111E-17      0.45668412E-08     -0.62874000E-19
  209.000000000000         0.11924900E-04     -0.66967060E-17      0.43045230E-08     -0.68189747E-19
  210.000000000000         0.11926967E-04     -0.67163624E-17      0.41336273E-08     -0.39312737E-19
  211.000000000000         0.11928756E-04     -0.67504361E-17      0.35786463E-08     -0.68147328E-19
  212.000000000000         0.11930174E-04     -0.67716871E-17      0.28341473E-08     -0.42502055E-19
  213.000000000000         0.11931457E-04     -0.68196599E-17      0.25675349E-08     -0.95945570E-19
  214.000000000000         0.11933081E-04     -0.68667176E-17      0.32481668E-08     -0.94115463E-19
  215.000000000000         0.11935387E-04     -0.69069966E-17      0.46112136E-08     -0.80558007E-19
  216.000000000000         0.11938288E-04     -0.69306737E-17      0.58011553E-08     -0.47354136E-19
  217.000000000000         0.11941327E-04     -0.69542429E-17      0.60789217E-08     -0.47138512E-19
  218.000000000000         0.11944017E-04     -0.69727004E-17      0.53789782E-08     -0.36914995E-19
  219.000000000000         0.11946181E-04     -0.69994536E-17      0.43288577E-08     -0.53506326E-19
  220.000000000000         0.11948073E-04     -0.70262631E-17      0.37844575E-08     -0.53619028E-19
  221.000000000000         0.11950220E-04     -0.70606834E-17      0.42927295E-08     -0.68840610E-19
  222.000000000000         0.11953120E-04     -0.71012137E-17      0.58010122E-08     -0.81060580E-19
  223.000000000000         0.11956976E-04     -0.71329063E-17      0.77120313E-08     -0.63385161E-19
  224.000000000000         0.11961585E-04     -0.71688112E-17      0.92175027E-08     -0.71809919E-19
  225.000000000000         0.11966456E-04     -0.72056198E-17      0.97427984E-08     -0.73617108E-19
  226.000000000000         0.11971130E-04     -0.72283193E-17      0.93473553E-08     -0.45399077E-19
  227.000000000000         0.11975339E-04     -0.72732482E-17      0.84176476E-08     -0.89857819E-19
  228.000000000000         0.11978948E-04     -0.72853036E-17      0.72182363E-08     -0.24110792E-19
  229.000000000000         0.11981964E-04     -0.73172884E-17      0.60318386E-08     -0.63969609E-19
  230.000000000000         0.11984544E-04     -0.73607743E-17      0.51600179E-08     -0.86971656E-19
  231.000000000000         0.11986877E-04     -0.73972828E-17      0.46669657E-08     -0.73017025E-19
  232.000000000000         0.11989079E-04     -0.74343913E-17      0.44025213E-08     -0.74217080E-19
  233.000000000000         0.11991151E-04     -0.74589276E-17      0.41450241E-08     -0.49072518E-19
  234.000000000000         0.11993036E-04     -0.74988623E-17      0.37691308E-08     -0.79869520E-19
  235.000000000000         0.11994720E-04     -0.75433070E-17      0.33696204E-08     -0.88889252E-19
  236.000000000000         0.11996307E-04     -0.75617218E-17      0.31723629E-08     -0.36829767E-19
  237.000000000000         0.11997923E-04     -0.76036389E-17      0.32320925E-08     -0.83834083E-19
  238.000000000000         0.11999596E-04     -0.76270373E-17      0.33476518E-08     -0.46796914E-19
  239.000000000000         0.12001294E-04     -0.76485192E-17      0.33954400E-08     -0.42963654E-19
  240.000000000000         0.12002969E-04     -0.76838917E-17      0.33489690E-08     -0.70745087E-19
  241.000000000000         0.12004526E-04     -0.77125478E-17      0.31152822E-08     -0.57312252E-19
  242.000000000000         0.12005933E-04     -0.77489609E-17      0.28134435E-08     -0.72826032E-19
  243.000000000000         0.12007331E-04     -0.77836312E-17      0.27957880E-08     -0.69340639E-19
  244.000000000000         0.12008924E-04     -0.78278472E-17      0.31854685E-08     -0.88431973E-19
  245.000000000000         0.12010843E-04     -0.78812047E-17      0.38392344E-08     -0.10671517E-18
  246.000000000000         0.12013103E-04     -0.79095558E-17      0.45188312E-08     -0.56702141E-19
  247.000000000000         0.12015509E-04     -0.79477489E-17      0.48117319E-08     -0.76386234E-19
  248.000000000000         0.12017757E-04     -0.79900754E-17      0.44960848E-08     -0.84652935E-19
  249.000000000000         0.12019678E-04     -0.80285721E-17      0.38422012E-08     -0.76993484E-19
  250.000000000000         0.12021332E-04     -0.80756733E-17      0.33082012E-08     -0.94202279E-19
  251.000000000000         0.12022931E-04     -0.81087492E-17      0.31975082E-08     -0.66151903E-19
  252.000000000000         0.12024656E-04     -0.81471136E-17      0.34505681E-08     -0.76728649E-19
  253.000000000000         0.12026554E-04     -0.82021009E-17      0.37964321E-08     -0.10997470E-18
  254.000000000000         0.12028526E-04     -0.82471368E-17      0.39444109E-08     -0.90071743E-19
  255.000000000000         0.12030434E-04     -0.82514883E-17      0.38163699E-08     -0.87029821E-20
  256.000000000000         0.12032182E-04     -0.82788898E-17      0.34957042E-08     -0.54802973E-19
  257.000000000000         0.12033623E-04     -0.83285663E-17      0.28814853E-08     -0.99352990E-19
  258.000000000000         0.12034646E-04     -0.83322736E-17      0.20468979E-08     -0.74146889E-20
  259.000000000000         0.12035360E-04     -0.83320111E-17      0.14274968E-08      0.52495543E-21
  260.000000000000         0.12036007E-04     -0.83709725E-17      0.12928911E-08     -0.77922712E-19
  261.000000000000         0.12036769E-04     -0.84316895E-17      0.15252923E-08     -0.12143405E-18
  262.000000000000         0.12037707E-04     -0.84583902E-17      0.18760494E-08     -0.53401449E-19
  263.000000000000         0.12038806E-04     -0.84855901E-17      0.21977105E-08     -0.54399730E-19
  264.000000000000         0.12039965E-04     -0.85259240E-17      0.23177491E-08     -0.80667850E-19
  265.000000000000         0.12040973E-04     -0.85460143E-17      0.20161509E-08     -0.40180619E-19
  266.000000000000         0.12041641E-04     -0.85871316E-17      0.13362456E-08     -0.82234540E-19
  267.000000000000         0.12041993E-04     -0.86127169E-17      0.70374062E-09     -0.51170651E-19
  268.000000000000         0.12042266E-04     -0.86672399E-17      0.54515970E-09     -0.10904603E-18
  269.000000000000         0.12042647E-04     -0.87032256E-17      0.76274796E-09     -0.71971253E-19
  270.000000000000         0.12043085E-04     -0.87566857E-17      0.87510121E-09     -0.10692031E-18
  271.000000000000         0.12043400E-04     -0.87862825E-17      0.63148090E-09     -0.59193672E-19
  272.000000000000         0.12043526E-04     -0.88566421E-17      0.25062745E-09     -0.14071910E-18
  273.000000000000         0.12043510E-04     -0.89014941E-17     -0.31050524E-10     -0.89704046E-19
  274.000000000000         0.12043414E-04     -0.89424049E-17     -0.19308856E-09     -0.81821490E-19
  275.000000000000         0.12043366E-04     -0.89981698E-17     -0.94596826E-10     -0.11152990E-18
  276.000000000000         0.12043554E-04     -0.90168501E-17      0.37549453E-09     -0.37360595E-19
  277.000000000000         0.12044099E-04     -0.90428732E-17      0.10902271E-08     -0.52046083E-19
  278.000000000000         0.12044977E-04     -0.90730470E-17      0.17558394E-08     -0.60347640E-19
  279.000000000000         0.12045932E-04     -0.90837664E-17      0.19102211E-08     -0.21438792E-19
  280.000000000000         0.12046615E-04     -0.91211012E-17      0.13655509E-08     -0.74669634E-19
  281.000000000000         0.12046818E-04     -0.91426888E-17      0.40637172E-09     -0.43175167E-19
  282.000000000000         0.12046599E-04     -0.91997009E-17     -0.43814141E-09     -0.11402421E-18
  283.000000000000         0.12046264E-04     -0.92527208E-17     -0.67085548E-09     -0.10603993E-18
  284.000000000000         0.12046160E-04     -0.92708948E-17     -0.20660530E-09     -0.36347840E-19
  285.000000000000         0.12046493E-04     -0.93088337E-17      0.66499998E-09     -0.75877780E-19
  286.000000000000         0.12047232E-04     -0.93411336E-17      0.14783747E-08     -0.64599855E-19
  287.000000000000         0.12048143E-04     -0.93835128E-17      0.18222623E-08     -0.84758534E-19
  288.000000000000         0.12048973E-04     -0.94424554E-17      0.16605420E-08     -0.11788508E-18
  289.000000000000         0.12049608E-04     -0.94839223E-17      0.12687905E-08     -0.82933852E-19
  290.000000000000         0.12050074E-04     -0.95096025E-17      0.93181306E-09     -0.51360313E-19
  291.000000000000         0.12050462E-04     -0.95599258E-17      0.77649530E-09     -0.10064671E-18
  292.000000000000         0.12050818E-04     -0.95801820E-17      0.71292974E-09     -0.40512422E-19
  293.000000000000         0.12051118E-04     -0.95997236E-17      0.59822392E-09     -0.39083068E-19
  294.000000000000         0.12051355E-04     -0.96262792E-17      0.47515866E-09     -0.53111266E-19
  295.000000000000         0.12051572E-04     -0.96448878E-17      0.43341238E-09     -0.37217161E-19
  296.000000000000         0.12051794E-04     -0.96745408E-17      0.44416541E-09     -0.59306080E-19
  297.000000000000         0.12052029E-04     -0.97202766E-17      0.46982420E-09     -0.91471652E-19
  298.000000000000         0.12052303E-04     -0.97391583E-17      0.54774729E-09     -0.37763240E-19
  299.000000000000         0.12052694E-04     -0.97888928E-17      0.78212400E-09     -0.99469152E-19
  300.000000000000         0.12053286E-04     -0.98186583E-17      0.11844486E-08     -0.59530931E-19
  301.000000000000         0.12054063E-04     -0.98530943E-17      0.15549103E-08     -0.68871927E-19
  302.000000000000         0.12054878E-04     -0.98661247E-17      0.16283014E-08     -0.26060823E-19
  303.000000000000         0.12055531E-04     -0.99077464E-17      0.13076891E-08     -0.83243392E-19
  304.000000000000         0.12055968E-04     -0.99221805E-17      0.87370702E-09     -0.28868290E-19
  305.000000000000         0.12056413E-04     -0.99732020E-17      0.89011967E-09     -0.10204306E-18
  306.000000000000         0.12057265E-04     -0.99950051E-17      0.17032314E-08     -0.43606109E-19
  307.000000000000         0.12058797E-04     -0.10017912E-16      0.30641066E-08     -0.45813209E-19
  308.000000000000         0.12060915E-04     -0.10042639E-16      0.42349272E-08     -0.49455113E-19
  309.000000000000         0.12063203E-04     -0.10044010E-16      0.45760020E-08     -0.27418450E-20
  310.000000000000         0.12065216E-04     -0.10062477E-16      0.40273422E-08     -0.36933791E-19
  311.000000000000         0.12066755E-04     -0.10062523E-16      0.30767499E-08     -0.91601462E-22
  312.000000000000         0.12067946E-04     -0.10102916E-16      0.23832707E-08     -0.80785441E-19
  313.000000000000         0.12069095E-04     -0.10136888E-16      0.22969783E-08     -0.67945742E-19
  314.000000000000         0.12070402E-04     -0.10144161E-16      0.26150159E-08     -0.14544308E-19
  315.000000000000         0.12071818E-04     -0.10180671E-16      0.28313647E-08     -0.73021034E-19
  316.000000000000         0.12073145E-04     -0.10234680E-16      0.26533969E-08     -0.10801866E-18
  317.000000000000         0.12074263E-04     -0.10255359E-16      0.22371030E-08     -0.41356313E-19
  318.000000000000         0.12075242E-04     -0.10288273E-16      0.19587157E-08     -0.65828142E-19
  319.000000000000         0.12076259E-04     -0.10309443E-16      0.20325402E-08     -0.42339599E-19
  320.000000000000         0.12077447E-04     -0.10365913E-16      0.23761571E-08     -0.11294074E-18
  321.000000000000         0.12078826E-04     -0.10374017E-16      0.27586239E-08     -0.16208315E-19
  322.000000000000         0.12080303E-04     -0.10405187E-16      0.29532988E-08     -0.62340792E-19
  323.000000000000         0.12081730E-04     -0.10442191E-16      0.28546742E-08     -0.74007502E-19
  324.000000000000         0.12083021E-04     -0.10451268E-16      0.25808922E-08     -0.18153046E-19
  325.000000000000         0.12084217E-04     -0.10469610E-16      0.23936826E-08     -0.36684540E-19
  326.000000000000         0.12085459E-04     -0.10476641E-16      0.24836844E-08     -0.14062894E-19
  327.000000000000         0.12086901E-04     -0.10500246E-16      0.28837409E-08     -0.47208858E-19
  328.000000000000         0.12088653E-04     -0.10497556E-16      0.35041999E-08      0.53802710E-20
  329.000000000000         0.12090745E-04     -0.10526291E-16      0.41830259E-08     -0.57471317E-19
  330.000000000000         0.12093094E-04     -0.10553167E-16      0.46983170E-08     -0.53751204E-19
  331.000000000000         0.12095510E-04     -0.10592817E-16      0.48322117E-08     -0.79300300E-19
  332.000000000000         0.12097803E-04     -0.10618543E-16      0.45850407E-08     -0.51451437E-19
  333.000000000000         0.12099886E-04     -0.10647967E-16      0.41665572E-08     -0.58848122E-19
  334.000000000000         0.12101802E-04     -0.10702235E-16      0.38324767E-08     -0.10853668E-18
  335.000000000000         0.12103698E-04     -0.10735573E-16      0.37912780E-08     -0.66676062E-19
  336.000000000000         0.12105714E-04     -0.10787959E-16      0.40322097E-08     -0.10477216E-18
  337.000000000000         0.12107849E-04     -0.10824434E-16      0.42700395E-08     -0.72949617E-19
  338.000000000000         0.12109944E-04     -0.10845890E-16      0.41899580E-08     -0.42910764E-19
  339.000000000000         0.12111795E-04     -0.10873434E-16      0.37032351E-08     -0.55089047E-19
  340.000000000000         0.12113291E-04     -0.10920283E-16      0.29917009E-08     -0.93697695E-19
  341.000000000000         0.12114491E-04     -0.10970749E-16      0.24000511E-08     -0.10093190E-18
  342.000000000000         0.12115587E-04     -0.11002801E-16      0.21906496E-08     -0.64105169E-19
  343.000000000000         0.12116748E-04     -0.11023612E-16      0.23218890E-08     -0.41620898E-19
  344.000000000000         0.12118026E-04     -0.11087522E-16      0.25578013E-08     -0.12781960E-18
  345.000000000000         0.12119380E-04     -0.11086868E-16      0.27078813E-08      0.13081034E-20
  346.000000000000         0.12120721E-04     -0.11132004E-16      0.26804082E-08     -0.90272060E-19
  347.000000000000         0.12121939E-04     -0.11163748E-16      0.24362000E-08     -0.63489274E-19
  348.000000000000         0.12122984E-04     -0.11214110E-16      0.20914539E-08     -0.10072350E-18
  349.000000000000         0.12123932E-04     -0.11243862E-16      0.18950647E-08     -0.59503416E-19
  350.000000000000         0.12124902E-04     -0.11276067E-16      0.19392403E-08     -0.64410883E-19
  351.000000000000         0.12125974E-04     -0.11323327E-16      0.21447925E-08     -0.94520477E-19
  352.000000000000         0.12127147E-04     -0.11367876E-16      0.23452669E-08     -0.89096789E-19
  353.000000000000         0.12128331E-04     -0.11386435E-16      0.23680263E-08     -0.37118620E-19
  354.000000000000         0.12129456E-04     -0.11400368E-16      0.22516371E-08     -0.27866040E-19
  355.000000000000         0.12130500E-04     -0.11443918E-16      0.20874987E-08     -0.87099529E-19
  356.000000000000         0.12131412E-04     -0.11483293E-16      0.18241385E-08     -0.78750524E-19
  357.000000000000         0.12132173E-04     -0.11503114E-16      0.15217294E-08     -0.39641505E-19
  358.000000000000         0.12132894E-04     -0.11510516E-16      0.14412475E-08     -0.14804293E-19
  359.000000000000         0.12133766E-04     -0.11533021E-16      0.17451680E-08     -0.45009463E-19
  360.000000000000         0.12134900E-04     -0.11569509E-16      0.22663924E-08     -0.72977157E-19
  361.000000000000         0.12136230E-04     -0.11614796E-16      0.26609370E-08     -0.90573828E-19
  362.000000000000         0.12137551E-04     -0.11648810E-16      0.26412399E-08     -0.68028260E-19
  363.000000000000         0.12138598E-04     -0.11695340E-16      0.20955766E-08     -0.93059214E-19
  364.000000000000         0.12139216E-04     -0.11740716E-16      0.12350750E-08     -0.90752690E-19
  365.000000000000         0.12139445E-04     -0.11780352E-16      0.45817675E-09     -0.79270479E-19
  366.000000000000         0.12139484E-04     -0.11805258E-16      0.77501739E-10     -0.49813683E-19
  367.000000000000         0.12139628E-04     -0.11839413E-16      0.28765023E-09     -0.68308459E-19
  368.000000000000         0.12140120E-04     -0.11860946E-16      0.98522338E-09     -0.43066919E-19
  369.000000000000         0.12140904E-04     -0.11910729E-16      0.15678935E-08     -0.99565098E-19
  370.000000000000         0.12141651E-04     -0.11955379E-16      0.14933087E-08     -0.89301123E-19
  371.000000000000         0.12142077E-04     -0.11971026E-16      0.85230500E-09     -0.31293353E-19
  372.000000000000         0.12142160E-04     -0.12031238E-16      0.16562795E-09     -0.12042352E-18
  373.000000000000         0.12142146E-04     -0.12063970E-16     -0.27476408E-10     -0.65464857E-19
  374.000000000000         0.12142319E-04     -0.12105470E-16      0.34587006E-09     -0.82999115E-19
  375.000000000000         0.12142725E-04     -0.12152734E-16      0.81248685E-09     -0.94528737E-19
  376.000000000000         0.12143165E-04     -0.12193965E-16      0.87992047E-09     -0.82462398E-19
  377.000000000000         0.12143383E-04     -0.12219379E-16      0.43604158E-09     -0.50826717E-19
  378.000000000000         0.12143289E-04     -0.12236460E-16     -0.18858745E-09     -0.34162510E-19
  379.000000000000         0.12143050E-04     -0.12291588E-16     -0.47878143E-09     -0.11025632E-18
  380.000000000000         0.12143012E-04     -0.12341415E-16     -0.74248021E-10     -0.99653705E-19
  381.000000000000         0.12143460E-04     -0.12339288E-16      0.89455843E-09      0.42530715E-20
  382.000000000000         0.12144323E-04     -0.12393912E-16      0.17264578E-08     -0.10924783E-18
  383.000000000000         0.12145205E-04     -0.12442689E-16      0.17648554E-08     -0.97553329E-19
  384.000000000000         0.12145698E-04     -0.12480240E-16      0.98516985E-09     -0.75101472E-19
  385.000000000000         0.12145682E-04     -0.12543371E-16     -0.32803535E-10     -0.12626189E-18
  386.000000000000         0.12145429E-04     -0.12567079E-16     -0.50482008E-09     -0.47417710E-19
  387.000000000000         0.12145403E-04     -0.12617168E-16     -0.52532244E-10     -0.10017793E-18
  388.000000000000         0.12145884E-04     -0.12654396E-16      0.96290843E-09     -0.74454842E-19
  389.000000000000         0.12146795E-04     -0.12685291E-16      0.18205451E-08     -0.61789322E-19
  390.000000000000         0.12147800E-04     -0.12715035E-16      0.20104641E-08     -0.59489029E-19
  391.000000000000         0.12148553E-04     -0.12727708E-16      0.15064415E-08     -0.25346127E-19
  392.000000000000         0.12148923E-04     -0.12755649E-16      0.74020091E-09     -0.55882748E-19
  393.000000000000         0.12149037E-04     -0.12776345E-16      0.22735220E-09     -0.41390675E-19
  394.000000000000         0.12149095E-04     -0.12811373E-16      0.11675688E-09     -0.70055839E-19
  395.000000000000         0.12149189E-04     -0.12828858E-16      0.18791552E-09     -0.34969949E-19
  396.000000000000         0.12149267E-04     -0.12872014E-16      0.15532824E-09     -0.86312245E-19
  397.000000000000         0.12149243E-04     -0.12920523E-16     -0.47907149E-10     -0.97019160E-19
  398.000000000000         0.12149105E-04     -0.12967226E-16     -0.27554250E-09     -0.93405117E-19
  399.000000000000         0.12148957E-04     -0.12994256E-16     -0.29689354E-09     -0.54060910E-19
  400.000000000000         0.12149004E-04     -0.13058057E-16      0.94668063E-10     -0.12760062E-18
  401.000000000000         0.12149407E-04     -0.13065656E-16      0.80675571E-09     -0.15198480E-19
  402.000000000000         0.12150159E-04     -0.13095087E-16      0.15027809E-08     -0.58862330E-19
  403.000000000000         0.12151083E-04     -0.13144948E-16      0.18482251E-08     -0.99720738E-19
  404.000000000000         0.12151918E-04     -0.13152286E-16      0.16697807E-08     -0.14677005E-19
  405.000000000000         0.12152501E-04     -0.13166521E-16      0.11673277E-08     -0.28469656E-19
  406.000000000000         0.12152874E-04     -0.13201447E-16      0.74592809E-09     -0.69851469E-19
  407.000000000000         0.12153204E-04     -0.13240545E-16      0.65950859E-09     -0.78196409E-19
  408.000000000000         0.12153704E-04     -0.13286769E-16      0.99990733E-09     -0.92449080E-19
  409.000000000000         0.12154580E-04     -0.13297237E-16      0.17526587E-08     -0.20934729E-19
  410.000000000000         0.12155927E-04     -0.13332050E-16      0.26926193E-08     -0.69626438E-19
  411.000000000000         0.12157621E-04     -0.13352194E-16      0.33880486E-08     -0.40287997E-19
  412.000000000000         0.12159364E-04     -0.13389979E-16      0.34874147E-08     -0.75569373E-19
  413.000000000000         0.12160869E-04     -0.13447113E-16      0.30093186E-08     -0.11426921E-18
  414.000000000000         0.12162029E-04     -0.13477826E-16      0.23192211E-08     -0.61425659E-19
  415.000000000000         0.12162955E-04     -0.13523643E-16      0.18528344E-08     -0.91634682E-19
  416.000000000000         0.12163876E-04     -0.13575849E-16      0.18408839E-08     -0.10441089E-18
  417.000000000000         0.12164958E-04     -0.13621325E-16      0.21657675E-08     -0.90951837E-19
  418.000000000000         0.12166212E-04     -0.13620017E-16      0.25063945E-08      0.26152987E-20
  419.000000000000         0.12167522E-04     -0.13638379E-16      0.26207272E-08     -0.36724751E-19
  420.000000000000         0.12168764E-04     -0.13670487E-16      0.24840146E-08     -0.64214301E-19
  421.000000000000         0.12169901E-04     -0.13682241E-16      0.22738781E-08     -0.23509000E-19
  422.000000000000         0.12170994E-04     -0.13696926E-16      0.21852339E-08     -0.29369046E-19
  423.000000000000         0.12172098E-04     -0.13732960E-16      0.22094772E-08     -0.72069171E-19
  424.000000000000         0.12173211E-04     -0.13776470E-16      0.22262942E-08     -0.87020110E-19
  425.000000000000         0.12174309E-04     -0.13793597E-16      0.21954294E-08     -0.34254277E-19
  426.000000000000         0.12175395E-04     -0.13833064E-16      0.21709726E-08     -0.78933334E-19
  427.000000000000         0.12176527E-04     -0.13877095E-16      0.22654376E-08     -0.88061314E-19
  428.000000000000         0.12177789E-04     -0.13902903E-16      0.25241638E-08     -0.51617456E-19
  429.000000000000         0.12179213E-04     -0.13928762E-16      0.28465384E-08     -0.51717983E-19
  430.000000000000         0.12180769E-04     -0.13944617E-16      0.31118802E-08     -0.31708497E-19
  431.000000000000         0.12182403E-04     -0.13959157E-16      0.32688822E-08     -0.29080655E-19
  432.000000000000         0.12184057E-04     -0.13984097E-16      0.33073117E-08     -0.49879375E-19
  433.000000000000         0.12185684E-04     -0.14018176E-16      0.32541289E-08     -0.68159329E-19
  434.000000000000         0.12187260E-04     -0.14058711E-16      0.31513916E-08     -0.81069967E-19
  435.000000000000         0.12188772E-04     -0.14104746E-16      0.30251384E-08     -0.92068579E-19
  436.000000000000         0.12190222E-04     -0.14142801E-16      0.28992162E-08     -0.76111681E-19
  437.000000000000         0.12191621E-04     -0.14172413E-16      0.27992473E-08     -0.59222521E-19
  438.000000000000         0.12192990E-04     -0.14190523E-16      0.27381081E-08     -0.36220713E-19
  439.000000000000         0.12194360E-04     -0.14224466E-16      0.27390969E-08     -0.67885584E-19
  440.000000000000         0.12195761E-04     -0.14262040E-16      0.28020124E-08     -0.75147915E-19
  441.000000000000         0.12197193E-04     -0.14285647E-16      0.28650540E-08     -0.47215250E-19
  442.000000000000         0.12198618E-04     -0.14347976E-16      0.28494554E-08     -0.12465660E-18
  443.000000000000         0.12199979E-04     -0.14373117E-16      0.27218863E-08     -0.50283341E-19
  444.000000000000         0.12201239E-04     -0.14397678E-16      0.25201505E-08     -0.49120587E-19
  445.000000000000         0.12202386E-04     -0.14453706E-16      0.22926344E-08     -0.11205569E-18
  446.000000000000         0.12203421E-04     -0.14480133E-16      0.20706622E-08     -0.52855381E-19
  447.000000000000         0.12204362E-04     -0.14525142E-16      0.18829449E-08     -0.90016844E-19
  448.000000000000         0.12205220E-04     -0.14532988E-16      0.17151343E-08     -0.15692098E-19
  449.000000000000         0.12206007E-04     -0.14573978E-16      0.15733628E-08     -0.81979911E-19
  450.000000000000         0.12206756E-04     -0.14629316E-16      0.14981462E-08     -0.11067732E-18
  451.000000000000         0.12207488E-04     -0.14670931E-16      0.14646413E-08     -0.83229083E-19
  452.000000000000         0.12208212E-04     -0.14694843E-16      0.14474925E-08     -0.47823478E-19
  453.000000000000         0.12208932E-04     -0.14753002E-16      0.14402639E-08     -0.11631881E-18
  454.000000000000         0.12209648E-04     -0.14801771E-16      0.14323663E-08     -0.97536921E-19
  455.000000000000         0.12210349E-04     -0.14821991E-16      0.14012210E-08     -0.40441918E-19
  456.000000000000         0.12210991E-04     -0.14849107E-16      0.12855410E-08     -0.54231965E-19
  457.000000000000         0.12211562E-04     -0.14900953E-16      0.11418195E-08     -0.10369187E-18
  458.000000000000         0.12212144E-04     -0.14951663E-16      0.11636737E-08     -0.10141927E-18
  459.000000000000         0.12212859E-04     -0.14973851E-16      0.14296434E-08     -0.44375371E-19
  460.000000000000         0.12213739E-04     -0.15017376E-16      0.17595880E-08     -0.87049859E-19
  461.000000000000         0.12214656E-04     -0.15062833E-16      0.18343633E-08     -0.90915232E-19
  462.000000000000         0.12215408E-04     -0.15092539E-16      0.15032428E-08     -0.59411808E-19
  463.000000000000         0.12215891E-04     -0.15122143E-16      0.96720895E-09     -0.59208149E-19
  464.000000000000         0.12216185E-04     -0.15144410E-16      0.58814530E-09     -0.44534028E-19
  465.000000000000         0.12216472E-04     -0.15201412E-16      0.57434865E-09     -0.11400333E-18
  466.000000000000         0.12216920E-04     -0.15237531E-16      0.89496163E-09     -0.72237794E-19
  467.000000000000         0.12217564E-04     -0.15293574E-16      0.12872889E-08     -0.11208735E-18
  468.000000000000         0.12218265E-04     -0.15302933E-16      0.14035184E-08     -0.18717205E-19
  469.000000000000         0.12218803E-04     -0.15351032E-16      0.10748575E-08     -0.96197977E-19
  470.000000000000         0.12219034E-04     -0.15366731E-16      0.46326921E-09     -0.31398353E-19
  471.000000000000         0.12219045E-04     -0.15421484E-16      0.21020535E-10     -0.10950644E-18
  472.000000000000         0.12219090E-04     -0.15478232E-16      0.90296066E-10     -0.11349532E-18
  473.000000000000         0.12219371E-04     -0.15511907E-16      0.56230268E-09     -0.67349967E-19
  474.000000000000         0.12219872E-04     -0.15553618E-16      0.10016046E-08     -0.83422072E-19
  475.000000000000         0.12220371E-04     -0.15597673E-16      0.99785458E-09     -0.88109502E-19
  476.000000000000         0.12220643E-04     -0.15644195E-16      0.54411126E-09     -0.93044665E-19
  477.000000000000         0.12220662E-04     -0.15683973E-16      0.38238636E-10     -0.79555215E-19
  478.000000000000         0.12220595E-04     -0.15685682E-16     -0.13351089E-09     -0.34185869E-20
  479.000000000000         0.12220653E-04     -0.15724369E-16      0.11560249E-09     -0.77372987E-19
  480.000000000000         0.12220887E-04     -0.15746886E-16      0.46739037E-09     -0.45033892E-19
  481.000000000000         0.12221131E-04     -0.15760797E-16      0.48763126E-09     -0.27823450E-19
  482.000000000000         0.12221190E-04     -0.15794565E-16      0.11842112E-09     -0.67534998E-19
  483.000000000000         0.12221045E-04     -0.15816723E-16     -0.29064093E-09     -0.44316554E-19
  484.000000000000         0.12220896E-04     -0.15826580E-16     -0.29779168E-09     -0.19714454E-19
  485.000000000000         0.12221032E-04     -0.15857540E-16      0.27199486E-09     -0.61920243E-19
  486.000000000000         0.12221612E-04     -0.15860943E-16      0.11598730E-08     -0.68043820E-20
  487.000000000000         0.12222514E-04     -0.15899299E-16      0.18042461E-08     -0.76713091E-19
  488.000000000000         0.12223382E-04     -0.15909633E-16      0.17367154E-08     -0.20667410E-19
  489.000000000000         0.12223866E-04     -0.15946318E-16      0.96693066E-09     -0.73369480E-19
  490.000000000000         0.12223882E-04     -0.15971558E-16      0.32280203E-10     -0.50480812E-19
  491.000000000000         0.12223687E-04     -0.15991144E-16     -0.38882352E-09     -0.39171739E-19
  492.000000000000         0.12223703E-04     -0.16048653E-16      0.30482217E-10     -0.11501834E-18
  493.000000000000         0.12224207E-04     -0.16078268E-16      0.10081670E-08     -0.59229753E-19
  494.000000000000         0.12225125E-04     -0.16125967E-16      0.18372040E-08     -0.95398512E-19
  495.000000000000         0.12226137E-04     -0.16171112E-16      0.20245406E-08     -0.90289579E-19
  496.000000000000         0.12226928E-04     -0.16212320E-16      0.15807094E-08     -0.82416548E-19
  497.000000000000         0.12227341E-04     -0.16246081E-16      0.82612493E-09     -0.67521599E-19
  498.000000000000         0.12227457E-04     -0.16273712E-16      0.23234527E-09     -0.55261998E-19
  499.000000000000         0.12227512E-04     -0.16306706E-16      0.11007686E-09     -0.65987125E-19
  500.000000000000         0.12227705E-04     -0.16316172E-16      0.38487025E-09     -0.18931801E-19
