 #KVL flux sum: time, flux integral, flux
 
    0.000000000000         0.75533270E-13     -0.33112035E-19      0.15106654E-12     -0.66224070E-19
    1.000000000000         0.15107762E-12     -0.47001133E-19      0.15108870E-12     -0.27778195E-19
    2.000000000000         0.22820313E-12     -0.51415024E-19      0.15425101E-12     -0.88277832E-20
    3.000000000000         0.37937094E-12     -0.42625529E-19      0.30233563E-12      0.17578991E-19
    4.000000000000         0.37304708E-11     -0.11010382E-19      0.67021998E-11      0.63230294E-19
    5.000000000000         0.79120055E-10     -0.28609721E-20      0.15077917E-09      0.16298820E-19
    6.000000000000         0.93555489E-09     -0.51990442E-20      0.17128697E-08     -0.46761442E-20
    7.000000000000         0.69169520E-08     -0.75818309E-21      0.11962794E-07      0.88817222E-20
    8.000000000000         0.35730123E-07      0.10278474E-20      0.57626343E-07      0.35720609E-20
    9.000000000000         0.13837156E-06      0.30030887E-19      0.20528288E-06      0.58006078E-19
   10.000000000000         0.42085184E-06      0.36286488E-19      0.56496055E-06      0.12511204E-19
   11.000000000000         0.10366349E-05      0.19339470E-19      0.12315661E-05     -0.33894037E-19
   12.000000000000         0.21141280E-05      0.27429570E-19      0.21549862E-05      0.16180201E-19
   13.000000000000         0.36151612E-05      0.35092057E-19      0.30020663E-05      0.15324972E-19
   14.000000000000         0.52175330E-05      0.46195891E-19      0.32047438E-05      0.22207669E-19
   15.000000000000         0.66321743E-05      0.77905480E-19      0.28292826E-05      0.63419178E-19
   16.000000000000         0.77567699E-05      0.75781384E-19      0.22491912E-05     -0.42481928E-20
   17.000000000000         0.86080176E-05      0.47584767E-19      0.17024954E-05     -0.56393233E-19
   18.000000000000         0.92422128E-05      0.29659280E-19      0.12683905E-05     -0.35850974E-19
   19.000000000000         0.97159693E-05     -0.20860372E-20      0.94751281E-06     -0.63490635E-19
   20.000000000000         0.10073586E-04      0.21672005E-20      0.71523302E-06      0.85064754E-20
   21.000000000000         0.10346416E-04      0.24619646E-19      0.54565960E-06      0.44904892E-19
   22.000000000000         0.10556483E-04      0.37162776E-19      0.42013570E-06      0.25086259E-19
   23.000000000000         0.10720259E-04      0.16600448E-19      0.32755165E-06     -0.41124657E-19
   24.000000000000         0.10850408E-04      0.26605784E-19      0.26029822E-06      0.20010673E-19
   25.000000000000         0.10955999E-04      0.36812900E-19      0.21118152E-06      0.20414231E-19
   26.000000000000         0.11043116E-04      0.39366960E-19      0.17423329E-06      0.51081209E-20
   27.000000000000         0.11116385E-04      0.28062518E-19      0.14653867E-06     -0.22608884E-19
   28.000000000000         0.11179591E-04      0.26710184E-19      0.12641136E-06     -0.27046682E-20
   29.000000000000         0.11234989E-04      0.76950585E-20      0.11079594E-06     -0.38030251E-19
   30.000000000000         0.11283139E-04      0.18962060E-19      0.96300916E-07      0.22534003E-19
   31.000000000000         0.11324267E-04      0.19078138E-19      0.82256541E-07      0.23215706E-21
   32.000000000000         0.11359663E-04      0.20890083E-19      0.70791194E-07      0.36238887E-20
   33.000000000000         0.11391209E-04      0.40331439E-20      0.63091544E-07     -0.33713878E-19
   34.000000000000         0.11419945E-04     -0.12254328E-19      0.57472407E-07     -0.32574945E-19
   35.000000000000         0.11445814E-04     -0.18133073E-19      0.51737582E-07     -0.11757490E-19
   36.000000000000         0.11468528E-04     -0.17019156E-19      0.45427997E-07      0.22278337E-20
   37.000000000000         0.11488040E-04     -0.14883281E-19      0.39024805E-07      0.42717505E-20
   38.000000000000         0.11504330E-04     -0.35898338E-19      0.32580197E-07     -0.42030114E-19
   39.000000000000         0.11517584E-04     -0.63824168E-19      0.26507055E-07     -0.55851660E-19
   40.000000000000         0.11528718E-04     -0.58282451E-19      0.22268251E-07      0.11083435E-19
   41.000000000000         0.11539113E-04     -0.75737454E-19      0.20790050E-07     -0.34910006E-19
   42.000000000000         0.11549699E-04     -0.64788419E-19      0.21172463E-07      0.21898069E-19
   43.000000000000         0.11560510E-04     -0.74335560E-19      0.21621499E-07     -0.19094283E-19
   44.000000000000         0.11571158E-04     -0.66511366E-19      0.21296570E-07      0.15648388E-19
   45.000000000000         0.11581433E-04     -0.48137797E-19      0.20550241E-07      0.36747139E-19
   46.000000000000         0.11591250E-04     -0.42201544E-19      0.19632570E-07      0.11872506E-19
   47.000000000000         0.11600366E-04     -0.54643278E-19      0.18232951E-07     -0.24883469E-19
   48.000000000000         0.11608490E-04     -0.18811340E-19      0.16247177E-07      0.71663877E-19
   49.000000000000         0.11615566E-04     -0.41999041E-19      0.14152358E-07     -0.46375402E-19
   50.000000000000         0.11621737E-04     -0.35713655E-19      0.12342426E-07      0.12570771E-19
   51.000000000000         0.11627116E-04     -0.30356690E-19      0.10756959E-07      0.10713931E-19
   52.000000000000         0.11631814E-04     -0.19090573E-19      0.93964034E-08      0.22532233E-19
   53.000000000000         0.11636076E-04     -0.21053063E-19      0.85237771E-08     -0.39249792E-20
   54.000000000000         0.11640159E-04     -0.37712384E-19      0.81673681E-08     -0.33318642E-19
   55.000000000000         0.11644142E-04     -0.25989896E-19      0.79649420E-08      0.23444976E-19
   56.000000000000         0.11647981E-04     -0.32487356E-19      0.76780209E-08     -0.12994920E-19
   57.000000000000         0.11651689E-04     -0.18722125E-19      0.74154272E-08      0.27530461E-19
   58.000000000000         0.11655333E-04     -0.10163158E-19      0.72878610E-08      0.17117935E-19
   59.000000000000         0.11658914E-04      0.91103754E-20      0.71624620E-08      0.38547066E-19
   60.000000000000         0.11662337E-04     -0.45389662E-20      0.68468377E-08     -0.27298683E-19
   61.000000000000         0.11665451E-04      0.38694946E-20      0.62267429E-08      0.16816922E-19
   62.000000000000         0.11668088E-04     -0.14163908E-20      0.52745630E-08     -0.10571771E-19
   63.000000000000         0.11670221E-04      0.10748547E-19      0.42661978E-08      0.24329875E-19
   64.000000000000         0.11672066E-04      0.14668983E-19      0.36904253E-08      0.78408721E-20
   65.000000000000         0.11673893E-04     -0.70021430E-20      0.36541426E-08     -0.43342251E-19
   66.000000000000         0.11675774E-04     -0.91681101E-20      0.37606599E-08     -0.43319344E-20
   67.000000000000         0.11677620E-04     -0.32169334E-19      0.36921529E-08     -0.46002447E-19
   68.000000000000         0.11679492E-04     -0.28047162E-19      0.37457789E-08      0.82443439E-20
   69.000000000000         0.11681731E-04     -0.26968423E-19      0.44769553E-08      0.21574770E-20
   70.000000000000         0.11684612E-04     -0.20987127E-19      0.57618706E-08      0.11962593E-19
   71.000000000000         0.11687948E-04     -0.44984999E-19      0.66717512E-08     -0.47995746E-19
   72.000000000000         0.11691203E-04     -0.75807530E-19      0.65113557E-08     -0.61645060E-19
   73.000000000000         0.11694011E-04     -0.95535066E-19      0.56142277E-08     -0.39455073E-19
   74.000000000000         0.11696357E-04     -0.94768710E-19      0.46936928E-08      0.15327123E-20
   75.000000000000         0.11698315E-04     -0.98664769E-19      0.39158992E-08     -0.77921181E-20
   76.000000000000         0.11699928E-04     -0.11206607E-18      0.32243393E-08     -0.26802601E-19
   77.000000000000         0.11701375E-04     -0.89375327E-19      0.28947411E-08      0.45381485E-19
   78.000000000000         0.11702940E-04     -0.91416468E-19      0.31302086E-08     -0.40822820E-20
   79.000000000000         0.11704700E-04     -0.98412239E-19      0.35195712E-08     -0.13991543E-19
   80.000000000000         0.11706469E-04     -0.94421810E-19      0.35375595E-08      0.79808577E-20
   81.000000000000         0.11708164E-04     -0.97699092E-19      0.33907742E-08     -0.65545636E-20
   82.000000000000         0.11709949E-04     -0.90131011E-19      0.35698690E-08      0.15136162E-19
   83.000000000000         0.11711869E-04     -0.10394103E-18      0.38398963E-08     -0.27620042E-19
   84.000000000000         0.11713632E-04     -0.12041026E-18      0.35255084E-08     -0.32938448E-19
   85.000000000000         0.11714949E-04     -0.12440069E-18      0.26357640E-08     -0.79808703E-20
   86.000000000000         0.11715941E-04     -0.12976269E-18      0.19829203E-08     -0.10723994E-19
   87.000000000000         0.11716978E-04     -0.12456179E-18      0.20750580E-08      0.10401789E-19
   88.000000000000         0.11718243E-04     -0.12878909E-18      0.25288047E-08     -0.84545871E-20
   89.000000000000         0.11719595E-04     -0.11727048E-18      0.27049406E-08      0.23037224E-19
   90.000000000000         0.11720809E-04     -0.12691991E-18      0.24276668E-08     -0.19298877E-19
   91.000000000000         0.11721800E-04     -0.13220058E-18      0.19826053E-08     -0.10561327E-19
   92.000000000000         0.11722631E-04     -0.14077245E-18      0.16615817E-08     -0.17143750E-19
   93.000000000000         0.11723403E-04     -0.13720833E-18      0.15429614E-08      0.71282383E-20
   94.000000000000         0.11724212E-04     -0.14016630E-18      0.16180968E-08     -0.59159300E-20
   95.000000000000         0.11725157E-04     -0.12902926E-18      0.18895439E-08      0.22274078E-19
   96.000000000000         0.11726326E-04     -0.11309182E-18      0.23392559E-08      0.31874888E-19
   97.000000000000         0.11727704E-04     -0.11838438E-18      0.27564047E-08     -0.10585137E-19
   98.000000000000         0.11729096E-04     -0.12074073E-18      0.27837874E-08     -0.47126953E-20
   99.000000000000         0.11730293E-04     -0.14093631E-18      0.23939761E-08     -0.40391160E-19
  100.000000000000         0.11731299E-04     -0.17827645E-18      0.20118475E-08     -0.74680275E-19
  101.000000000000         0.11732257E-04     -0.15568308E-18      0.19154759E-08      0.45186729E-19
  102.000000000000         0.11733204E-04     -0.14546880E-18      0.18943405E-08      0.20428569E-19
  103.000000000000         0.11734134E-04     -0.12844736E-18      0.18598977E-08      0.34042885E-19
  104.000000000000         0.11735265E-04     -0.15436611E-18      0.22624598E-08     -0.51837509E-19
  105.000000000000         0.11736910E-04     -0.13871634E-18      0.32892572E-08      0.31299548E-19
  106.000000000000         0.11739009E-04     -0.17554763E-18      0.41976672E-08     -0.73662590E-19
  107.000000000000         0.11741072E-04     -0.16004434E-18      0.41262063E-08      0.31006579E-19
  108.000000000000         0.11742694E-04     -0.16396598E-18      0.32439369E-08     -0.78432804E-20
  109.000000000000         0.11743947E-04     -0.16154593E-18      0.25058556E-08      0.48401036E-20
  110.000000000000         0.11745165E-04     -0.15744189E-18      0.24359174E-08      0.82080929E-20
  111.000000000000         0.11746547E-04     -0.15769273E-18      0.27636021E-08     -0.50168732E-21
  112.000000000000         0.11748061E-04     -0.13589193E-18      0.30288729E-08      0.43601604E-19
  113.000000000000         0.11749549E-04     -0.12038465E-18      0.29768474E-08      0.31014560E-19
  114.000000000000         0.11750843E-04     -0.11085083E-18      0.25875368E-08      0.19067630E-19
  115.000000000000         0.11751867E-04     -0.11585292E-18      0.20470997E-08     -0.10004172E-19
  116.000000000000         0.11752685E-04     -0.12303683E-18      0.16364744E-08     -0.14367826E-19
  117.000000000000         0.11753449E-04     -0.14667369E-18      0.15275532E-08     -0.47273715E-19
  118.000000000000         0.11754274E-04     -0.13543186E-18      0.16512126E-08      0.22483653E-19
  119.000000000000         0.11755156E-04     -0.15448339E-18      0.17632364E-08     -0.38103049E-19
  120.000000000000         0.11755987E-04     -0.18385454E-18      0.16618278E-08     -0.58742315E-19
  121.000000000000         0.11756722E-04     -0.19179284E-18      0.14707073E-08     -0.15876588E-19
  122.000000000000         0.11757495E-04     -0.19773345E-18      0.15462155E-08     -0.11881220E-19
  123.000000000000         0.11758471E-04     -0.18263406E-18      0.19517628E-08      0.30198777E-19
  124.000000000000         0.11759622E-04     -0.16895727E-18      0.23016463E-08      0.27353586E-19
  125.000000000000         0.11760746E-04     -0.17632330E-18      0.22479364E-08     -0.14732074E-19
  126.000000000000         0.11761733E-04     -0.18993906E-18      0.19732237E-08     -0.27231521E-19
  127.000000000000         0.11762701E-04     -0.19712045E-18      0.19360213E-08     -0.14362772E-19
  128.000000000000         0.11763802E-04     -0.20313100E-18      0.22028790E-08     -0.12021098E-19
  129.000000000000         0.11765018E-04     -0.21347552E-18      0.24319978E-08     -0.20689043E-19
  130.000000000000         0.11766219E-04     -0.21651002E-18      0.24022120E-08     -0.60689882E-20
  131.000000000000         0.11767321E-04     -0.19841589E-18      0.22046548E-08      0.36188252E-19
  132.000000000000         0.11768323E-04     -0.18981270E-18      0.20037735E-08      0.17206386E-19
  133.000000000000         0.11769256E-04     -0.17947656E-18      0.18661511E-08      0.20672264E-19
  134.000000000000         0.11770177E-04     -0.15948335E-18      0.18406318E-08      0.39986428E-19
  135.000000000000         0.11771167E-04     -0.17616998E-18      0.19807166E-08     -0.33373258E-19
  136.000000000000         0.11772291E-04     -0.18986513E-18      0.22481255E-08     -0.27390299E-19
  137.000000000000         0.11773554E-04     -0.21051833E-18      0.25246882E-08     -0.41306399E-19
  138.000000000000         0.11774901E-04     -0.22218703E-18      0.26940762E-08     -0.23337409E-19
  139.000000000000         0.11776231E-04     -0.20725708E-18      0.26608093E-08      0.29859910E-19
  140.000000000000         0.11777426E-04     -0.21930927E-18      0.23899796E-08     -0.24104383E-19
  141.000000000000         0.11778425E-04     -0.21899758E-18      0.19976097E-08      0.62338791E-21
  142.000000000000         0.11779275E-04     -0.18764132E-18      0.17009534E-08      0.62712513E-19
  143.000000000000         0.11780081E-04     -0.18007432E-18      0.16117320E-08      0.15133998E-19
  144.000000000000         0.11780918E-04     -0.19540941E-18      0.16736300E-08     -0.30670175E-19
  145.000000000000         0.11781821E-04     -0.21578737E-18      0.18063131E-08     -0.40755923E-19
  146.000000000000         0.11782790E-04     -0.20378676E-18      0.19378440E-08      0.24001215E-19
  147.000000000000         0.11783765E-04     -0.23063111E-18      0.19495642E-08     -0.53688702E-19
  148.000000000000         0.11784660E-04     -0.24098455E-18      0.17910167E-08     -0.20706872E-19
  149.000000000000         0.11785450E-04     -0.24133543E-18      0.15796250E-08     -0.70175466E-21
  150.000000000000         0.11786187E-04     -0.27179282E-18      0.14736734E-08     -0.60914792E-19
  151.000000000000         0.11786950E-04     -0.29849885E-18      0.15270698E-08     -0.53412059E-19
  152.000000000000         0.11787788E-04     -0.29333893E-18      0.16747798E-08      0.10319849E-19
  153.000000000000         0.11788691E-04     -0.29490437E-18      0.18068050E-08     -0.31308867E-20
  154.000000000000         0.11789607E-04     -0.28663806E-18      0.18318843E-08      0.16532615E-19
  155.000000000000         0.11790470E-04     -0.28498226E-18      0.17251954E-08      0.33116110E-20
  156.000000000000         0.11791250E-04     -0.30132421E-18      0.15603610E-08     -0.32683904E-19
  157.000000000000         0.11791958E-04     -0.32717603E-18      0.14156527E-08     -0.51703648E-19
  158.000000000000         0.11792605E-04     -0.33178518E-18      0.12945996E-08     -0.92182838E-20
  159.000000000000         0.11793230E-04     -0.35825901E-18      0.12496684E-08     -0.52947669E-19
  160.000000000000         0.11793946E-04     -0.36681687E-18      0.14312545E-08     -0.17115725E-19
  161.000000000000         0.11794873E-04     -0.36965928E-18      0.18550122E-08     -0.56848156E-20
  162.000000000000         0.11795981E-04     -0.39084136E-18      0.22152260E-08     -0.42364152E-19
  163.000000000000         0.11797099E-04     -0.41412155E-18      0.22373139E-08     -0.46560384E-19
  164.000000000000         0.11798162E-04     -0.40314806E-18      0.21247622E-08      0.21946984E-19
  165.000000000000         0.11799291E-04     -0.40482191E-18      0.22580164E-08     -0.33477043E-20
  166.000000000000         0.11800571E-04     -0.40940407E-18      0.25602254E-08     -0.91643208E-20
  167.000000000000         0.11801851E-04     -0.40225571E-18      0.25606287E-08      0.14296726E-19
  168.000000000000         0.11802910E-04     -0.39746441E-18      0.21174790E-08      0.95825881E-20
  169.000000000000         0.11803730E-04     -0.38790486E-18      0.16402645E-08      0.19119102E-19
  170.000000000000         0.11804470E-04     -0.40842754E-18      0.14793849E-08     -0.41045354E-19
  171.000000000000         0.11805273E-04     -0.41793502E-18      0.16055486E-08     -0.19014962E-19
  172.000000000000         0.11806202E-04     -0.40370940E-18      0.18584058E-08      0.28451241E-19
  173.000000000000         0.11807249E-04     -0.39645195E-18      0.20950058E-08      0.14514896E-19
  174.000000000000         0.11808308E-04     -0.38456725E-18      0.21178111E-08      0.23769397E-19
  175.000000000000         0.11809214E-04     -0.36545258E-18      0.18111277E-08      0.38229344E-19
  176.000000000000         0.11809912E-04     -0.36447457E-18      0.13964020E-08      0.19560295E-20
  177.000000000000         0.11810510E-04     -0.37315178E-18      0.11962822E-08     -0.17354421E-19
  178.000000000000         0.11811119E-04     -0.36819040E-18      0.12171228E-08      0.99227534E-20
  179.000000000000         0.11811728E-04     -0.38111251E-18      0.12197078E-08     -0.25844218E-19
  180.000000000000         0.11812269E-04     -0.38921804E-18      0.10804594E-08     -0.16211055E-19
  181.000000000000         0.11812743E-04     -0.40671473E-18      0.94902793E-09     -0.34993381E-19
  182.000000000000         0.11813260E-04     -0.38030583E-18      0.10331549E-08      0.52817801E-19
  183.000000000000         0.11813932E-04     -0.37945117E-18      0.13443790E-08      0.17093164E-20
  184.000000000000         0.11814775E-04     -0.38425271E-18      0.16857819E-08     -0.96030830E-20
  185.000000000000         0.11815678E-04     -0.36094680E-18      0.18055311E-08      0.46611829E-19
  186.000000000000         0.11816491E-04     -0.33694623E-18      0.16265954E-08      0.48001125E-19
  187.000000000000         0.11817155E-04     -0.33103336E-18      0.13287977E-08      0.11825750E-19
  188.000000000000         0.11817731E-04     -0.32325234E-18      0.11523888E-08      0.15562040E-19
  189.000000000000         0.11818329E-04     -0.33455774E-18      0.11959106E-08     -0.22610799E-19
  190.000000000000         0.11819016E-04     -0.32816703E-18      0.13733521E-08      0.12781410E-19
  191.000000000000         0.11819765E-04     -0.34946064E-18      0.14978393E-08     -0.42587222E-19
  192.000000000000         0.11820475E-04     -0.34875243E-18      0.14206610E-08      0.14164175E-20
  193.000000000000         0.11821036E-04     -0.35974813E-18      0.11202925E-08     -0.21991385E-19
  194.000000000000         0.11821406E-04     -0.36495835E-18      0.74066337E-09     -0.10420448E-19
  195.000000000000         0.11821671E-04     -0.37556620E-18      0.53016247E-09     -0.21215701E-19
  196.000000000000         0.11821996E-04     -0.37149863E-18      0.65008653E-09      0.81351345E-20
  197.000000000000         0.11822511E-04     -0.36689235E-18      0.10294497E-08      0.92125767E-20
  198.000000000000         0.11823231E-04     -0.37968849E-18      0.14398665E-08     -0.25592295E-19
  199.000000000000         0.11824099E-04     -0.36661839E-18      0.17374177E-08      0.26140210E-19
  200.000000000000         0.11825052E-04     -0.36243066E-18      0.19053528E-08      0.83754575E-20
  201.000000000000         0.11826002E-04     -0.35541795E-18      0.19001085E-08      0.14025426E-19
  202.000000000000         0.11826847E-04     -0.38479500E-18      0.16893067E-08     -0.58754107E-19
  203.000000000000         0.11827510E-04     -0.38674163E-18      0.13258804E-08     -0.38932578E-20
  204.000000000000         0.11827973E-04     -0.39935362E-18      0.92607439E-09     -0.25223974E-19
  205.000000000000         0.11828310E-04     -0.40504141E-18      0.67447907E-09     -0.11375585E-19
  206.000000000000         0.11828683E-04     -0.39208889E-18      0.74589907E-09      0.25905041E-19
  207.000000000000         0.11829234E-04     -0.38508020E-18      0.11020463E-08      0.14017372E-19
  208.000000000000         0.11829950E-04     -0.38953470E-18      0.14313997E-08     -0.89089882E-20
  209.000000000000         0.11830694E-04     -0.40817641E-18      0.14877845E-08     -0.37283433E-19
  210.000000000000         0.11831365E-04     -0.40121876E-18      0.13420446E-08      0.13915309E-19
  211.000000000000         0.11831957E-04     -0.39754243E-18      0.11850358E-08      0.73526599E-20
  212.000000000000         0.11832517E-04     -0.37845896E-18      0.11197400E-08      0.38166928E-19
  213.000000000000         0.11833088E-04     -0.37361034E-18      0.11414105E-08      0.96972454E-20
  214.000000000000         0.11833711E-04     -0.41294004E-18      0.12477121E-08     -0.78659395E-19
  215.000000000000         0.11834426E-04     -0.40131525E-18      0.14297615E-08      0.23249577E-19
  216.000000000000         0.11835224E-04     -0.38165113E-18      0.15952476E-08      0.39328238E-19
  217.000000000000         0.11836067E-04     -0.37768573E-18      0.16865298E-08      0.79307993E-20
  218.000000000000         0.11836917E-04     -0.40132490E-18      0.16987450E-08     -0.47278340E-19
  219.000000000000         0.11837710E-04     -0.37838417E-18      0.15864996E-08      0.45881461E-19
  220.000000000000         0.11838363E-04     -0.36304356E-18      0.13057822E-08      0.30681219E-19
  221.000000000000         0.11838828E-04     -0.37594878E-18      0.93131201E-09     -0.25810426E-19
  222.000000000000         0.11839187E-04     -0.37871692E-18      0.71722823E-09     -0.55362841E-20
  223.000000000000         0.11839642E-04     -0.38009697E-18      0.90997635E-09     -0.27601126E-20
  224.000000000000         0.11840354E-04     -0.41229488E-18      0.14238287E-08     -0.64395809E-19
  225.000000000000         0.11841284E-04     -0.41161644E-18      0.18607775E-08      0.13568734E-20
  226.000000000000         0.11842256E-04     -0.40718474E-18      0.19429544E-08      0.88634045E-20
  227.000000000000         0.11843128E-04     -0.38746661E-18      0.17435706E-08      0.39436265E-19
  228.000000000000         0.11843854E-04     -0.37169159E-18      0.14519210E-08      0.31550029E-19
  229.000000000000         0.11844439E-04     -0.37780940E-18      0.11711065E-08     -0.12235619E-19
  230.000000000000         0.11844930E-04     -0.39379045E-18      0.98082738E-09     -0.31962093E-19
  231.000000000000         0.11845404E-04     -0.38962124E-18      0.94850111E-09      0.83384212E-20
  232.000000000000         0.11845916E-04     -0.36465493E-18      0.10238919E-08      0.49932610E-19
  233.000000000000         0.11846474E-04     -0.35978814E-18      0.11162490E-08      0.97335924E-20
  234.000000000000         0.11847063E-04     -0.34765542E-18      0.11776700E-08      0.24265441E-19
  235.000000000000         0.11847623E-04     -0.35280989E-18      0.11201405E-08     -0.10308938E-19
  236.000000000000         0.11848067E-04     -0.32573409E-18      0.88807987E-09      0.54151586E-19
  237.000000000000         0.11848385E-04     -0.32160671E-18      0.63703772E-09      0.82547687E-20
  238.000000000000         0.11848688E-04     -0.31444438E-18      0.60620137E-09      0.14324660E-19
  239.000000000000         0.11849067E-04     -0.32470246E-18      0.75794323E-09     -0.20516173E-19
  240.000000000000         0.11849479E-04     -0.31316579E-18      0.82234882E-09      0.23073353E-19
  241.000000000000         0.11849865E-04     -0.29656334E-18      0.77333623E-09      0.33204901E-19
  242.000000000000         0.11850285E-04     -0.32651034E-18      0.83975526E-09     -0.59894005E-19
  243.000000000000         0.11850809E-04     -0.33217004E-18      0.10484663E-08     -0.11319394E-19
  244.000000000000         0.11851388E-04     -0.33746183E-18      0.11570873E-08     -0.10583592E-19
  245.000000000000         0.11851916E-04     -0.36226911E-18      0.10565589E-08     -0.49614559E-19
  246.000000000000         0.11852374E-04     -0.35643782E-18      0.91544614E-09      0.11662579E-19
  247.000000000000         0.11852803E-04     -0.36010985E-18      0.85854501E-09     -0.73440551E-20
  248.000000000000         0.11853223E-04     -0.35197092E-18      0.84036167E-09      0.16277853E-19
  249.000000000000         0.11853641E-04     -0.36224812E-18      0.83519652E-09     -0.20554400E-19
  250.000000000000         0.11854081E-04     -0.38536402E-18      0.88026224E-09     -0.46231790E-19
  251.000000000000         0.11854583E-04     -0.39194266E-18      0.10048771E-08     -0.13157277E-19
  252.000000000000         0.11855173E-04     -0.39085263E-18      0.11787341E-08      0.21800627E-20
  253.000000000000         0.11855826E-04     -0.37687234E-18      0.13053921E-08      0.27960570E-19
  254.000000000000         0.11856469E-04     -0.37772938E-18      0.12869973E-08     -0.17140895E-20
  255.000000000000         0.11857039E-04     -0.37062856E-18      0.11397023E-08      0.14201647E-19
  256.000000000000         0.11857540E-04     -0.36483636E-18      0.10018492E-08      0.11584394E-19
  257.000000000000         0.11858005E-04     -0.36317685E-18      0.93027897E-09      0.33190361E-20
  258.000000000000         0.11858428E-04     -0.35073140E-18      0.84683526E-09      0.24890895E-19
  259.000000000000         0.11858820E-04     -0.35230791E-18      0.78418815E-09     -0.31530234E-20
  260.000000000000         0.11859280E-04     -0.36003863E-18      0.91999765E-09     -0.15461430E-19
  261.000000000000         0.11859909E-04     -0.35075705E-18      0.12571866E-08      0.18563148E-19
  262.000000000000         0.11860661E-04     -0.36433285E-18      0.15037210E-08     -0.27151599E-19
  263.000000000000         0.11861390E-04     -0.34714262E-18      0.14580294E-08      0.34380464E-19
  264.000000000000         0.11862036E-04     -0.34016614E-18      0.12920377E-08      0.13952963E-19
  265.000000000000         0.11862641E-04     -0.33800592E-18      0.12102551E-08      0.43204428E-20
  266.000000000000         0.11863219E-04     -0.34502864E-18      0.11551361E-08     -0.14045456E-19
  267.000000000000         0.11863746E-04     -0.35570002E-18      0.10550596E-08     -0.21342758E-19
  268.000000000000         0.11864256E-04     -0.37807040E-18      0.10190584E-08     -0.44740755E-19
  269.000000000000         0.11864829E-04     -0.36354085E-18      0.11473445E-08      0.29059098E-19
  270.000000000000         0.11865496E-04     -0.35166240E-18      0.13335829E-08      0.23756908E-19
  271.000000000000         0.11866201E-04     -0.34215731E-18      0.14086682E-08      0.19010169E-19
  272.000000000000         0.11866879E-04     -0.35033601E-18      0.13563979E-08     -0.16357397E-19
  273.000000000000         0.11867503E-04     -0.35978466E-18      0.12475850E-08     -0.18897294E-19
  274.000000000000         0.11868069E-04     -0.34947489E-18      0.11333896E-08      0.20619537E-19
  275.000000000000         0.11868580E-04     -0.34059600E-18      0.10219229E-08      0.17757775E-19
  276.000000000000         0.11869024E-04     -0.32963777E-18      0.88737561E-09      0.21916472E-19
  277.000000000000         0.11869408E-04     -0.35124125E-18      0.76874852E-09     -0.43206962E-19
  278.000000000000         0.11869810E-04     -0.34895617E-18      0.80387537E-09      0.45701564E-20
  279.000000000000         0.11870342E-04     -0.36646941E-18      0.10628513E-08     -0.35026481E-19
  280.000000000000         0.11871018E-04     -0.34561668E-18      0.13531991E-08      0.41705450E-19
  281.000000000000         0.11871713E-04     -0.32779485E-18      0.13897672E-08      0.35643663E-19
  282.000000000000         0.11872307E-04     -0.31430014E-18      0.11876966E-08      0.26989425E-19
  283.000000000000         0.11872811E-04     -0.32462139E-18      0.10082714E-08     -0.20642494E-19
  284.000000000000         0.11873294E-04     -0.34132670E-18      0.96615016E-09     -0.33410625E-19
  285.000000000000         0.11873775E-04     -0.34646160E-18      0.96111354E-09     -0.10269809E-19
  286.000000000000         0.11874258E-04     -0.35440635E-18      0.96613075E-09     -0.15889495E-19
  287.000000000000         0.11874808E-04     -0.35692135E-18      0.11003475E-08     -0.50299881E-20
  288.000000000000         0.11875474E-04     -0.36517974E-18      0.13314128E-08     -0.16516781E-19
  289.000000000000         0.11876175E-04     -0.35215926E-18      0.14034469E-08      0.26040942E-19
  290.000000000000         0.11876766E-04     -0.36119769E-18      0.11813306E-08     -0.18076841E-19
  291.000000000000         0.11877187E-04     -0.36225123E-18      0.84272275E-09     -0.21070800E-20
  292.000000000000         0.11877508E-04     -0.36822761E-18      0.64171405E-09     -0.11952770E-19
  293.000000000000         0.11877819E-04     -0.35190795E-18      0.62151861E-09      0.32639329E-19
  294.000000000000         0.11878144E-04     -0.34934967E-18      0.64946493E-09      0.51165475E-20
  295.000000000000         0.11878450E-04     -0.34442493E-18      0.61292291E-09      0.98494741E-20
  296.000000000000         0.11878708E-04     -0.36276175E-18      0.51618450E-09     -0.36673626E-19
  297.000000000000         0.11878946E-04     -0.39516369E-18      0.47624961E-09     -0.64803892E-19
  298.000000000000         0.11879231E-04     -0.41112907E-18      0.56868267E-09     -0.31930757E-19
  299.000000000000         0.11879571E-04     -0.40968623E-18      0.68001834E-09      0.28856801E-20
  300.000000000000         0.11879896E-04     -0.40483388E-18      0.65001050E-09      0.97046946E-20
  301.000000000000         0.11880149E-04     -0.41902307E-18      0.50678487E-09     -0.28378371E-19
  302.000000000000         0.11880355E-04     -0.43000440E-18      0.41205073E-09     -0.21962655E-19
  303.000000000000         0.11880562E-04     -0.43088532E-18      0.41296817E-09     -0.17618340E-20
  304.000000000000         0.11880789E-04     -0.41466405E-18      0.45540651E-09      0.32442539E-19
  305.000000000000         0.11881085E-04     -0.42050394E-18      0.59186901E-09     -0.11679792E-19
  306.000000000000         0.11881509E-04     -0.43749852E-18      0.84805694E-09     -0.33989165E-19
  307.000000000000         0.11882018E-04     -0.46221940E-18      0.10174204E-08     -0.49441743E-19
  308.000000000000         0.11882469E-04     -0.45023040E-18      0.90229856E-09      0.23977988E-19
  309.000000000000         0.11882777E-04     -0.44940503E-18      0.61599599E-09      0.16507460E-20
  310.000000000000         0.11882989E-04     -0.44396603E-18      0.42331134E-09      0.10878006E-19
  311.000000000000         0.11883184E-04     -0.44098590E-18      0.39117990E-09      0.59602498E-20
  312.000000000000         0.11883383E-04     -0.44834380E-18      0.39658772E-09     -0.14715802E-19
  313.000000000000         0.11883566E-04     -0.43264509E-18      0.36641612E-09      0.31397424E-19
  314.000000000000         0.11883722E-04     -0.43893755E-18      0.31196831E-09     -0.12584916E-19
  315.000000000000         0.11883856E-04     -0.45090637E-18      0.26823932E-09     -0.23937652E-19
  316.000000000000         0.11883998E-04     -0.43244740E-18      0.28446616E-09      0.36917940E-19
  317.000000000000         0.11884188E-04     -0.44561306E-18      0.37983632E-09     -0.26331315E-19
  318.000000000000         0.11884443E-04     -0.45762530E-18      0.51048313E-09     -0.24024477E-19
  319.000000000000         0.11884751E-04     -0.46122922E-18      0.61438383E-09     -0.72078490E-20
  320.000000000000         0.11885077E-04     -0.48219965E-18      0.65200919E-09     -0.41940862E-19
  321.000000000000         0.11885378E-04     -0.47891868E-18      0.60327285E-09      0.65619516E-20
  322.000000000000         0.11885615E-04     -0.46528048E-18      0.47374544E-09      0.27276407E-19
  323.000000000000         0.11885784E-04     -0.49877078E-18      0.33804907E-09     -0.66980618E-19
  324.000000000000         0.11885932E-04     -0.52509410E-18      0.29624362E-09     -0.52646637E-19
  325.000000000000         0.11886111E-04     -0.51319043E-18      0.35783008E-09      0.23807355E-19
  326.000000000000         0.11886323E-04     -0.50658628E-18      0.42399536E-09      0.13208294E-19
  327.000000000000         0.11886512E-04     -0.51326656E-18      0.37816004E-09     -0.13360570E-19
  328.000000000000         0.11886618E-04     -0.52809944E-18      0.21072870E-09     -0.29665760E-19
  329.000000000000         0.11886644E-04     -0.53088476E-18      0.53006141E-10     -0.55706329E-20
  330.000000000000         0.11886652E-04     -0.53897837E-18      0.16110696E-10     -0.16187221E-19
  331.000000000000         0.11886691E-04     -0.51299076E-18      0.77709385E-10      0.51975216E-19
  332.000000000000         0.11886773E-04     -0.53592429E-18      0.16443509E-09     -0.45867061E-19
  333.000000000000         0.11886910E-04     -0.53790275E-18      0.27313823E-09     -0.39569189E-20
  334.000000000000         0.11887125E-04     -0.53024237E-18      0.43000300E-09      0.15320765E-19
  335.000000000000         0.11887399E-04     -0.54230125E-18      0.54772315E-09     -0.24117763E-19
  336.000000000000         0.11887651E-04     -0.55776598E-18      0.50536771E-09     -0.30929450E-19
  337.000000000000         0.11887822E-04     -0.55096654E-18      0.34036148E-09      0.13598873E-19
  338.000000000000         0.11887925E-04     -0.54525027E-18      0.20683392E-09      0.11432533E-19
  339.000000000000         0.11888029E-04     -0.55630433E-18      0.20794296E-09     -0.22108106E-19
  340.000000000000         0.11888184E-04     -0.55571804E-18      0.31042584E-09      0.11725817E-20
  341.000000000000         0.11888396E-04     -0.54627122E-18      0.42448373E-09      0.18893624E-19
  342.000000000000         0.11888642E-04     -0.53438264E-18      0.49022167E-09      0.23777166E-19
  343.000000000000         0.11888876E-04     -0.55006170E-18      0.46835120E-09     -0.31358111E-19
  344.000000000000         0.11889051E-04     -0.55616178E-18      0.35122505E-09     -0.12200159E-19
  345.000000000000         0.11889151E-04     -0.57424272E-18      0.19903489E-09     -0.36161895E-19
  346.000000000000         0.11889228E-04     -0.58569011E-18      0.15469325E-09     -0.22894767E-19
  347.000000000000         0.11889377E-04     -0.58244017E-18      0.29734309E-09      0.64998813E-20
  348.000000000000         0.11889620E-04     -0.56881410E-18      0.48569331E-09      0.27252133E-19
  349.000000000000         0.11889874E-04     -0.56308894E-18      0.50943818E-09      0.11450327E-19
  350.000000000000         0.11890051E-04     -0.56110288E-18      0.35278360E-09      0.39721202E-20
  351.000000000000         0.11890164E-04     -0.57978530E-18      0.22676193E-09     -0.37364844E-19
  352.000000000000         0.11890306E-04     -0.60502791E-18      0.28367293E-09     -0.50485219E-19
  353.000000000000         0.11890506E-04     -0.60823670E-18      0.40010674E-09     -0.64175923E-20
  354.000000000000         0.11890699E-04     -0.57836264E-18      0.38644884E-09      0.59748121E-19
  355.000000000000         0.11890828E-04     -0.56590616E-18      0.25789499E-09      0.24912961E-19
  356.000000000000         0.11890918E-04     -0.55667856E-18      0.17876319E-09      0.18455208E-19
  357.000000000000         0.11891032E-04     -0.54898160E-18      0.22896132E-09      0.15393918E-19
  358.000000000000         0.11891195E-04     -0.57148241E-18      0.32544410E-09     -0.45001617E-19
  359.000000000000         0.11891383E-04     -0.58100847E-18      0.37719460E-09     -0.19052123E-19
  360.000000000000         0.11891572E-04     -0.56620224E-18      0.37717739E-09      0.29612453E-19
  361.000000000000         0.11891737E-04     -0.58357478E-18      0.33007498E-09     -0.34745079E-19
  362.000000000000         0.11891856E-04     -0.55695926E-18      0.23783364E-09      0.53231046E-19
  363.000000000000         0.11891926E-04     -0.54378128E-18      0.14076839E-09      0.26355966E-19
  364.000000000000         0.11891976E-04     -0.51351144E-18      0.99623690E-10      0.60539681E-19
  365.000000000000         0.11892047E-04     -0.52447366E-18      0.14184439E-09     -0.21924455E-19
  366.000000000000         0.11892160E-04     -0.55125594E-18      0.22588658E-09     -0.53564560E-19
  367.000000000000         0.11892299E-04     -0.54314009E-18      0.27709655E-09      0.16231711E-19
  368.000000000000         0.11892422E-04     -0.57318663E-18      0.24625089E-09     -0.60093086E-19
  369.000000000000         0.11892515E-04     -0.57162002E-18      0.18577838E-09      0.31332162E-20
  370.000000000000         0.11892630E-04     -0.58391265E-18      0.23079511E-09     -0.24585264E-19
  371.000000000000         0.11892817E-04     -0.59444666E-18      0.37479312E-09     -0.21068005E-19
  372.000000000000         0.11893032E-04     -0.59253894E-18      0.42854983E-09      0.38154265E-20
  373.000000000000         0.11893194E-04     -0.62582825E-18      0.32365943E-09     -0.66578605E-19
  374.000000000000         0.11893324E-04     -0.65393679E-18      0.26106614E-09     -0.56217097E-19
  375.000000000000         0.11893536E-04     -0.65309200E-18      0.42336921E-09      0.16895896E-20
  376.000000000000         0.11893876E-04     -0.67909999E-18      0.68039094E-09     -0.52015984E-19
  377.000000000000         0.11894263E-04     -0.65940180E-18      0.77376619E-09      0.39396386E-19
  378.000000000000         0.11894582E-04     -0.65307198E-18      0.63917761E-09      0.12659631E-19
  379.000000000000         0.11894790E-04     -0.66559279E-18      0.41508931E-09     -0.25041606E-19
  380.000000000000         0.11894925E-04     -0.66071548E-18      0.27065825E-09      0.97546184E-20
  381.000000000000         0.11895069E-04     -0.64522526E-18      0.28752121E-09      0.30980443E-19
  382.000000000000         0.11895303E-04     -0.64868156E-18      0.46786603E-09     -0.69126117E-20
  383.000000000000         0.11895662E-04     -0.65943004E-18      0.71741731E-09     -0.21496964E-19
  384.000000000000         0.11896080E-04     -0.65881037E-18      0.83662000E-09      0.12393393E-20
  385.000000000000         0.11896429E-04     -0.64706845E-18      0.69733564E-09      0.23483847E-19
  386.000000000000         0.11896630E-04     -0.65353205E-18      0.40345641E-09     -0.12927202E-19
  387.000000000000         0.11896742E-04     -0.65670584E-18      0.22397778E-09     -0.63475767E-20
  388.000000000000         0.11896897E-04     -0.63227880E-18      0.30894230E-09      0.48854073E-19
  389.000000000000         0.11897170E-04     -0.62481223E-18      0.54597686E-09      0.14933138E-19
  390.000000000000         0.11897542E-04     -0.63566616E-18      0.74470000E-09     -0.21707852E-19
  391.000000000000         0.11897953E-04     -0.63956841E-18      0.82214932E-09     -0.78045005E-20
  392.000000000000         0.11898364E-04     -0.61770236E-18      0.82092354E-09      0.43732107E-19
  393.000000000000         0.11898768E-04     -0.59910487E-18      0.80918257E-09      0.37194972E-19
  394.000000000000         0.11899162E-04     -0.56690472E-18      0.78735431E-09      0.64400301E-19
  395.000000000000         0.11899518E-04     -0.57153249E-18      0.71254561E-09     -0.92555465E-20
  396.000000000000         0.11899807E-04     -0.58249475E-18      0.57826384E-09     -0.21924513E-19
  397.000000000000         0.11900035E-04     -0.58889323E-18      0.45469937E-09     -0.12796958E-19
  398.000000000000         0.11900239E-04     -0.59352728E-18      0.40910562E-09     -0.92680982E-20
  399.000000000000         0.11900452E-04     -0.60219719E-18      0.42527652E-09     -0.17339829E-19
  400.000000000000         0.11900680E-04     -0.60710050E-18      0.45562453E-09     -0.98066076E-20
  401.000000000000         0.11900922E-04     -0.61979078E-18      0.48480588E-09     -0.25380576E-19
  402.000000000000         0.11901170E-04     -0.60945413E-18      0.49478512E-09      0.20673307E-19
  403.000000000000         0.11901394E-04     -0.60459470E-18      0.44877769E-09      0.97188633E-20
  404.000000000000         0.11901571E-04     -0.57989402E-18      0.35475036E-09      0.49401350E-19
  405.000000000000         0.11901717E-04     -0.56373951E-18      0.29098536E-09      0.32309029E-19
  406.000000000000         0.11901882E-04     -0.57729664E-18      0.33004799E-09     -0.27114252E-19
  407.000000000000         0.11902113E-04     -0.60103367E-18      0.46154543E-09     -0.47474058E-19
  408.000000000000         0.11902431E-04     -0.59273426E-18      0.63686854E-09      0.16598811E-19
  409.000000000000         0.11902836E-04     -0.59547442E-18      0.81007035E-09     -0.54803181E-20
  410.000000000000         0.11903287E-04     -0.57969070E-18      0.90251824E-09      0.31567442E-19
  411.000000000000         0.11903719E-04     -0.56267652E-18      0.86307199E-09      0.34028352E-19
  412.000000000000         0.11904086E-04     -0.55163192E-18      0.73432415E-09      0.22089198E-19
  413.000000000000         0.11904378E-04     -0.56909787E-18      0.58484124E-09     -0.34931895E-19
  414.000000000000         0.11904596E-04     -0.55731335E-18      0.43597490E-09      0.23569044E-19
  415.000000000000         0.11904753E-04     -0.53503975E-18      0.31226124E-09      0.44547205E-19
  416.000000000000         0.11904894E-04     -0.51020904E-18      0.28240546E-09      0.49661411E-19
  417.000000000000         0.11905071E-04     -0.48578114E-18      0.35395655E-09      0.48855795E-19
  418.000000000000         0.11905286E-04     -0.45426555E-18      0.43021193E-09      0.63031178E-19
  419.000000000000         0.11905506E-04     -0.48848019E-18      0.44114429E-09     -0.68429265E-19
  420.000000000000         0.11905710E-04     -0.48318128E-18      0.40738992E-09      0.10597814E-19
  421.000000000000         0.11905889E-04     -0.49692179E-18      0.35779199E-09     -0.27481027E-19
  422.000000000000         0.11906034E-04     -0.49742170E-18      0.28928777E-09     -0.99980775E-21
  423.000000000000         0.11906157E-04     -0.48141531E-18      0.24606702E-09      0.32012769E-19
  424.000000000000         0.11906315E-04     -0.49071999E-18      0.31738716E-09     -0.18609347E-19
  425.000000000000         0.11906570E-04     -0.49070351E-18      0.50891480E-09      0.32950802E-22
  426.000000000000         0.11906934E-04     -0.48811416E-18      0.72810448E-09      0.51786936E-20
  427.000000000000         0.11907375E-04     -0.48649219E-18      0.88145511E-09      0.32439452E-20
  428.000000000000         0.11907834E-04     -0.47736880E-18      0.91864635E-09      0.18246786E-19
  429.000000000000         0.11908255E-04     -0.48635926E-18      0.84263302E-09     -0.17980922E-19
  430.000000000000         0.11908605E-04     -0.45327174E-18      0.69965119E-09      0.66175030E-19
  431.000000000000         0.11908874E-04     -0.48261186E-18      0.53811603E-09     -0.58680239E-19
  432.000000000000         0.11909066E-04     -0.50021560E-18      0.38372237E-09     -0.35207475E-19
  433.000000000000         0.11909198E-04     -0.48331870E-18      0.26441229E-09      0.33793802E-19
  434.000000000000         0.11909316E-04     -0.48217871E-18      0.23483121E-09      0.22799863E-20
  435.000000000000         0.11909474E-04     -0.48382449E-18      0.31639983E-09     -0.32915706E-20
  436.000000000000         0.11909697E-04     -0.48185330E-18      0.44588709E-09      0.39423922E-20
  437.000000000000         0.11909963E-04     -0.46843964E-18      0.53316046E-09      0.26827312E-19
  438.000000000000         0.11910228E-04     -0.48275356E-18      0.52866320E-09     -0.28627830E-19
  439.000000000000         0.11910450E-04     -0.48106865E-18      0.44530956E-09      0.33698007E-20
  440.000000000000         0.11910612E-04     -0.49741843E-18      0.32359160E-09     -0.32699553E-19
  441.000000000000         0.11910724E-04     -0.50332084E-18      0.22342361E-09     -0.11804820E-19
  442.000000000000         0.11910852E-04     -0.47166366E-18      0.25719170E-09      0.63314367E-19
  443.000000000000         0.11911096E-04     -0.48756343E-18      0.48770557E-09     -0.31799545E-19
  444.000000000000         0.11911496E-04     -0.47955881E-18      0.79988628E-09      0.16009237E-19
  445.000000000000         0.11911987E-04     -0.48973954E-18      0.98096042E-09     -0.20361460E-19
  446.000000000000         0.11912454E-04     -0.49248639E-18      0.93533948E-09     -0.54936894E-20
  447.000000000000         0.11912829E-04     -0.50470636E-18      0.74952780E-09     -0.24439954E-19
  448.000000000000         0.11913092E-04     -0.49758535E-18      0.52595460E-09      0.14242019E-19
  449.000000000000         0.11913245E-04     -0.48100375E-18      0.30538730E-09      0.33163203E-19
  450.000000000000         0.11913319E-04     -0.48109330E-18      0.14795167E-09     -0.17908879E-21
  451.000000000000         0.11913386E-04     -0.47889269E-18      0.13468918E-09      0.44012079E-20
  452.000000000000         0.11913522E-04     -0.48359491E-18      0.27168298E-09     -0.94044342E-20
  453.000000000000         0.11913748E-04     -0.47758628E-18      0.45185654E-09      0.12017266E-19
  454.000000000000         0.11914018E-04     -0.45853625E-18      0.54046694E-09      0.38100051E-19
  455.000000000000         0.11914255E-04     -0.43566109E-18      0.47341060E-09      0.45750320E-19
  456.000000000000         0.11914401E-04     -0.45335703E-18      0.29321807E-09     -0.35391882E-19
  457.000000000000         0.11914462E-04     -0.46204692E-18      0.12123664E-09     -0.17379773E-19
  458.000000000000         0.11914483E-04     -0.47143785E-18      0.42515858E-10     -0.18781861E-19
  459.000000000000         0.11914512E-04     -0.47598482E-18      0.56476820E-10     -0.90939403E-20
  460.000000000000         0.11914589E-04     -0.46541446E-18      0.15507664E-09      0.21140729E-19
  461.000000000000         0.11914758E-04     -0.47852466E-18      0.33766329E-09     -0.26220406E-19
  462.000000000000         0.11915023E-04     -0.46755571E-18      0.52993204E-09      0.21937892E-19
  463.000000000000         0.11915322E-04     -0.46974913E-18      0.59892317E-09     -0.43868401E-20
  464.000000000000         0.11915568E-04     -0.44576287E-18      0.49217131E-09      0.47972534E-19
  465.000000000000         0.11915718E-04     -0.46298805E-18      0.29826433E-09     -0.34450376E-19
  466.000000000000         0.11915779E-04     -0.46790158E-18      0.12185582E-09     -0.98270629E-20
  467.000000000000         0.11915776E-04     -0.47727848E-18     -0.43727858E-11     -0.18753781E-19
  468.000000000000         0.11915752E-04     -0.49955591E-18     -0.48520421E-10     -0.44554868E-19
  469.000000000000         0.11915771E-04     -0.50325003E-18      0.38320447E-10     -0.73882376E-20
  470.000000000000         0.11915881E-04     -0.52268738E-18      0.21917402E-09     -0.38874713E-19
  471.000000000000         0.11916058E-04     -0.51828002E-18      0.35402664E-09      0.88147354E-20
  472.000000000000         0.11916240E-04     -0.50322783E-18      0.36485582E-09      0.30104374E-19
  473.000000000000         0.11916401E-04     -0.51401829E-18      0.32083867E-09     -0.21580925E-19
  474.000000000000         0.11916539E-04     -0.51706200E-18      0.27662550E-09     -0.60874193E-20
  475.000000000000         0.11916640E-04     -0.49318054E-18      0.20283865E-09      0.47762925E-19
  476.000000000000         0.11916694E-04     -0.47879693E-18      0.10624411E-09      0.28767211E-19
  477.000000000000         0.11916728E-04     -0.48071155E-18      0.68668973E-10     -0.38292249E-20
  478.000000000000         0.11916809E-04     -0.46726194E-18      0.16326770E-09      0.26899209E-19
  479.000000000000         0.11916989E-04     -0.47067584E-18      0.35998628E-09     -0.68277924E-20
  480.000000000000         0.11917257E-04     -0.47400880E-18      0.53541145E-09     -0.66659250E-20
  481.000000000000         0.11917535E-04     -0.47715473E-18      0.55596112E-09     -0.62918540E-20
  482.000000000000         0.11917730E-04     -0.46162338E-18      0.38932562E-09      0.31062705E-19
  483.000000000000         0.11917807E-04     -0.46033088E-18      0.15520846E-09      0.25849849E-20
  484.000000000000         0.11917806E-04     -0.43793599E-18     -0.34458470E-11      0.44789782E-19
  485.000000000000         0.11917791E-04     -0.42738575E-18     -0.29909099E-10      0.21100482E-19
  486.000000000000         0.11917826E-04     -0.43899226E-18      0.69807049E-10     -0.23213009E-19
  487.000000000000         0.11917958E-04     -0.45249403E-18      0.26481060E-09     -0.27003543E-19
  488.000000000000         0.11918201E-04     -0.44966171E-18      0.48503668E-09      0.56646290E-20
  489.000000000000         0.11918505E-04     -0.46050765E-18      0.60956726E-09     -0.21691872E-19
  490.000000000000         0.11918786E-04     -0.44797370E-18      0.56061908E-09      0.25067898E-19
  491.000000000000         0.11918978E-04     -0.42805546E-18      0.38474511E-09      0.39836489E-19
  492.000000000000         0.11919077E-04     -0.45367881E-18      0.19865669E-09     -0.51246707E-19
  493.000000000000         0.11919121E-04     -0.44102438E-18      0.88028565E-10      0.25308855E-19
  494.000000000000         0.11919151E-04     -0.43824090E-18      0.60118925E-10      0.55669680E-20
  495.000000000000         0.11919187E-04     -0.45784891E-18      0.71371121E-10     -0.39216031E-19
  496.000000000000         0.11919234E-04     -0.46982281E-18      0.93861575E-10     -0.23947791E-19
  497.000000000000         0.11919301E-04     -0.47425281E-18      0.13341093E-09     -0.88600064E-20
  498.000000000000         0.11919388E-04     -0.45177575E-18      0.17408138E-09      0.44954130E-19
  499.000000000000         0.11919474E-04     -0.44090467E-18      0.17173700E-09      0.21742144E-19
  500.000000000000         0.11919531E-04     -0.41388272E-18      0.11524130E-09      0.54043916E-19
