 #KVL flux sum: time, flux integral, flux
 
    0.000000000000         0.00000000E+00      0.00000000E+00      0.00000000E+00      0.00000000E+00
    1.000000000000        -0.87508941E-17     -0.28205431E-19     -0.17501788E-16     -0.56410862E-19
    2.000000000000         0.77903358E-15     -0.51501902E-19      0.15755689E-14     -0.46592942E-19
    3.000000000000         0.73613937E-13     -0.10735912E-18      0.14566981E-12     -0.11171444E-18
    4.000000000000         0.40080394E-11     -0.13457333E-18      0.78688508E-11     -0.54428414E-19
    5.000000000000         0.78743046E-10     -0.16032915E-18      0.14947001E-09     -0.51511642E-19
    6.000000000000         0.79249212E-09     -0.17483446E-18      0.14274981E-08     -0.29010614E-19
    7.000000000000         0.52633390E-08     -0.19375517E-18      0.89416938E-08     -0.37841428E-19
    8.000000000000         0.25590616E-07     -0.21785432E-18      0.40654554E-07     -0.48198292E-19
    9.000000000000         0.96307433E-07     -0.25128960E-18      0.14143363E-06     -0.66870564E-19
   10.000000000000         0.29019463E-06     -0.27685933E-18      0.38777440E-06     -0.51139466E-19
   11.000000000000         0.71622887E-06     -0.29503291E-18      0.85206846E-06     -0.36347150E-19
   12.000000000000         0.14754446E-05     -0.32092349E-18      0.15184314E-05     -0.51781162E-19
   13.000000000000         0.25564612E-05     -0.35419258E-18      0.21620333E-05     -0.66538183E-19
   14.000000000000         0.37930302E-05     -0.37835599E-18      0.24731380E-05     -0.48326830E-19
   15.000000000000         0.49881213E-05     -0.40569710E-18      0.23901821E-05     -0.54682207E-19
   16.000000000000         0.60054351E-05     -0.44092826E-18      0.20346277E-05     -0.70462325E-19
   17.000000000000         0.67909549E-05     -0.45037849E-18      0.15710397E-05     -0.18900466E-19
   18.000000000000         0.73602972E-05     -0.47889911E-18      0.11386846E-05     -0.57041232E-19
   19.000000000000         0.77705168E-05     -0.50094739E-18      0.82043916E-06     -0.44096562E-19
   20.000000000000         0.80881228E-05     -0.53271543E-18      0.63521194E-06     -0.63536091E-19
   21.000000000000         0.83640693E-05     -0.57975745E-18      0.55189304E-06     -0.94084039E-19
   22.000000000000         0.86223777E-05     -0.59774150E-18      0.51661678E-06     -0.35968092E-19
   23.000000000000         0.88617384E-05     -0.63280101E-18      0.47872128E-06     -0.70119012E-19
   24.000000000000         0.90668739E-05     -0.65817747E-18      0.41027101E-06     -0.50752934E-19
   25.000000000000         0.92250112E-05     -0.69471187E-18      0.31627476E-06     -0.73068785E-19
   26.000000000000         0.93397317E-05     -0.70976746E-18      0.22944083E-06     -0.30111180E-19
   27.000000000000         0.94341001E-05     -0.74062645E-18      0.18873698E-06     -0.61717992E-19
   28.000000000000         0.95397017E-05     -0.77754044E-18      0.21120317E-06     -0.73827982E-19
   29.000000000000         0.96779944E-05     -0.81313167E-18      0.27658542E-06     -0.71182447E-19
   30.000000000000         0.98479704E-05     -0.84478128E-18      0.33995196E-06     -0.63299230E-19
   31.000000000000         0.10028888E-04     -0.87571682E-18      0.36183504E-06     -0.61871082E-19
   32.000000000000         0.10195101E-04     -0.88861944E-18      0.33242520E-06     -0.25805239E-19
   33.000000000000         0.10331221E-04     -0.92246414E-18      0.27224175E-06     -0.67689403E-19
   34.000000000000         0.10437013E-04     -0.96466180E-18      0.21158224E-06     -0.84395308E-19
   35.000000000000         0.10521850E-04     -0.97775221E-18      0.16967540E-06     -0.26180826E-19
   36.000000000000         0.10595665E-04     -0.10091409E-17      0.14762858E-06     -0.62777339E-19
   37.000000000000         0.10663232E-04     -0.10451031E-17      0.13513414E-06     -0.71924514E-19
   38.000000000000         0.10724321E-04     -0.10586644E-17      0.12217938E-06     -0.27122472E-19
   39.000000000000         0.10776843E-04     -0.10773010E-17      0.10504365E-06     -0.37273222E-19
   40.000000000000         0.10820558E-04     -0.10857506E-17      0.87428963E-07     -0.16899139E-19
   41.000000000000         0.10859192E-04     -0.11223162E-17      0.77267869E-07     -0.73131234E-19
   42.000000000000         0.10898793E-04     -0.11578697E-17      0.79203879E-07     -0.71107146E-19
   43.000000000000         0.10943120E-04     -0.11933698E-17      0.88653152E-07     -0.71000143E-19
   44.000000000000         0.10990028E-04     -0.12348192E-17      0.93816524E-07     -0.82898858E-19
   45.000000000000         0.11033389E-04     -0.12626068E-17      0.86720444E-07     -0.55575192E-19
   46.000000000000         0.11068777E-04     -0.12898185E-17      0.70776478E-07     -0.54423371E-19
   47.000000000000         0.11096528E-04     -0.13056866E-17      0.55503315E-07     -0.31736184E-19
   48.000000000000         0.11120120E-04     -0.13636206E-17      0.47183968E-07     -0.11586799E-18
   49.000000000000         0.11143022E-04     -0.13855855E-17      0.45802802E-07     -0.43929864E-19
   50.000000000000         0.11166513E-04     -0.14291477E-17      0.46982907E-07     -0.87124414E-19
   51.000000000000         0.11189601E-04     -0.14170172E-17      0.46176216E-07      0.24261053E-19
   52.000000000000         0.11210694E-04     -0.14561579E-17      0.42184511E-07     -0.78281256E-19
   53.000000000000         0.11229022E-04     -0.14890156E-17      0.36657272E-07     -0.65715592E-19
   54.000000000000         0.11245170E-04     -0.15066438E-17      0.32295640E-07     -0.35256331E-19
   55.000000000000         0.11260723E-04     -0.15221053E-17      0.31105105E-07     -0.30922919E-19
   56.000000000000         0.11276967E-04     -0.15529660E-17      0.32489121E-07     -0.61721389E-19
   57.000000000000         0.11293654E-04     -0.15743686E-17      0.33374594E-07     -0.42805186E-19
   58.000000000000         0.11309074E-04     -0.15949994E-17      0.30839876E-07     -0.41261704E-19
   59.000000000000         0.11321517E-04     -0.16384178E-17      0.24886132E-07     -0.86836681E-19
   60.000000000000         0.11330672E-04     -0.16663156E-17      0.18309469E-07     -0.55795612E-19
   61.000000000000         0.11337572E-04     -0.17011754E-17      0.13800391E-07     -0.69719716E-19
   62.000000000000         0.11343670E-04     -0.17319887E-17      0.12194626E-07     -0.61626556E-19
   63.000000000000         0.11350040E-04     -0.17394540E-17      0.12740826E-07     -0.14930689E-19
   64.000000000000         0.11356905E-04     -0.17876074E-17      0.13729949E-07     -0.96306760E-19
   65.000000000000         0.11363554E-04     -0.18144765E-17      0.13298734E-07     -0.53738256E-19
   66.000000000000         0.11368918E-04     -0.18431898E-17      0.10727673E-07     -0.57426579E-19
   67.000000000000         0.11372667E-04     -0.18859165E-17      0.74979498E-08     -0.85453289E-19
   68.000000000000         0.11375841E-04     -0.19201874E-17      0.63481529E-08     -0.68541750E-19
   69.000000000000         0.11380107E-04     -0.19734317E-17      0.85315045E-08     -0.10648877E-18
   70.000000000000         0.11386133E-04     -0.20189314E-17      0.12051477E-07     -0.90999382E-19
   71.000000000000         0.11392908E-04     -0.20606415E-17      0.13549355E-07     -0.83420131E-19
   72.000000000000         0.11398737E-04     -0.21055642E-17      0.11658190E-07     -0.89845471E-19
   73.000000000000         0.11402748E-04     -0.21484775E-17      0.80230396E-08     -0.85826519E-19
   74.000000000000         0.11405560E-04     -0.21828504E-17      0.56239875E-08     -0.68745775E-19
   75.000000000000         0.11408365E-04     -0.22016824E-17      0.56100021E-08     -0.37664001E-19
   76.000000000000         0.11411687E-04     -0.22280821E-17      0.66430172E-08     -0.52799384E-19
   77.000000000000         0.11415343E-04     -0.22589992E-17      0.73124400E-08     -0.61834221E-19
   78.000000000000         0.11419126E-04     -0.23002758E-17      0.75664376E-08     -0.82553277E-19
   79.000000000000         0.11423117E-04     -0.23369078E-17      0.79824102E-08     -0.73263936E-19
   80.000000000000         0.11427493E-04     -0.23480191E-17      0.87509701E-08     -0.22222624E-19
   81.000000000000         0.11432399E-04     -0.23970734E-17      0.98122326E-08     -0.98108624E-19
   82.000000000000         0.11437878E-04     -0.24345307E-17      0.10958604E-07     -0.74914625E-19
   83.000000000000         0.11443733E-04     -0.24248624E-17      0.11708964E-07      0.19336690E-19
   84.000000000000         0.11449580E-04     -0.24803296E-17      0.11694058E-07     -0.11093447E-18
   85.000000000000         0.11455051E-04     -0.25153556E-17      0.10942317E-07     -0.70051991E-19
   86.000000000000         0.11459994E-04     -0.25662214E-17      0.98858255E-08     -0.10173149E-18
   87.000000000000         0.11464522E-04     -0.25869675E-17      0.90558841E-08     -0.41492357E-19
   88.000000000000         0.11468824E-04     -0.26309287E-17      0.86036736E-08     -0.87922304E-19
   89.000000000000         0.11473089E-04     -0.26713568E-17      0.85303516E-08     -0.80856313E-19
   90.000000000000         0.11477540E-04     -0.26903942E-17      0.89015750E-08     -0.38074792E-19
   91.000000000000         0.11482335E-04     -0.27132728E-17      0.95914934E-08     -0.45757162E-19
   92.000000000000         0.11487335E-04     -0.27407696E-17      0.10000057E-07     -0.54993493E-19
   93.000000000000         0.11492050E-04     -0.27561245E-17      0.94289102E-08     -0.30709907E-19
   94.000000000000         0.11495973E-04     -0.28019011E-17      0.78458890E-08     -0.91553085E-19
   95.000000000000         0.11498989E-04     -0.28051512E-17      0.60330040E-08     -0.65003057E-20
   96.000000000000         0.11501551E-04     -0.28179701E-17      0.51234935E-08     -0.25637680E-19
   97.000000000000         0.11504585E-04     -0.28643748E-17      0.60689009E-08     -0.92809536E-19
   98.000000000000         0.11509149E-04     -0.29006814E-17      0.91266028E-08     -0.72613084E-19
   99.000000000000         0.11515960E-04     -0.29374223E-17      0.13622280E-07     -0.73481945E-19
  100.000000000000         0.11525045E-04     -0.29733717E-17      0.18170801E-07     -0.71898743E-19
  101.000000000000         0.11535704E-04     -0.29981045E-17      0.21316530E-07     -0.49465531E-19
  102.000000000000         0.11546815E-04     -0.30382826E-17      0.22222479E-07     -0.80356313E-19
  103.000000000000         0.11557319E-04     -0.30450562E-17      0.21007677E-07     -0.13547050E-19
  104.000000000000         0.11566663E-04     -0.30600606E-17      0.18688718E-07     -0.30008897E-19
  105.000000000000         0.11574942E-04     -0.30957175E-17      0.16558630E-07     -0.71313860E-19
  106.000000000000         0.11582533E-04     -0.31291676E-17      0.15180747E-07     -0.66900067E-19
  107.000000000000         0.11589543E-04     -0.31820096E-17      0.14019948E-07     -0.10568403E-18
  108.000000000000         0.11595682E-04     -0.32156734E-17      0.12278210E-07     -0.67327592E-19
  109.000000000000         0.11600643E-04     -0.32815485E-17      0.99234296E-08     -0.13175031E-18
  110.000000000000         0.11604564E-04     -0.33293962E-17      0.78408357E-08     -0.95695407E-19
  111.000000000000         0.11608015E-04     -0.33536308E-17      0.69018485E-08     -0.48469126E-19
  112.000000000000         0.11611496E-04     -0.33837888E-17      0.69620981E-08     -0.60315916E-19
  113.000000000000         0.11615060E-04     -0.34056876E-17      0.71293197E-08     -0.43797589E-19
  114.000000000000         0.11618515E-04     -0.34576118E-17      0.69096919E-08     -0.10384853E-18
  115.000000000000         0.11621858E-04     -0.34821354E-17      0.66862594E-08     -0.49047200E-19
  116.000000000000         0.11625400E-04     -0.35204742E-17      0.70826004E-08     -0.76677531E-19
  117.000000000000         0.11629558E-04     -0.35623212E-17      0.83172138E-08     -0.83694016E-19
  118.000000000000         0.11634695E-04     -0.35914293E-17      0.10274125E-07     -0.58216292E-19
  119.000000000000         0.11641049E-04     -0.36119052E-17      0.12708097E-07     -0.40951745E-19
  120.000000000000         0.11648662E-04     -0.36408745E-17      0.15224750E-07     -0.57938612E-19
  121.000000000000         0.11657335E-04     -0.36579987E-17      0.17346785E-07     -0.34248448E-19
  122.000000000000         0.11666647E-04     -0.36550487E-17      0.18624332E-07      0.58999960E-20
  123.000000000000         0.11676035E-04     -0.36871664E-17      0.18775841E-07     -0.64235347E-19
  124.000000000000         0.11684941E-04     -0.37292096E-17      0.17810571E-07     -0.84086285E-19
  125.000000000000         0.11692907E-04     -0.37698188E-17      0.15933094E-07     -0.81218434E-19
  126.000000000000         0.11699638E-04     -0.37988911E-17      0.13462299E-07     -0.58144622E-19
  127.000000000000         0.11705074E-04     -0.38578525E-17      0.10871936E-07     -0.11792275E-18
  128.000000000000         0.11709441E-04     -0.39051141E-17      0.87327919E-08     -0.94523295E-19
  129.000000000000         0.11713054E-04     -0.39302198E-17      0.72260582E-08     -0.50211467E-19
  130.000000000000         0.11716068E-04     -0.39463872E-17      0.60284408E-08     -0.32334681E-19
  131.000000000000         0.11718534E-04     -0.39829926E-17      0.49314863E-08     -0.73210730E-19
  132.000000000000         0.11720476E-04     -0.39975434E-17      0.38855710E-08     -0.29101625E-19
  133.000000000000         0.11721928E-04     -0.40335218E-17      0.29024884E-08     -0.71956957E-19
  134.000000000000         0.11722974E-04     -0.40823674E-17      0.20927009E-08     -0.97691173E-19
  135.000000000000         0.11723846E-04     -0.40950130E-17      0.17441713E-08     -0.25291207E-19
  136.000000000000         0.11724963E-04     -0.41277199E-17      0.22345012E-08     -0.65413728E-19
  137.000000000000         0.11726687E-04     -0.41880590E-17      0.34481776E-08     -0.12067826E-18
  138.000000000000         0.11729092E-04     -0.42241234E-17      0.48091210E-08     -0.72128799E-19
  139.000000000000         0.11731961E-04     -0.42589952E-17      0.57379878E-08     -0.69743576E-19
  140.000000000000         0.11735011E-04     -0.42957909E-17      0.60992494E-08     -0.73591310E-19
  141.000000000000         0.11738164E-04     -0.43529511E-17      0.63066658E-08     -0.11432041E-18
  142.000000000000         0.11741492E-04     -0.43892877E-17      0.66559566E-08     -0.72673150E-19
  143.000000000000         0.11744951E-04     -0.44145149E-17      0.69181690E-08     -0.50454470E-19
  144.000000000000         0.11748389E-04     -0.44687148E-17      0.68767045E-08     -0.10839979E-18
  145.000000000000         0.11751724E-04     -0.45019875E-17      0.66683259E-08     -0.66545433E-19
  146.000000000000         0.11754923E-04     -0.45125016E-17      0.63982597E-08     -0.21028297E-19
  147.000000000000         0.11757898E-04     -0.45638361E-17      0.59504649E-08     -0.10266883E-18
  148.000000000000         0.11760488E-04     -0.46072912E-17      0.51794393E-08     -0.86910198E-19
  149.000000000000         0.11762503E-04     -0.46084328E-17      0.40306178E-08     -0.22832967E-20
  150.000000000000         0.11763939E-04     -0.46523795E-17      0.28720797E-08     -0.87893423E-19
  151.000000000000         0.11765061E-04     -0.46769010E-17      0.22448729E-08     -0.49043036E-19
  152.000000000000         0.11766218E-04     -0.47335921E-17      0.23123911E-08     -0.11338222E-18
  153.000000000000         0.11767642E-04     -0.47738317E-17      0.28482972E-08     -0.80479205E-19
  154.000000000000         0.11769213E-04     -0.48130115E-17      0.31426788E-08     -0.78359511E-19
  155.000000000000         0.11770490E-04     -0.48446652E-17      0.25530674E-08     -0.63307352E-19
  156.000000000000         0.11771094E-04     -0.48749644E-17      0.12085912E-08     -0.60598456E-19
  157.000000000000         0.11771062E-04     -0.49204055E-17     -0.63898959E-10     -0.90882249E-19
  158.000000000000         0.11770902E-04     -0.49665443E-17     -0.31956671E-09     -0.92277630E-19
  159.000000000000         0.11771228E-04     -0.50442756E-17      0.65199861E-09     -0.15546244E-18
  160.000000000000         0.11772314E-04     -0.50656475E-17      0.21709277E-08     -0.42743879E-19
  161.000000000000         0.11773796E-04     -0.51120121E-17      0.29641468E-08     -0.92729183E-19
  162.000000000000         0.11774849E-04     -0.51251399E-17      0.21064260E-08     -0.26255641E-19
  163.000000000000         0.11775001E-04     -0.51640401E-17      0.30444031E-09     -0.77800389E-19
  164.000000000000         0.11774618E-04     -0.51934402E-17     -0.76566824E-09     -0.58800212E-19
  165.000000000000         0.11774486E-04     -0.52080231E-17     -0.26513116E-09     -0.29165780E-19
  166.000000000000         0.11775099E-04     -0.52441964E-17      0.12262432E-08     -0.72346614E-19
  167.000000000000         0.11776365E-04     -0.52670430E-17      0.25328617E-08     -0.45693227E-19
  168.000000000000         0.11777750E-04     -0.53157897E-17      0.27692549E-08     -0.97493326E-19
  169.000000000000         0.11778683E-04     -0.53621701E-17      0.18656619E-08     -0.92760900E-19
  170.000000000000         0.11779046E-04     -0.53689902E-17      0.72677220E-09     -0.13640083E-19
  171.000000000000         0.11779359E-04     -0.53828378E-17      0.62506404E-09     -0.27695212E-19
  172.000000000000         0.11780457E-04     -0.54075760E-17      0.21965108E-08     -0.49476482E-19
  173.000000000000         0.11782850E-04     -0.54528670E-17      0.47856599E-08     -0.90582031E-19
  174.000000000000         0.11786202E-04     -0.54883688E-17      0.67045431E-08     -0.71003522E-19
  175.000000000000         0.11789425E-04     -0.55057031E-17      0.64457472E-08     -0.34668575E-19
  176.000000000000         0.11791533E-04     -0.55384516E-17      0.42170516E-08     -0.65497004E-19
  177.000000000000         0.11792497E-04     -0.55686435E-17      0.19274110E-08     -0.60383824E-19
  178.000000000000         0.11793146E-04     -0.56135850E-17      0.12968395E-08     -0.89883000E-19
  179.000000000000         0.11794430E-04     -0.56311057E-17      0.25679365E-08     -0.35041324E-19
  180.000000000000         0.11796836E-04     -0.56503689E-17      0.48128775E-08     -0.38526380E-19
  181.000000000000         0.11800240E-04     -0.56889872E-17      0.68077932E-08     -0.77236673E-19
  182.000000000000         0.11804109E-04     -0.57104131E-17      0.77388659E-08     -0.42851824E-19
  183.000000000000         0.11807773E-04     -0.57393027E-17      0.73278252E-08     -0.57779137E-19
  184.000000000000         0.11810728E-04     -0.57887759E-17      0.59090946E-08     -0.98946390E-19
  185.000000000000         0.11812913E-04     -0.58131868E-17      0.43705460E-08     -0.48821799E-19
  186.000000000000         0.11814688E-04     -0.58168176E-17      0.35502486E-08     -0.72616084E-20
  187.000000000000         0.11816475E-04     -0.58501746E-17      0.35745494E-08     -0.66714052E-19
  188.000000000000         0.11818376E-04     -0.58609034E-17      0.38002874E-08     -0.21457630E-19
  189.000000000000         0.11820159E-04     -0.58905616E-17      0.35664421E-08     -0.59316356E-19
  190.000000000000         0.11821561E-04     -0.59263409E-17      0.28051004E-08     -0.71558680E-19
  191.000000000000         0.11822524E-04     -0.59432567E-17      0.19255539E-08     -0.33831484E-19
  192.000000000000         0.11823351E-04     -0.59723591E-17      0.16544129E-08     -0.58204846E-19
  193.000000000000         0.11824739E-04     -0.59822370E-17      0.27762821E-08     -0.19755719E-19
  194.000000000000         0.11827394E-04     -0.60133401E-17      0.53090060E-08     -0.62206209E-19
  195.000000000000         0.11831406E-04     -0.60556660E-17      0.80245770E-08     -0.84651823E-19
  196.000000000000         0.11836021E-04     -0.60890485E-17      0.92286850E-08     -0.66765002E-19
  197.000000000000         0.11840034E-04     -0.61370952E-17      0.80271146E-08     -0.96093422E-19
  198.000000000000         0.11842642E-04     -0.61848970E-17      0.52147991E-08     -0.95603714E-19
  199.000000000000         0.11844129E-04     -0.61864552E-17      0.29747884E-08     -0.31163705E-20
  200.000000000000         0.11845688E-04     -0.62246427E-17      0.31173922E-08     -0.76374844E-19
  201.000000000000         0.11848591E-04     -0.62442817E-17      0.58068435E-08     -0.39278012E-19
  202.000000000000         0.11853392E-04     -0.62814837E-17      0.96019706E-08     -0.74404052E-19
  203.000000000000         0.11859591E-04     -0.63167728E-17      0.12398634E-07     -0.70578165E-19
  204.000000000000         0.11865984E-04     -0.63341900E-17      0.12784289E-07     -0.34834510E-19
  205.000000000000         0.11871412E-04     -0.63692700E-17      0.10857651E-07     -0.70159967E-19
  206.000000000000         0.11875403E-04     -0.63969130E-17      0.79817240E-08     -0.55285985E-19
  207.000000000000         0.11878237E-04     -0.64266556E-17      0.56671972E-08     -0.59485124E-19
  208.000000000000         0.11880513E-04     -0.64470270E-17      0.45517265E-08     -0.40742903E-19
  209.000000000000         0.11882658E-04     -0.64917431E-17      0.42904414E-08     -0.89432185E-19
  210.000000000000         0.11884717E-04     -0.65235190E-17      0.41191360E-08     -0.63551813E-19
  211.000000000000         0.11886500E-04     -0.65562768E-17      0.35649981E-08     -0.65515485E-19
  212.000000000000         0.11887911E-04     -0.66033467E-17      0.28225387E-08     -0.94139862E-19
  213.000000000000         0.11889189E-04     -0.66252210E-17      0.25555800E-08     -0.43748608E-19
  214.000000000000         0.11890804E-04     -0.66388332E-17      0.32302118E-08     -0.27224491E-19
  215.000000000000         0.11893096E-04     -0.66956117E-17      0.45832416E-08     -0.11355701E-18
  216.000000000000         0.11895979E-04     -0.67399305E-17      0.57664401E-08     -0.88637561E-19
  217.000000000000         0.11899002E-04     -0.67703382E-17      0.60452764E-08     -0.60815395E-19
  218.000000000000         0.11901678E-04     -0.68148986E-17      0.53518542E-08     -0.89120688E-19
  219.000000000000         0.11903831E-04     -0.68616024E-17      0.43074377E-08     -0.93407702E-19
  220.000000000000         0.11905712E-04     -0.69006887E-17      0.37624194E-08     -0.78172510E-19
  221.000000000000         0.11907845E-04     -0.69398081E-17      0.42643866E-08     -0.78238884E-19
  222.000000000000         0.11910727E-04     -0.69663222E-17      0.57651784E-08     -0.53028180E-19
  223.000000000000         0.11914564E-04     -0.69823395E-17      0.76738250E-08     -0.32034609E-19
  224.000000000000         0.11919156E-04     -0.70206008E-17      0.91829419E-08     -0.76522615E-19
  225.000000000000         0.11924013E-04     -0.70507933E-17      0.97149053E-08     -0.60384963E-19
  226.000000000000         0.11928675E-04     -0.70953595E-17      0.93237590E-08     -0.89132397E-19
  227.000000000000         0.11932871E-04     -0.71462700E-17      0.83923274E-08     -0.10182094E-18
  228.000000000000         0.11936466E-04     -0.71433209E-17      0.71892127E-08      0.58980405E-20
  229.000000000000         0.11939467E-04     -0.71799027E-17      0.60028375E-08     -0.73163550E-19
  230.000000000000         0.11942035E-04     -0.72188955E-17      0.51349276E-08     -0.77985466E-19
  231.000000000000         0.11944358E-04     -0.72318712E-17      0.46471233E-08     -0.25951445E-19
  232.000000000000         0.11946552E-04     -0.72825039E-17      0.43871148E-08     -0.10126535E-18
  233.000000000000         0.11948618E-04     -0.72991897E-17      0.41334130E-08     -0.33371611E-19
  234.000000000000         0.11950498E-04     -0.73512151E-17      0.37585403E-08     -0.10405084E-18
  235.000000000000         0.11952176E-04     -0.73852180E-17      0.33559350E-08     -0.68005802E-19
  236.000000000000         0.11953753E-04     -0.74119938E-17      0.31553400E-08     -0.53551626E-19
  237.000000000000         0.11955362E-04     -0.74623771E-17      0.32168715E-08     -0.10076662E-18
  238.000000000000         0.11957032E-04     -0.74964971E-17      0.33394203E-08     -0.68240072E-19
  239.000000000000         0.11958727E-04     -0.75417624E-17      0.33914482E-08     -0.90530570E-19
  240.000000000000         0.11960398E-04     -0.75359560E-17      0.33412187E-08      0.11612852E-19
  241.000000000000         0.11961949E-04     -0.75705611E-17      0.31022560E-08     -0.69210141E-19
  242.000000000000         0.11963350E-04     -0.75749770E-17      0.28021496E-08     -0.88317887E-20
  243.000000000000         0.11964745E-04     -0.76196245E-17      0.27889372E-08     -0.89295011E-19
  244.000000000000         0.11966334E-04     -0.76497152E-17      0.31794759E-08     -0.60181537E-19
  245.000000000000         0.11968249E-04     -0.76834863E-17      0.38295896E-08     -0.67542087E-19
  246.000000000000         0.11970502E-04     -0.77076921E-17      0.45048969E-08     -0.48411714E-19
  247.000000000000         0.11972898E-04     -0.77366738E-17      0.47938422E-08     -0.57963301E-19
  248.000000000000         0.11975137E-04     -0.77836210E-17      0.44762084E-08     -0.93894377E-19
  249.000000000000         0.11977049E-04     -0.78113982E-17      0.38246457E-08     -0.55554548E-19
  250.000000000000         0.11978696E-04     -0.78411241E-17      0.32948359E-08     -0.59451638E-19
  251.000000000000         0.11980290E-04     -0.78817492E-17      0.31865360E-08     -0.81250200E-19
  252.000000000000         0.11982009E-04     -0.79343116E-17      0.34382862E-08     -0.10512487E-18
  253.000000000000         0.11983899E-04     -0.79636186E-17      0.37803682E-08     -0.58614030E-19
  254.000000000000         0.11985861E-04     -0.80158497E-17      0.39237932E-08     -0.10446225E-18
  255.000000000000         0.11987758E-04     -0.80282860E-17      0.37953052E-08     -0.24872550E-19
  256.000000000000         0.11989499E-04     -0.80495699E-17      0.34821745E-08     -0.42567842E-19
  257.000000000000         0.11990938E-04     -0.80914488E-17      0.28778282E-08     -0.83757675E-19
  258.000000000000         0.11991962E-04     -0.81026615E-17      0.20471510E-08     -0.22425367E-19
  259.000000000000         0.11992673E-04     -0.81261813E-17      0.14223044E-08     -0.47039646E-19
  260.000000000000         0.11993313E-04     -0.81646546E-17      0.12788194E-08     -0.76946670E-19
  261.000000000000         0.11994067E-04     -0.82066820E-17      0.15098257E-08     -0.84054810E-19
  262.000000000000         0.11995002E-04     -0.82593174E-17      0.18683040E-08     -0.10527067E-18
  263.000000000000         0.11996100E-04     -0.82930609E-17      0.21972610E-08     -0.67487066E-19
  264.000000000000         0.11997258E-04     -0.83229207E-17      0.23164756E-08     -0.59719574E-19
  265.000000000000         0.11998265E-04     -0.83346800E-17      0.20124906E-08     -0.23518698E-19
  266.000000000000         0.11998932E-04     -0.83550104E-17      0.13353123E-08     -0.40660713E-19
  267.000000000000         0.11999285E-04     -0.83840742E-17      0.70473168E-09     -0.58127735E-19
  268.000000000000         0.11999556E-04     -0.84402508E-17      0.54340522E-09     -0.11235310E-18
  269.000000000000         0.11999936E-04     -0.84774667E-17      0.75937956E-09     -0.74431787E-19
  270.000000000000         0.12000373E-04     -0.84919945E-17      0.87450454E-09     -0.29055650E-19
  271.000000000000         0.12000690E-04     -0.84913288E-17      0.63285814E-09      0.13313662E-20
  272.000000000000         0.12000815E-04     -0.85210229E-17      0.25008159E-09     -0.59388032E-19
  273.000000000000         0.12000798E-04     -0.85363545E-17     -0.34655436E-10     -0.30663368E-19
  274.000000000000         0.12000700E-04     -0.85729966E-17     -0.19509583E-09     -0.73284124E-19
  275.000000000000         0.12000654E-04     -0.86199588E-17     -0.91932318E-10     -0.93924304E-19
  276.000000000000         0.12000843E-04     -0.86413315E-17      0.37815057E-09     -0.42745433E-19
  277.000000000000         0.12001386E-04     -0.86697669E-17      0.10858304E-08     -0.56870771E-19
  278.000000000000         0.12002258E-04     -0.86982837E-17      0.17431618E-08     -0.57033781E-19
  279.000000000000         0.12003205E-04     -0.87237210E-17      0.18956189E-08     -0.50874436E-19
  280.000000000000         0.12003883E-04     -0.87600858E-17      0.13553078E-08     -0.72729746E-19
  281.000000000000         0.12004085E-04     -0.87893038E-17      0.40385693E-09     -0.58435923E-19
  282.000000000000         0.12003868E-04     -0.88335285E-17     -0.43343144E-09     -0.88449312E-19
  283.000000000000         0.12003536E-04     -0.88726222E-17     -0.66366859E-09     -0.78187568E-19
  284.000000000000         0.12003435E-04     -0.88938712E-17     -0.20245081E-09     -0.42497998E-19
  285.000000000000         0.12003767E-04     -0.89327528E-17      0.66315605E-09     -0.77763133E-19
  286.000000000000         0.12004502E-04     -0.89648351E-17      0.14698791E-08     -0.64164499E-19
  287.000000000000         0.12005406E-04     -0.90039151E-17      0.18088736E-08     -0.78160061E-19
  288.000000000000         0.12006230E-04     -0.90159840E-17      0.16473669E-08     -0.24137795E-19
  289.000000000000         0.12006859E-04     -0.90590131E-17      0.12591883E-08     -0.86058174E-19
  290.000000000000         0.12007321E-04     -0.90934815E-17      0.92374581E-09     -0.68936828E-19
  291.000000000000         0.12007704E-04     -0.91353856E-17      0.76589556E-09     -0.83808193E-19
  292.000000000000         0.12008054E-04     -0.91607439E-17      0.69927738E-09     -0.50716615E-19
  293.000000000000         0.12008347E-04     -0.91680946E-17      0.58693866E-09     -0.14701392E-19
  294.000000000000         0.12008583E-04     -0.91961246E-17      0.47128159E-09     -0.56060088E-19
  295.000000000000         0.12008800E-04     -0.92391467E-17      0.43463549E-09     -0.86044158E-19
  296.000000000000         0.12009022E-04     -0.92650469E-17      0.44351072E-09     -0.51800302E-19
  297.000000000000         0.12009255E-04     -0.92944525E-17      0.46494822E-09     -0.58811202E-19
  298.000000000000         0.12009526E-04     -0.93217600E-17      0.54235516E-09     -0.54615072E-19
  299.000000000000         0.12009914E-04     -0.93443321E-17      0.77731641E-09     -0.45144172E-19
  300.000000000000         0.12010503E-04     -0.93849479E-17      0.11774080E-08     -0.81231583E-19
  301.000000000000         0.12011275E-04     -0.93783837E-17      0.15443084E-08      0.13128354E-19
  302.000000000000         0.12012084E-04     -0.94242784E-17      0.16175491E-08     -0.91789513E-19
  303.000000000000         0.12012734E-04     -0.94709065E-17      0.13006045E-08     -0.93256173E-19
  304.000000000000         0.12013170E-04     -0.95034533E-17      0.87106530E-09     -0.65093630E-19
  305.000000000000         0.12013614E-04     -0.95489939E-17      0.88814786E-09     -0.91081174E-19
  306.000000000000         0.12014462E-04     -0.95900465E-17      0.16963415E-08     -0.82105042E-19
  307.000000000000         0.12015986E-04     -0.96233751E-17      0.30486850E-08     -0.66657316E-19
  308.000000000000         0.12018092E-04     -0.96373344E-17      0.42119042E-08     -0.27918492E-19
  309.000000000000         0.12020368E-04     -0.96602512E-17      0.45515782E-08     -0.45833735E-19
  310.000000000000         0.12022372E-04     -0.97136954E-17      0.40078696E-08     -0.10688841E-18
  311.000000000000         0.12023904E-04     -0.97261488E-17      0.30647052E-08     -0.24906801E-19
  312.000000000000         0.12025092E-04     -0.97500926E-17      0.23752782E-08     -0.47887471E-19
  313.000000000000         0.12026236E-04     -0.98037656E-17      0.22878254E-08     -0.10734606E-18
  314.000000000000         0.12027538E-04     -0.98271778E-17      0.26029529E-08     -0.46824355E-19
  315.000000000000         0.12028947E-04     -0.98623027E-17      0.28190478E-08     -0.70249777E-19
  316.000000000000         0.12030269E-04     -0.98895427E-17      0.26435280E-08     -0.54480115E-19
  317.000000000000         0.12031383E-04     -0.99017490E-17      0.22286086E-08     -0.24412563E-19
  318.000000000000         0.12032357E-04     -0.99505452E-17      0.19483676E-08     -0.97592339E-19
  319.000000000000         0.12033367E-04     -0.99621306E-17      0.20191808E-08     -0.23170812E-19
  320.000000000000         0.12034547E-04     -0.99661685E-17      0.23603910E-08     -0.80758896E-20
  321.000000000000         0.12035919E-04     -0.10008482E-16      0.27430356E-08     -0.84626792E-19
  322.000000000000         0.12037389E-04     -0.10036746E-16      0.29409237E-08     -0.56527719E-19
  323.000000000000         0.12038812E-04     -0.10074594E-16      0.28466708E-08     -0.75695532E-19
  324.000000000000         0.12040100E-04     -0.10101535E-16      0.25748320E-08     -0.53882958E-19
  325.000000000000         0.12041292E-04     -0.10128609E-16      0.23843339E-08     -0.54147286E-19
  326.000000000000         0.12042526E-04     -0.10171167E-16      0.24683256E-08     -0.85117372E-19
  327.000000000000         0.12043959E-04     -0.10209602E-16      0.28652198E-08     -0.76869720E-19
  328.000000000000         0.12045702E-04     -0.10260426E-16      0.34871407E-08     -0.10164735E-18
  329.000000000000         0.12047787E-04     -0.10292157E-16      0.41684396E-08     -0.63461300E-19
  330.000000000000         0.12050128E-04     -0.10311576E-16      0.46833053E-08     -0.38838313E-19
  331.000000000000         0.12052536E-04     -0.10329980E-16      0.48146804E-08     -0.36808058E-19
  332.000000000000         0.12054819E-04     -0.10385197E-16      0.45661210E-08     -0.11043481E-18
  333.000000000000         0.12056892E-04     -0.10414486E-16      0.41473349E-08     -0.58577606E-19
  334.000000000000         0.12058799E-04     -0.10432529E-16      0.38139781E-08     -0.36086737E-19
  335.000000000000         0.12060686E-04     -0.10453939E-16      0.37739105E-08     -0.42818885E-19
  336.000000000000         0.12062694E-04     -0.10455844E-16      0.40150066E-08     -0.38108863E-20
  337.000000000000         0.12064820E-04     -0.10489590E-16      0.42521772E-08     -0.67492358E-19
  338.000000000000         0.12066906E-04     -0.10537305E-16      0.41721040E-08     -0.95430088E-19
  339.000000000000         0.12068749E-04     -0.10553384E-16      0.36868395E-08     -0.32157987E-19
  340.000000000000         0.12070238E-04     -0.10583176E-16      0.29780866E-08     -0.59583384E-19
  341.000000000000         0.12071433E-04     -0.10623765E-16      0.23895007E-08     -0.81178430E-19
  342.000000000000         0.12072525E-04     -0.10638750E-16      0.21831620E-08     -0.29968485E-19
  343.000000000000         0.12073682E-04     -0.10674261E-16      0.23141485E-08     -0.71022300E-19
  344.000000000000         0.12074955E-04     -0.10727400E-16      0.25462445E-08     -0.10627834E-18
  345.000000000000         0.12076301E-04     -0.10754510E-16      0.26914138E-08     -0.54221139E-19
  346.000000000000         0.12077631E-04     -0.10776371E-16      0.26618572E-08     -0.43720530E-19
  347.000000000000         0.12078843E-04     -0.10821952E-16      0.24226145E-08     -0.91163024E-19
  348.000000000000         0.12079886E-04     -0.10865252E-16      0.20855230E-08     -0.86600070E-19
  349.000000000000         0.12080831E-04     -0.10903859E-16      0.18914974E-08     -0.77214032E-19
  350.000000000000         0.12081797E-04     -0.10939550E-16      0.19312985E-08     -0.71381349E-19
  351.000000000000         0.12082863E-04     -0.10960760E-16      0.21328910E-08     -0.42420050E-19
  352.000000000000         0.12084030E-04     -0.10983184E-16      0.23341175E-08     -0.44847983E-19
  353.000000000000         0.12085210E-04     -0.10984524E-16      0.23590048E-08     -0.26806973E-20
  354.000000000000         0.12086332E-04     -0.10994992E-16      0.22431609E-08     -0.20934977E-19
  355.000000000000         0.12087371E-04     -0.11017074E-16      0.20790563E-08     -0.44165313E-19
  356.000000000000         0.12088280E-04     -0.11058066E-16      0.18176406E-08     -0.81983465E-19
  357.000000000000         0.12089038E-04     -0.11059385E-16      0.15171908E-08     -0.26376201E-20
  358.000000000000         0.12089756E-04     -0.11105596E-16      0.14343365E-08     -0.92422903E-19
  359.000000000000         0.12090622E-04     -0.11126436E-16      0.17331635E-08     -0.41678227E-19
  360.000000000000         0.12091749E-04     -0.11173543E-16      0.22528723E-08     -0.94215244E-19
  361.000000000000         0.12093074E-04     -0.11210655E-16      0.26505957E-08     -0.74224508E-19
  362.000000000000         0.12094391E-04     -0.11230382E-16      0.26337795E-08     -0.39453260E-19
  363.000000000000         0.12095435E-04     -0.11296479E-16      0.20875904E-08     -0.13219481E-18
  364.000000000000         0.12096048E-04     -0.11317084E-16      0.12269652E-08     -0.41209940E-19
  365.000000000000         0.12096275E-04     -0.11369607E-16      0.45319182E-09     -0.10504486E-18
  366.000000000000         0.12096313E-04     -0.11404537E-16      0.77328220E-10     -0.69859469E-19
  367.000000000000         0.12096458E-04     -0.11446949E-16      0.28953180E-09     -0.84825395E-19
  368.000000000000         0.12096950E-04     -0.11465757E-16      0.98424658E-09     -0.37615080E-19
  369.000000000000         0.12097731E-04     -0.11505674E-16      0.15624473E-08     -0.79834322E-19
  370.000000000000         0.12098476E-04     -0.11516153E-16      0.14881851E-08     -0.20958637E-19
  371.000000000000         0.12098901E-04     -0.11577741E-16      0.85131104E-09     -0.12317583E-18
  372.000000000000         0.12098985E-04     -0.11630693E-16      0.16768157E-09     -0.10590448E-18
  373.000000000000         0.12098972E-04     -0.11642596E-16     -0.27075267E-10     -0.23805058E-19
  374.000000000000         0.12099143E-04     -0.11677821E-16      0.34230424E-09     -0.70450989E-19
  375.000000000000         0.12099546E-04     -0.11708601E-16      0.80716623E-09     -0.61558889E-19
  376.000000000000         0.12099984E-04     -0.11744509E-16      0.87472660E-09     -0.71817080E-19
  377.000000000000         0.12100199E-04     -0.11796667E-16      0.43130329E-09     -0.10431539E-18
  378.000000000000         0.12100103E-04     -0.11813014E-16     -0.19281928E-09     -0.32694463E-19
  379.000000000000         0.12099863E-04     -0.11876734E-16     -0.47983080E-09     -0.12743922E-18
  380.000000000000         0.12099827E-04     -0.11911664E-16     -0.72334609E-10     -0.69860504E-19
  381.000000000000         0.12100274E-04     -0.11933318E-16      0.89432693E-09     -0.43307018E-19
  382.000000000000         0.12101134E-04     -0.11961856E-16      0.17200151E-08     -0.57076454E-19
  383.000000000000         0.12102011E-04     -0.11975517E-16      0.17543844E-08     -0.27321363E-19
  384.000000000000         0.12102500E-04     -0.12022423E-16      0.97781397E-09     -0.93812348E-19
  385.000000000000         0.12102483E-04     -0.12045012E-16     -0.33582722E-10     -0.45177509E-19
  386.000000000000         0.12102232E-04     -0.12104888E-16     -0.50224879E-09     -0.11975198E-18
  387.000000000000         0.12102207E-04     -0.12132854E-16     -0.50687098E-10     -0.55933194E-19
  388.000000000000         0.12102689E-04     -0.12166301E-16      0.96391148E-09     -0.66894589E-19
  389.000000000000         0.12103599E-04     -0.12187757E-16      0.18214225E-08     -0.42911726E-19
  390.000000000000         0.12104604E-04     -0.12204003E-16      0.20100062E-08     -0.32491321E-19
  391.000000000000         0.12105357E-04     -0.12239820E-16      0.15042134E-08     -0.71633253E-19
  392.000000000000         0.12105726E-04     -0.12270319E-16      0.73812580E-09     -0.60998576E-19
  393.000000000000         0.12105839E-04     -0.12286149E-16      0.22713386E-09     -0.31661000E-19
  394.000000000000         0.12105898E-04     -0.12310189E-16      0.11800262E-09     -0.48079971E-19
  395.000000000000         0.12105993E-04     -0.12358277E-16      0.18902231E-09     -0.96175749E-19
  396.000000000000         0.12106070E-04     -0.12369195E-16      0.15519266E-09     -0.21835721E-19
  397.000000000000         0.12106046E-04     -0.12390295E-16     -0.47698524E-10     -0.42200523E-19
  398.000000000000         0.12105910E-04     -0.12433436E-16     -0.27276972E-09     -0.86281746E-19
  399.000000000000         0.12105764E-04     -0.12438809E-16     -0.29161853E-09     -0.10746151E-19
  400.000000000000         0.12105814E-04     -0.12453615E-16      0.98496536E-10     -0.29611251E-19
  401.000000000000         0.12106216E-04     -0.12469289E-16      0.80437425E-09     -0.31347294E-19
  402.000000000000         0.12106963E-04     -0.12499852E-16      0.14946308E-08     -0.61127177E-19
  403.000000000000         0.12107883E-04     -0.12554075E-16      0.18390658E-08     -0.10844536E-18
  404.000000000000         0.12108714E-04     -0.12593402E-16      0.16635440E-08     -0.78654128E-19
  405.000000000000         0.12109296E-04     -0.12641695E-16      0.11639867E-08     -0.96585592E-19
  406.000000000000         0.12109667E-04     -0.12688017E-16      0.74198541E-09     -0.92644156E-19
  407.000000000000         0.12109995E-04     -0.12737161E-16      0.65459708E-09     -0.98288882E-19
  408.000000000000         0.12110492E-04     -0.12790196E-16      0.99480467E-09     -0.10606905E-18
  409.000000000000         0.12111366E-04     -0.12831715E-16      0.17469828E-08     -0.83038586E-19
  410.000000000000         0.12112707E-04     -0.12845597E-16      0.26836488E-08     -0.27764703E-19
  411.000000000000         0.12114395E-04     -0.12868276E-16      0.33749487E-08     -0.45356429E-19
  412.000000000000         0.12116131E-04     -0.12886536E-16      0.34725256E-08     -0.36521172E-19
  413.000000000000         0.12117629E-04     -0.12905279E-16      0.29956825E-08     -0.37484933E-19
  414.000000000000         0.12118783E-04     -0.12947982E-16      0.23080378E-08     -0.85406292E-19
  415.000000000000         0.12119705E-04     -0.12981163E-16      0.18439981E-08     -0.66363105E-19
  416.000000000000         0.12120622E-04     -0.12983689E-16      0.18334574E-08     -0.50511016E-20
  417.000000000000         0.12121701E-04     -0.13009597E-16      0.21577339E-08     -0.51815473E-19
  418.000000000000         0.12122949E-04     -0.13056497E-16      0.24965018E-08     -0.93799847E-19
  419.000000000000         0.12124254E-04     -0.13094127E-16      0.26097116E-08     -0.75261216E-19
  420.000000000000         0.12125491E-04     -0.13109620E-16      0.24738448E-08     -0.30986385E-19
  421.000000000000         0.12126623E-04     -0.13145680E-16      0.22657848E-08     -0.72118520E-19
  422.000000000000         0.12127712E-04     -0.13219754E-16      0.21779066E-08     -0.14814882E-18
  423.000000000000         0.12128813E-04     -0.13244137E-16      0.22005160E-08     -0.48764908E-19
  424.000000000000         0.12129920E-04     -0.13269227E-16      0.22153898E-08     -0.50181674E-19
  425.000000000000         0.12131012E-04     -0.13299505E-16      0.21841827E-08     -0.60555778E-19
  426.000000000000         0.12132093E-04     -0.13350278E-16      0.21607125E-08     -0.10154452E-18
  427.000000000000         0.12133221E-04     -0.13410657E-16      0.22559934E-08     -0.12075800E-18
  428.000000000000         0.12134478E-04     -0.13447222E-16      0.25141016E-08     -0.73130683E-19
  429.000000000000         0.12135895E-04     -0.13477738E-16      0.28338843E-08     -0.61032138E-19
  430.000000000000         0.12137443E-04     -0.13516010E-16      0.30963106E-08     -0.76544249E-19
  431.000000000000         0.12139069E-04     -0.13565139E-16      0.32517012E-08     -0.98256922E-19
  432.000000000000         0.12140715E-04     -0.13615035E-16      0.32915991E-08     -0.99793028E-19
  433.000000000000         0.12142336E-04     -0.13661926E-16      0.32419034E-08     -0.93782086E-19
  434.000000000000         0.12143906E-04     -0.13710686E-16      0.31411887E-08     -0.97519233E-19
  435.000000000000         0.12145413E-04     -0.13764190E-16      0.30132580E-08     -0.10700835E-18
  436.000000000000         0.12146855E-04     -0.13801759E-16      0.28845705E-08     -0.75137233E-19
  437.000000000000         0.12148248E-04     -0.13817926E-16      0.27850084E-08     -0.32333996E-19
  438.000000000000         0.12149611E-04     -0.13832686E-16      0.27273481E-08     -0.29521534E-19
  439.000000000000         0.12150977E-04     -0.13855956E-16      0.27305428E-08     -0.46538959E-19
  440.000000000000         0.12152373E-04     -0.13924434E-16      0.27926959E-08     -0.13695679E-18
  441.000000000000         0.12153799E-04     -0.13949692E-16      0.28530983E-08     -0.50515190E-19
  442.000000000000         0.12155217E-04     -0.13992093E-16      0.28355694E-08     -0.84803276E-19
  443.000000000000         0.12156571E-04     -0.14019647E-16      0.27077101E-08     -0.55106586E-19
  444.000000000000         0.12157824E-04     -0.14049268E-16      0.25063666E-08     -0.59242567E-19
  445.000000000000         0.12158964E-04     -0.14087766E-16      0.22804524E-08     -0.76996682E-19
  446.000000000000         0.12159995E-04     -0.14126074E-16      0.20612697E-08     -0.76616073E-19
  447.000000000000         0.12160933E-04     -0.14160104E-16      0.18766280E-08     -0.68058632E-19
  448.000000000000         0.12161788E-04     -0.14224712E-16      0.17090919E-08     -0.12921574E-18
  449.000000000000         0.12162570E-04     -0.14260795E-16      0.15645259E-08     -0.72167412E-19
  450.000000000000         0.12163314E-04     -0.14291558E-16      0.14865931E-08     -0.61525437E-19
  451.000000000000         0.12164040E-04     -0.14310203E-16      0.14534520E-08     -0.37290174E-19
  452.000000000000         0.12164760E-04     -0.14357291E-16      0.14389956E-08     -0.94175467E-19
  453.000000000000         0.12165477E-04     -0.14400741E-16      0.14338905E-08     -0.86899825E-19
  454.000000000000         0.12166190E-04     -0.14434102E-16      0.14257113E-08     -0.66721992E-19
  455.000000000000         0.12166886E-04     -0.14474690E-16      0.13932215E-08     -0.81177055E-19
  456.000000000000         0.12167525E-04     -0.14532631E-16      0.12780540E-08     -0.11588072E-18
  457.000000000000         0.12168094E-04     -0.14574352E-16      0.11369969E-08     -0.83443330E-19
  458.000000000000         0.12168674E-04     -0.14584099E-16      0.11601167E-08     -0.19493836E-19
  459.000000000000         0.12169386E-04     -0.14648917E-16      0.14235553E-08     -0.12963620E-18
  460.000000000000         0.12170261E-04     -0.14705407E-16      0.17503027E-08     -0.11298024E-18
  461.000000000000         0.12171173E-04     -0.14742217E-16      0.18247179E-08     -0.73619925E-19
  462.000000000000         0.12171921E-04     -0.14791247E-16      0.14959074E-08     -0.98058935E-19
  463.000000000000         0.12172402E-04     -0.14805682E-16      0.96239867E-09     -0.28871171E-19
  464.000000000000         0.12172694E-04     -0.14830263E-16      0.58374990E-09     -0.49161827E-19
  465.000000000000         0.12172979E-04     -0.14863954E-16      0.57037363E-09     -0.67381317E-19
  466.000000000000         0.12173425E-04     -0.14916614E-16      0.89162086E-09     -0.10531919E-18
  467.000000000000         0.12174066E-04     -0.14930153E-16      0.12820216E-08     -0.27078450E-19
  468.000000000000         0.12174764E-04     -0.14967836E-16      0.13951187E-08     -0.75365909E-19
  469.000000000000         0.12175296E-04     -0.15003818E-16      0.10655488E-08     -0.71964962E-19
  470.000000000000         0.12175526E-04     -0.15045326E-16      0.45875054E-09     -0.83016573E-19
  471.000000000000         0.12175537E-04     -0.15065876E-16      0.22090810E-10     -0.41098321E-19
  472.000000000000         0.12175583E-04     -0.15096975E-16      0.91858908E-10     -0.62198415E-19
  473.000000000000         0.12175863E-04     -0.15126855E-16      0.55987535E-09     -0.59760359E-19
  474.000000000000         0.12176361E-04     -0.15182184E-16      0.99625401E-09     -0.11065888E-18
  475.000000000000         0.12176858E-04     -0.15192893E-16      0.99403951E-09     -0.21417086E-19
  476.000000000000         0.12177130E-04     -0.15204624E-16      0.54358386E-09     -0.23462681E-19
  477.000000000000         0.12177149E-04     -0.15256062E-16      0.39273730E-10     -0.10287508E-18
  478.000000000000         0.12177083E-04     -0.15281464E-16     -0.13246251E-09     -0.50804204E-19
  479.000000000000         0.12177141E-04     -0.15329402E-16      0.11594979E-09     -0.95876436E-19
  480.000000000000         0.12177374E-04     -0.15354376E-16      0.46601073E-09     -0.49946761E-19
  481.000000000000         0.12177616E-04     -0.15406017E-16      0.48399390E-09     -0.10328344E-18
  482.000000000000         0.12177673E-04     -0.15445655E-16      0.11453286E-09     -0.79275798E-19
  483.000000000000         0.12177527E-04     -0.15466421E-16     -0.29246054E-09     -0.41532283E-19
  484.000000000000         0.12177379E-04     -0.15498251E-16     -0.29658942E-09     -0.63659739E-19
  485.000000000000         0.12177516E-04     -0.15515672E-16      0.27381996E-09     -0.34841286E-19
  486.000000000000         0.12178095E-04     -0.15560281E-16      0.11579947E-08     -0.89218298E-19
  487.000000000000         0.12178993E-04     -0.15577029E-16      0.17964552E-08     -0.33495434E-19
  488.000000000000         0.12179857E-04     -0.15605351E-16      0.17283655E-08     -0.56645091E-19
  489.000000000000         0.12180339E-04     -0.15652014E-16      0.96375165E-09     -0.93325043E-19
  490.000000000000         0.12180357E-04     -0.15689765E-16      0.35309646E-10     -0.75501569E-19
  491.000000000000         0.12180165E-04     -0.15727089E-16     -0.38369892E-09     -0.74648016E-19
  492.000000000000         0.12180181E-04     -0.15770483E-16      0.32179922E-10     -0.86788458E-19
  493.000000000000         0.12180683E-04     -0.15802244E-16      0.10047050E-08     -0.63521697E-19
  494.000000000000         0.12181599E-04     -0.15837846E-16      0.18307284E-08     -0.71204046E-19
  495.000000000000         0.12182608E-04     -0.15878949E-16      0.20179426E-08     -0.82206751E-19
  496.000000000000         0.12183395E-04     -0.15946289E-16      0.15745608E-08     -0.13468006E-18
  497.000000000000         0.12183806E-04     -0.15970315E-16      0.82144129E-09     -0.48052370E-19
  498.000000000000         0.12183921E-04     -0.16008670E-16      0.23054208E-09     -0.76709895E-19
  499.000000000000         0.12183975E-04     -0.16064772E-16      0.10918258E-09     -0.11220377E-18
  500.000000000000         0.12184166E-04     -0.16082781E-16      0.38173897E-09     -0.36017728E-19
