 #            500
    0.000000000000         0.23813595E-04     -0.76118323E-18
    1.000000000000         0.46309837E-05      0.21726266E-04
    2.000000000000        -0.16388741E-04      0.75875783E-05
    3.000000000000        -0.80408758E-05     -0.98002064E-05
    4.000000000000         0.40891213E-05     -0.63361579E-05
    5.000000000000         0.36595595E-05      0.55062803E-06
    6.000000000000         0.73279056E-06      0.12959066E-05
    7.000000000000         0.27375854E-07      0.58254433E-06
    8.000000000000        -0.38754975E-07      0.32625953E-06
    9.000000000000        -0.86331718E-07      0.23986226E-06
   10.000000000000        -0.15097331E-06      0.17448697E-06
   11.000000000000        -0.20814638E-06      0.73760281E-07
   12.000000000000        -0.20010609E-06     -0.61270933E-07
   13.000000000000        -0.97238917E-07     -0.16667270E-06
   14.000000000000         0.53837385E-07     -0.15983783E-06
   15.000000000000         0.12960749E-06     -0.39757954E-07
   16.000000000000         0.78781308E-07      0.61852043E-07
   17.000000000000         0.73526875E-08      0.75015211E-07
   18.000000000000        -0.40387624E-07      0.71706116E-07
   19.000000000000        -0.11864354E-06      0.30671884E-07
   20.000000000000        -0.12941522E-06     -0.11629017E-06
   21.000000000000         0.42158210E-07     -0.20903415E-06
   22.000000000000         0.21223138E-06     -0.72013532E-07
   23.000000000000         0.14945793E-06      0.12880182E-06
   24.000000000000        -0.25273312E-07      0.13151832E-06
   25.000000000000        -0.41428718E-07      0.52837117E-08
   26.000000000000         0.72293205E-07      0.21470411E-07
   27.000000000000         0.32212865E-07      0.18824155E-06
   28.000000000000        -0.21812814E-06      0.19507305E-06
   29.000000000000        -0.35045267E-06     -0.91726938E-07
   30.000000000000        -0.13536974E-06     -0.36468136E-06
   31.000000000000         0.20149538E-06     -0.31336903E-06
   32.000000000000         0.32075327E-06     -0.37259251E-07
   33.000000000000         0.18908664E-06      0.16573223E-06
   34.000000000000         0.15490827E-07      0.16588964E-06
   35.000000000000        -0.25523410E-07      0.74103375E-07
   36.000000000000         0.24977110E-07      0.77183722E-07
   37.000000000000        -0.28022459E-07      0.17421681E-06
   38.000000000000        -0.21623439E-06      0.14747552E-06
   39.000000000000        -0.30276989E-06     -0.84172062E-07
   40.000000000000        -0.13878809E-06     -0.29570978E-06
   41.000000000000         0.11289096E-06     -0.28401361E-06
   42.000000000000         0.23980120E-06     -0.11645451E-06
   43.000000000000         0.22363564E-06      0.44323609E-07
   44.000000000000         0.14646258E-06      0.14108650E-06
   45.000000000000         0.47130984E-07      0.18776136E-06
   46.000000000000        -0.65211725E-07      0.17847771E-06
   47.000000000000        -0.14987164E-06      0.10171681E-06
   48.000000000000        -0.16379095E-06     -0.46836714E-09
   49.000000000000        -0.12914536E-06     -0.70938484E-07
   50.000000000000        -0.89744136E-07     -0.11874870E-06
   51.000000000000        -0.26900952E-07     -0.17112419E-06
   52.000000000000         0.91770493E-07     -0.18581687E-06
   53.000000000000         0.22143527E-06     -0.94888843E-07
   54.000000000000         0.24924664E-06      0.97769337E-07
   55.000000000000         0.93976021E-07      0.26067311E-06
   56.000000000000        -0.13808953E-06      0.21585870E-06
   57.000000000000        -0.19665915E-06      0.64051812E-08
   58.000000000000        -0.56502213E-07     -0.87082525E-07
   59.000000000000         0.62348108E-08      0.10556099E-07
   60.000000000000        -0.10954999E-06      0.37287822E-07
   61.000000000000        -0.15557673E-06     -0.12771636E-06
   62.000000000000         0.22574286E-07     -0.25383669E-06
   63.000000000000         0.23732755E-06     -0.13942112E-06
   64.000000000000         0.24224946E-06      0.10481965E-06
   65.000000000000         0.49854891E-07      0.21763344E-06
   66.000000000000        -0.10047080E-06      0.12077765E-06
   67.000000000000        -0.76386870E-07      0.52736211E-08
   68.000000000000        -0.18967842E-07      0.17430406E-07
   69.000000000000        -0.60880888E-07      0.51767539E-07
   70.000000000000        -0.12197406E-06     -0.85289825E-08
   71.000000000000        -0.93809056E-07     -0.11092521E-06
   72.000000000000         0.14092495E-07     -0.15181735E-06
   73.000000000000         0.11040146E-06     -0.91844434E-07
   74.000000000000         0.11762497E-06      0.18168475E-08
   75.000000000000         0.80853245E-07      0.41941329E-07
   76.000000000000         0.70517705E-07      0.67558863E-07
   77.000000000000         0.27572860E-07      0.12426527E-06
   78.000000000000        -0.78716241E-07      0.11967739E-06
   79.000000000000        -0.12837080E-06      0.19016330E-07
   80.000000000000        -0.76660590E-07     -0.50780010E-07
   81.000000000000        -0.37953855E-07     -0.40968476E-07
   82.000000000000        -0.53118806E-07     -0.50416225E-07
   83.000000000000        -0.32195150E-07     -0.11343380E-06
   84.000000000000         0.71281239E-07     -0.14185875E-06
   85.000000000000         0.18161042E-06     -0.53555427E-07
   86.000000000000         0.16885548E-06      0.11033407E-06
   87.000000000000         0.19100949E-07      0.18748657E-06
   88.000000000000        -0.10368774E-06      0.10724557E-06
   89.000000000000        -0.93566450E-07      0.28811901E-08
   90.000000000000        -0.38866054E-07     -0.11091341E-07
   91.000000000000        -0.44919017E-07      0.20701747E-07
   92.000000000000        -0.10792626E-06     -0.24263249E-08
   93.000000000000        -0.12031739E-06     -0.12379913E-06
   94.000000000000         0.26210971E-07     -0.22584276E-06
   95.000000000000         0.22167397E-06     -0.12721023E-06
   96.000000000000         0.22493782E-06      0.10007611E-06
   97.000000000000         0.50541212E-07      0.19586643E-06
   98.000000000000        -0.69536931E-07      0.12032795E-06
   99.000000000000        -0.69036816E-07      0.47199428E-07
  100.000000000000        -0.62450414E-07      0.41569196E-07
  101.000000000000        -0.10277835E-06      0.25615190E-07
  102.000000000000        -0.12888025E-06     -0.54652874E-07
  103.000000000000        -0.64200495E-07     -0.14871926E-06
  104.000000000000         0.62386028E-07     -0.14976505E-06
  105.000000000000         0.12572271E-06     -0.57724948E-07
  106.000000000000         0.10629501E-06      0.95932366E-08
  107.000000000000         0.10077733E-06      0.38615288E-07
  108.000000000000         0.91616847E-07      0.11089202E-06
  109.000000000000        -0.10645661E-07      0.17642727E-06
  110.000000000000        -0.14635270E-06      0.11937774E-06
  111.000000000000        -0.17586896E-06     -0.27608821E-07
  112.000000000000        -0.82330382E-07     -0.12135010E-06
  113.000000000000         0.11868604E-07     -0.97494784E-07
  114.000000000000         0.16145455E-07     -0.52640478E-07
  115.000000000000         0.14769939E-07     -0.82313023E-07
  116.000000000000         0.10560142E-06     -0.92541733E-07
  117.000000000000         0.17723909E-06      0.28112509E-07
  118.000000000000         0.90681503E-07      0.16604468E-06
  119.000000000000        -0.66378217E-07      0.15917576E-06
  120.000000000000        -0.13080812E-06      0.45011145E-07
  121.000000000000        -0.88161936E-07     -0.40894195E-07
  122.000000000000        -0.29432464E-07     -0.46655512E-07
  123.000000000000        -0.23384759E-07     -0.22853216E-07
  124.000000000000        -0.45603921E-07     -0.46320125E-07
  125.000000000000        -0.78981808E-08     -0.10602597E-06
  126.000000000000         0.95398076E-07     -0.97996151E-07
  127.000000000000         0.15019862E-06      0.11405534E-07
  128.000000000000         0.86445221E-07      0.12037694E-06
  129.000000000000        -0.30770141E-07      0.12938517E-06
  130.000000000000        -0.94304278E-07      0.51589788E-07
  131.000000000000        -0.71847770E-07     -0.20235352E-07
  132.000000000000        -0.29779655E-07     -0.28982329E-07
  133.000000000000        -0.28185695E-07     -0.21152956E-07
  134.000000000000        -0.27365299E-07     -0.47929397E-07
  135.000000000000         0.17639555E-07     -0.65498917E-07
  136.000000000000         0.59054561E-07     -0.29039635E-07
  137.000000000000         0.47196568E-07      0.17365888E-07
  138.000000000000         0.17239713E-07      0.22018785E-07
  139.000000000000         0.20019952E-07      0.11210251E-07
  140.000000000000         0.30965366E-07      0.36404217E-07
  141.000000000000        -0.90472042E-08      0.71912382E-07
  142.000000000000        -0.76255278E-07      0.41789851E-07
  143.000000000000        -0.76280390E-07     -0.42592243E-07
  144.000000000000         0.17751105E-08     -0.72470840E-07
  145.000000000000         0.44658897E-07     -0.11745034E-07
  146.000000000000        -0.66995333E-08      0.27969696E-07
  147.000000000000        -0.44688906E-07     -0.29550287E-07
  148.000000000000         0.23413914E-07     -0.81337821E-07
  149.000000000000         0.10230752E-06     -0.17657835E-07
  150.000000000000         0.64586397E-07      0.82926451E-07
  151.000000000000        -0.35485244E-07      0.80541035E-07
  152.000000000000        -0.55219641E-07      0.10739621E-08
  153.000000000000         0.27924274E-08     -0.17744427E-07
  154.000000000000         0.97839528E-08      0.38075203E-07
  155.000000000000        -0.61646827E-07      0.46611636E-07
  156.000000000000        -0.98449019E-07     -0.35931937E-07
  157.000000000000        -0.35009117E-07     -0.11339740E-06
  158.000000000000         0.64365920E-07     -0.10210704E-06
  159.000000000000         0.11145506E-06     -0.23215303E-07
  160.000000000000         0.86633125E-07      0.51890977E-07
  161.000000000000         0.31160207E-07      0.78664982E-07
  162.000000000000        -0.84620441E-08      0.70314466E-07
  163.000000000000        -0.34062625E-07      0.62611228E-07
  164.000000000000        -0.71958036E-07      0.45826473E-07
  165.000000000000        -0.98411867E-07     -0.10061167E-07
  166.000000000000        -0.70179060E-07     -0.75065809E-07
  167.000000000000        -0.74853978E-08     -0.96585602E-07
  168.000000000000         0.41937905E-07     -0.78655142E-07
  169.000000000000         0.73118646E-07     -0.50480195E-07
  170.000000000000         0.99872174E-07     -0.10558045E-07
  171.000000000000         0.10594535E-06      0.56819934E-07
  172.000000000000         0.52252574E-07      0.13113284E-06
  173.000000000000        -0.58715483E-07      0.14423771E-06
  174.000000000000        -0.14593975E-06      0.60139169E-07
  175.000000000000        -0.13592905E-06     -0.55813936E-07
  176.000000000000        -0.55261306E-07     -0.11386884E-06
  177.000000000000         0.19210913E-07     -0.10102820E-06
  178.000000000000         0.51117899E-07     -0.65074902E-07
  179.000000000000         0.66276079E-07     -0.45365677E-07
  180.000000000000         0.10222160E-06     -0.17183900E-07
  181.000000000000         0.11669241E-06      0.67702461E-07
  182.000000000000         0.32575212E-07      0.15100003E-06
  183.000000000000        -0.93426973E-07      0.11987500E-06
  184.000000000000        -0.12769281E-06      0.78683200E-08
  185.000000000000        -0.72751682E-07     -0.56607223E-07
  186.000000000000        -0.29272319E-07     -0.54834769E-07
  187.000000000000        -0.21314677E-07     -0.57241206E-07
  188.000000000000         0.53173524E-08     -0.84612149E-07
  189.000000000000         0.77122089E-07     -0.81354695E-07
  190.000000000000         0.13112820E-06      0.11894540E-08
  191.000000000000         0.85191961E-07      0.10386977E-06
  192.000000000000        -0.21978232E-07      0.11823962E-06
  193.000000000000        -0.78378083E-07      0.52238470E-07
  194.000000000000        -0.68160985E-07     -0.29304199E-08
  195.000000000000        -0.48993202E-07     -0.24564726E-07
  196.000000000000        -0.34662167E-07     -0.43333132E-07
  197.000000000000        -0.56601417E-08     -0.60897508E-07
  198.000000000000         0.38226936E-07     -0.53416020E-07
  199.000000000000         0.64549637E-07     -0.80282936E-08
  200.000000000000         0.38329137E-07      0.38778997E-07
  201.000000000000        -0.62570558E-08      0.32501238E-07
  202.000000000000        -0.32699364E-08      0.27760386E-08
  203.000000000000         0.17759785E-07      0.18761422E-07
  204.000000000000        -0.13343556E-07      0.47613842E-07
  205.000000000000        -0.60812622E-07      0.15448079E-07
  206.000000000000        -0.45601503E-07     -0.47231343E-07
  207.000000000000         0.17193341E-07     -0.58250153E-07
  208.000000000000         0.50656587E-07     -0.10117963E-07
  209.000000000000         0.24007809E-07      0.33938554E-07
  210.000000000000        -0.19924179E-07      0.26653394E-07
  211.000000000000        -0.26438114E-07     -0.10711579E-07
  212.000000000000         0.16504118E-08     -0.26552872E-07
  213.000000000000         0.22932147E-07     -0.10215742E-07
  214.000000000000         0.19681090E-07      0.11994654E-07
  215.000000000000         0.21655047E-08      0.19345591E-07
  216.000000000000        -0.89787427E-08      0.84101168E-08
  217.000000000000        -0.12910261E-09      0.95556414E-09
  218.000000000000         0.28295321E-08      0.16929658E-07
  219.000000000000        -0.26601809E-07      0.22749939E-07
  220.000000000000        -0.46221828E-07     -0.16348027E-07
  221.000000000000        -0.10050454E-07     -0.53840381E-07
  222.000000000000         0.37272293E-07     -0.33601184E-07
  223.000000000000         0.34798050E-07      0.81144819E-08
  224.000000000000         0.96373247E-08      0.12345556E-07
  225.000000000000         0.14124916E-07     -0.24072839E-09
  226.000000000000         0.30268131E-07      0.18524396E-07
  227.000000000000         0.85097937E-08      0.53986267E-07
  228.000000000000        -0.46593059E-07      0.49604874E-07
  229.000000000000        -0.73044258E-07     -0.77397411E-08
  230.000000000000        -0.36249812E-07     -0.58136134E-07
  231.000000000000         0.14521743E-07     -0.51723479E-07
  232.000000000000         0.25474944E-07     -0.24113317E-07
  233.000000000000         0.25474003E-07     -0.22436306E-07
  234.000000000000         0.53502616E-07     -0.13983238E-07
  235.000000000000         0.64990979E-07      0.40555910E-07
  236.000000000000         0.90104261E-08      0.87959245E-07
  237.000000000000        -0.64473952E-07      0.59107799E-07
  238.000000000000        -0.73204332E-07     -0.13002103E-07
  239.000000000000        -0.26549657E-07     -0.44146528E-07
  240.000000000000        -0.12709619E-10     -0.24633446E-07
  241.000000000000        -0.12906774E-07     -0.19549140E-07
  242.000000000000        -0.42227403E-08     -0.49888160E-07
  243.000000000000         0.49620299E-07     -0.51950913E-07
  244.000000000000         0.82211741E-07      0.59212839E-08
  245.000000000000         0.50226878E-07      0.65175027E-07
  246.000000000000        -0.84448616E-08      0.75900846E-07
  247.000000000000        -0.50604395E-07      0.48115982E-07
  248.000000000000        -0.64214186E-07      0.60248096E-08
  249.000000000000        -0.50376723E-07     -0.30928911E-07
  250.000000000000        -0.21935052E-07     -0.49599309E-07
  251.000000000000         0.76372031E-08     -0.51080402E-07
  252.000000000000         0.34125240E-07     -0.38790182E-07
  253.000000000000         0.51467582E-07     -0.12712858E-07
  254.000000000000         0.49717040E-07      0.21329272E-07
  255.000000000000         0.24624015E-07      0.47451533E-07
  256.000000000000        -0.10580207E-07      0.47774030E-07
  257.000000000000        -0.30263072E-07      0.26888388E-07
  258.000000000000        -0.31882440E-07      0.10498849E-07
  259.000000000000        -0.37481360E-07      0.35584125E-09
  260.000000000000        -0.42344977E-07     -0.26082320E-07
  261.000000000000        -0.15940170E-07     -0.58461183E-07
  262.000000000000         0.34764082E-07     -0.55109085E-07
  263.000000000000         0.61324675E-07     -0.10147214E-07
  264.000000000000         0.41264296E-07      0.32123686E-07
  265.000000000000         0.62944512E-08      0.37139910E-07
  266.000000000000        -0.60584485E-08      0.22245197E-07
  267.000000000000        -0.50847774E-08      0.22311386E-07
  268.000000000000        -0.23376308E-07      0.28028682E-07
  269.000000000000        -0.48105126E-07      0.27426591E-08
  270.000000000000        -0.33552824E-07     -0.39941135E-07
  271.000000000000         0.13057585E-07     -0.44914801E-07
  272.000000000000         0.32076012E-07     -0.83779410E-08
  273.000000000000         0.78991949E-08      0.11510160E-07
  274.000000000000        -0.51436282E-08     -0.93798422E-08
  275.000000000000         0.23123809E-07     -0.19843925E-07
  276.000000000000         0.42203683E-07      0.16619723E-07
  277.000000000000         0.76852149E-08      0.51233413E-07
  278.000000000000        -0.37201037E-07      0.31389527E-07
  279.000000000000        -0.36334878E-07     -0.10070325E-07
  280.000000000000        -0.10306361E-07     -0.20418204E-07
  281.000000000000        -0.16552323E-08     -0.10964918E-07
  282.000000000000        -0.35221864E-08     -0.12105804E-07
  283.000000000000         0.49131841E-08     -0.17036199E-07
  284.000000000000         0.16763113E-07     -0.99875281E-08
  285.000000000000         0.17660663E-07      0.40374410E-08
  286.000000000000         0.81870102E-08      0.11709879E-07
  287.000000000000         0.29845670E-09      0.87127201E-08
  288.000000000000         0.17754101E-08      0.51247911E-08
  289.000000000000         0.31119883E-08      0.11294342E-07
  290.000000000000        -0.85009765E-08      0.17465255E-07
  291.000000000000        -0.24143154E-07      0.68920813E-08
  292.000000000000        -0.23514248E-07     -0.15477625E-07
  293.000000000000        -0.35656201E-08     -0.28214320E-07
  294.000000000000         0.17677617E-07     -0.19243620E-07
  295.000000000000         0.21018182E-07      0.64571194E-09
  296.000000000000         0.94905211E-08      0.10091303E-07
  297.000000000000         0.24940578E-08      0.65519311E-08
  298.000000000000         0.41633664E-08      0.56155251E-08
  299.000000000000         0.21991103E-08      0.11214548E-07
  300.000000000000        -0.74061843E-08      0.12861971E-07
  301.000000000000        -0.16278586E-07      0.42151534E-08
  302.000000000000        -0.14151313E-07     -0.96915710E-08
  303.000000000000        -0.49048771E-09     -0.14978279E-07
  304.000000000000         0.82992726E-08     -0.49504499E-08
  305.000000000000        -0.11394445E-09      0.26253653E-08
  306.000000000000        -0.57165521E-08     -0.92189733E-08
  307.000000000000         0.12829430E-07     -0.17296829E-07
  308.000000000000         0.28979808E-07      0.54048129E-08
  309.000000000000         0.93674905E-08      0.31552095E-07
  310.000000000000        -0.22398534E-07      0.21850113E-07
  311.000000000000        -0.24337104E-07     -0.79183091E-08
  312.000000000000        -0.22789142E-08     -0.16977739E-07
  313.000000000000         0.72629948E-08     -0.27808199E-08
  314.000000000000        -0.37029554E-08      0.30620545E-08
  315.000000000000        -0.65752379E-08     -0.95568555E-08
  316.000000000000         0.93426782E-08     -0.12875435E-07
  317.000000000000         0.15293092E-07      0.40451426E-08
  318.000000000000         0.21191902E-09      0.11632124E-07
  319.000000000000        -0.61086187E-08     -0.11942092E-08
  320.000000000000         0.68969757E-08     -0.53155132E-08
  321.000000000000         0.11455175E-07      0.10218795E-07
  322.000000000000        -0.53403328E-08      0.20040024E-07
  323.000000000000        -0.23078844E-07      0.69756129E-08
  324.000000000000        -0.19453497E-07     -0.16333680E-07
  325.000000000000         0.32012680E-08     -0.23748674E-07
  326.000000000000         0.17729440E-07     -0.76127411E-08
  327.000000000000         0.91537575E-08      0.70616400E-08
  328.000000000000        -0.70771791E-09      0.22230538E-08
  329.000000000000         0.57046118E-08     -0.31157734E-08
  330.000000000000         0.10575195E-07      0.68420348E-08
  331.000000000000        -0.29687135E-09      0.14904913E-07
  332.000000000000        -0.10908079E-07      0.74582136E-08
  333.000000000000        -0.85143137E-08     -0.16160088E-08
  334.000000000000        -0.45466866E-08     -0.10867338E-08
  335.000000000000        -0.82056925E-08     -0.12504470E-08
  336.000000000000        -0.92008401E-08     -0.10133422E-07
  337.000000000000         0.11220885E-08     -0.17149873E-07
  338.000000000000         0.13723171E-07     -0.12369783E-07
  339.000000000000         0.18783922E-07     -0.11030007E-08
  340.000000000000         0.17311728E-07      0.11001425E-07
  341.000000000000         0.70413436E-08      0.22909643E-07
  342.000000000000        -0.13636148E-07      0.22935741E-07
  343.000000000000        -0.25894648E-07      0.30363597E-08
  344.000000000000        -0.14075676E-07     -0.15345169E-07
  345.000000000000         0.15084222E-08     -0.11605260E-07
  346.000000000000        -0.75689151E-09     -0.35825694E-08
  347.000000000000        -0.39136277E-08     -0.11117653E-07
  348.000000000000         0.99672957E-08     -0.16450897E-07
  349.000000000000         0.21938219E-07     -0.17394942E-08
  350.000000000000         0.13211614E-07      0.14664891E-07
  351.000000000000        -0.44371238E-09      0.13546434E-07
  352.000000000000        -0.14677841E-08      0.79781748E-08
  353.000000000000        -0.21748909E-08      0.13101569E-07
  354.000000000000        -0.17063300E-07      0.14603587E-07
  355.000000000000        -0.29532808E-07     -0.53625895E-08
  356.000000000000        -0.14739657E-07     -0.30612234E-07
  357.000000000000         0.16438017E-07     -0.29119665E-07
  358.000000000000         0.28239394E-07     -0.28549455E-08
  359.000000000000         0.13709518E-07      0.14387705E-07
  360.000000000000         0.65946862E-09      0.10128784E-07
  361.000000000000         0.23309114E-08      0.54577612E-08
  362.000000000000         0.19830900E-08      0.11746912E-07
  363.000000000000        -0.10051185E-07      0.13634016E-07
  364.000000000000        -0.18699222E-07      0.73975494E-09
  365.000000000000        -0.11056709E-07     -0.12957695E-07
  366.000000000000         0.17148041E-08     -0.12168438E-07
  367.000000000000         0.36528763E-08     -0.51333549E-08
  368.000000000000         0.16630437E-08     -0.67886687E-08
  369.000000000000         0.98984588E-08     -0.91402085E-08
  370.000000000000         0.18228014E-07      0.26943658E-08
  371.000000000000         0.93576023E-08      0.17861748E-07
  372.000000000000        -0.78907083E-08      0.17048334E-07
  373.000000000000        -0.14687952E-07      0.46665840E-08
  374.000000000000        -0.11319319E-07     -0.43020564E-08
  375.000000000000        -0.67239891E-08     -0.85237327E-08
  376.000000000000        -0.29255100E-09     -0.11450813E-07
  377.000000000000         0.84149716E-08     -0.82450371E-08
  378.000000000000         0.10328656E-07      0.17191643E-08
  379.000000000000         0.29069925E-08      0.68015864E-08
  380.000000000000        -0.18020412E-08      0.25429170E-08
  381.000000000000         0.12692765E-08      0.44554913E-09
  382.000000000000         0.11009758E-08      0.47800292E-08
  383.000000000000        -0.52585309E-08      0.41809645E-08
  384.000000000000        -0.57336626E-08     -0.30292859E-08
  385.000000000000         0.56177744E-09     -0.43762844E-08
  386.000000000000         0.13523194E-08      0.24169766E-09
  387.000000000000        -0.26016805E-08     -0.88736321E-09
  388.000000000000         0.47022048E-09     -0.61310304E-08
  389.000000000000         0.86617342E-08     -0.26656838E-08
  390.000000000000         0.70396441E-08      0.86425115E-08
  391.000000000000        -0.59716231E-08      0.10706409E-07
  392.000000000000        -0.12162242E-07     -0.16612322E-08
  393.000000000000        -0.26860870E-08     -0.10969220E-07
  394.000000000000         0.76689914E-08     -0.55170872E-08
  395.000000000000         0.59278511E-08      0.37278028E-08
  396.000000000000        -0.90317928E-09      0.40383401E-08
  397.000000000000        -0.12135819E-08     -0.46604153E-09
  398.000000000000         0.23994215E-08      0.67892618E-09
  399.000000000000        -0.27543164E-09      0.52262966E-08
  400.000000000000        -0.69549591E-08      0.22339851E-08
  401.000000000000        -0.51797944E-08     -0.63315907E-08
  402.000000000000         0.38921900E-08     -0.65738837E-08
  403.000000000000         0.55750400E-08      0.15061955E-08
  404.000000000000        -0.97834678E-09      0.32802126E-08
  405.000000000000        -0.18054580E-08     -0.25082079E-08
  406.000000000000         0.44120060E-08     -0.26469051E-08
  407.000000000000         0.52697973E-08      0.44939263E-08
  408.000000000000        -0.18303554E-08      0.74519826E-08
  409.000000000000        -0.69977608E-08      0.22039160E-08
  410.000000000000        -0.49092831E-08     -0.35547193E-08
  411.000000000000        -0.86030906E-09     -0.42205092E-08
  412.000000000000         0.42198953E-09     -0.33225132E-08
  413.000000000000         0.21025894E-08     -0.39123914E-08
  414.000000000000         0.57647137E-08     -0.18798615E-08
  415.000000000000         0.57141845E-08      0.38430824E-08
  416.000000000000         0.38174513E-09      0.65911364E-08
  417.000000000000        -0.38668751E-08      0.38567083E-08
  418.000000000000        -0.41526215E-08      0.47142134E-09
  419.000000000000        -0.33944235E-08     -0.12754917E-08
  420.000000000000        -0.24567330E-08     -0.30390694E-08
  421.000000000000         0.11670277E-09     -0.42600315E-08
  422.000000000000         0.29973707E-08     -0.27967274E-08
  423.000000000000         0.32974675E-08      0.60101093E-10
  424.000000000000         0.18623565E-08      0.10753772E-08
  425.000000000000         0.18455995E-08      0.91557126E-09
  426.000000000000         0.23472652E-08      0.27860958E-08
  427.000000000000        -0.54335986E-09      0.53991206E-08
  428.000000000000        -0.57261904E-08      0.35320555E-08
  429.000000000000        -0.65930507E-08     -0.28205417E-08
  430.000000000000        -0.13397716E-08     -0.64556749E-08
  431.000000000000         0.33170904E-08     -0.38447043E-08
  432.000000000000         0.30368568E-08     -0.40921483E-09
  433.000000000000         0.19984515E-08     -0.20410889E-09
  434.000000000000         0.32576148E-08      0.46283934E-09
  435.000000000000         0.27524003E-08      0.38385333E-08
  436.000000000000        -0.17202298E-08      0.50961232E-08
  437.000000000000        -0.49446959E-08      0.12415334E-08
  438.000000000000        -0.27847849E-08     -0.28167745E-08
  439.000000000000         0.74632465E-09     -0.20413741E-08
  440.000000000000         0.14112949E-09      0.47838332E-09
  441.000000000000        -0.20641388E-08     -0.93390747E-09
  442.000000000000         0.69256221E-10     -0.39110651E-08
  443.000000000000         0.42669455E-08     -0.20815777E-08
  444.000000000000         0.37380556E-08      0.26785372E-08
  445.000000000000        -0.32521326E-09      0.35718466E-08
  446.000000000000        -0.17598610E-08      0.10660007E-08
  447.000000000000        -0.65772318E-09      0.22774003E-09
  448.000000000000        -0.93287684E-09      0.92403439E-09
  449.000000000000        -0.22310722E-08     -0.29081454E-10
  450.000000000000        -0.15684529E-08     -0.22635459E-08
  451.000000000000         0.11620023E-08     -0.26051720E-08
  452.000000000000         0.25349378E-08     -0.81872578E-10
  453.000000000000         0.59931296E-09      0.17892240E-08
  454.000000000000        -0.12226516E-08      0.33032004E-09
  455.000000000000         0.10187047E-09     -0.12585372E-08
  456.000000000000         0.16026670E-08      0.86806931E-10
  457.000000000000         0.37166370E-09      0.16396967E-08
  458.000000000000        -0.10993185E-08      0.73963219E-09
  459.000000000000        -0.50210627E-09     -0.33335529E-09
  460.000000000000        -0.29462597E-10      0.31185946E-09
  461.000000000000        -0.11547422E-08      0.35437328E-09
  462.000000000000        -0.12340319E-08     -0.14400090E-08
  463.000000000000         0.10203770E-08     -0.20140394E-08
  464.000000000000         0.22416703E-08      0.26875154E-09
  465.000000000000         0.29514681E-09      0.19286770E-08
  466.000000000000        -0.14405696E-08      0.41243742E-09
  467.000000000000        -0.22101104E-09     -0.11172897E-08
  468.000000000000         0.10155424E-08     -0.15465318E-10
  469.000000000000        -0.62651211E-10      0.94925674E-09
  470.000000000000        -0.76884160E-09     -0.12100454E-09
  471.000000000000         0.34629360E-09     -0.54282432E-09
  472.000000000000         0.50159154E-09      0.75072008E-09
  473.000000000000        -0.11156239E-08      0.79561315E-09
  474.000000000000        -0.13158139E-08     -0.11540344E-08
  475.000000000000         0.76604095E-09     -0.17493245E-08
  476.000000000000         0.18063115E-08      0.13578745E-09
  477.000000000000         0.39531691E-09      0.14427695E-08
  478.000000000000        -0.87847234E-09      0.56966510E-09
  479.000000000000        -0.37953153E-09     -0.43289192E-09
  480.000000000000         0.30618168E-09     -0.34181849E-10
  481.000000000000        -0.20364311E-09      0.47550829E-09
  482.000000000000        -0.75474636E-09     -0.19113287E-09
  483.000000000000        -0.39998306E-10     -0.93854897E-09
  484.000000000000         0.92579101E-09     -0.34514746E-09
  485.000000000000         0.57862076E-09      0.74322460E-09
  486.000000000000        -0.49505200E-09      0.67043560E-09
  487.000000000000        -0.62752626E-09     -0.28463630E-09
  488.000000000000         0.15728055E-09     -0.49488255E-09
  489.000000000000         0.33309174E-09      0.93258160E-10
  490.000000000000        -0.66103479E-10      0.19360129E-09
  491.000000000000        -0.93137084E-10     -0.50968242E-10
  492.000000000000         0.34908284E-10     -0.32041638E-10
  493.000000000000         0.31529628E-11      0.17340926E-10
  494.000000000000        -0.37961586E-11     -0.36843871E-11
  495.000000000000         0.96311525E-12      0.81192764E-12
  496.000000000000         0.82399051E-13     -0.17981241E-12
  497.000000000000        -0.66574217E-14     -0.20048454E-13
  498.000000000000        -0.80721518E-14     -0.67197790E-14
  499.000000000000        -0.20678239E-14     -0.39098749E-14
  500.000000000000         0.00000000E+00      0.00000000E+00
