 #KVL flux sum: itime, time, flux sum
 
  140  140.000000000000    0.000023537612   -0.000000000000
  141  141.000000000000    0.000023539667   -0.000000000000
  142  142.000000000000    0.000023541365   -0.000000000000
  143  143.000000000000    0.000023542902   -0.000000000000
  144  144.000000000000    0.000023544473   -0.000000000000
  145  145.000000000000    0.000023546185   -0.000000000000
  146  146.000000000000    0.000023548057   -0.000000000000
  147  147.000000000000    0.000023549998   -0.000000000000
  148  148.000000000000    0.000023551827   -0.000000000000
  149  149.000000000000    0.000023553429   -0.000000000000
  150  150.000000000000    0.000023554868   -0.000000000000
  151  151.000000000000    0.000023556320   -0.000000000000
  152  152.000000000000    0.000023557912   -0.000000000000
  153  153.000000000000    0.000023559644   -0.000000000000
  154  154.000000000000    0.000023561418   -0.000000000000
  155  155.000000000000    0.000023563107   -0.000000000000
  156  156.000000000000    0.000023564642   -0.000000000000
    0    0.000000000000    0.000000000000    0.000000000000
    1    1.000000000000    0.000000000000    0.000000000000
  157  157.000000000000    0.000023566034   -0.000000000000
    2    2.000000000000    0.000000000000    0.000000000000
    3    3.000000000000    0.000000000001    0.000000000000
    4    4.000000000000    0.000000000005    0.000000000000
    5    5.000000000000    0.000000000119    0.000000000000
    6    6.000000000000    0.000000001486    0.000000000000
    7    7.000000000000    0.000000011477    0.000000000000
    8    8.000000000000    0.000000061316    0.000000000000
    9    9.000000000000    0.000000243987    0.000000000000
   10   10.000000000000    0.000000759375    0.000000000000
   11   11.000000000000    0.000001908925    0.000000000000
   12   12.000000000000    0.000003963272    0.000000000000
   13   13.000000000000    0.000006901690    0.000000000000
  158  158.000000000000    0.000023567319   -0.000000000000
   14   14.000000000000    0.000010116999    0.000000000000
   15   15.000000000000    0.000012998909    0.000000000000
   16   16.000000000000    0.000015307998    0.000000000000
   17   17.000000000000    0.000017061342    0.000000000000
   18   18.000000000000    0.000018367849    0.000000000000
   19   19.000000000000    0.000019342344    0.000000000000
   20   20.000000000000    0.000020076812    0.000000000000
  159  159.000000000000    0.000023568565   -0.000000000000
   21   21.000000000000    0.000020636920    0.000000000000
   22   22.000000000000    0.000021068196    0.000000000000
   23   23.000000000000    0.000021404014    0.000000000000
   24   24.000000000000    0.000021670075    0.000000000000
   25   25.000000000000    0.000021885310    0.000000000000
   26   26.000000000000    0.000022062573    0.000000000000
  160  160.000000000000    0.000023569955   -0.000000000000
   27   27.000000000000    0.000022211346    0.000000000000
   28   28.000000000000    0.000022339362    0.000000000000
   29   29.000000000000    0.000022451498    0.000000000000
   30   30.000000000000    0.000022549159    0.000000000000
   31   31.000000000000    0.000022632686    0.000000000000
  161  161.000000000000    0.000023571717   -0.000000000000
   32   32.000000000000    0.000022704375    0.000000000000
   33   33.000000000000    0.000022767972    0.000000000000
   34   34.000000000000    0.000022825802    0.000000000000
   35   35.000000000000    0.000022877957    0.000000000000
  162  162.000000000000    0.000023573849   -0.000000000000
   36   36.000000000000    0.000022923904    0.000000000000
   37   37.000000000000    0.000022963554    0.000000000000
   38   38.000000000000    0.000022996852    0.000000000000
   39   39.000000000000    0.000023024017    0.000000000000
  163  163.000000000000    0.000023576058   -0.000000000000
   40   40.000000000000    0.000023046629    0.000000000000
   41   41.000000000000    0.000023067365    0.000000000000
   42   42.000000000000    0.000023088285    0.000000000000
   43   43.000000000000    0.000023109773    0.000000000000
  164  164.000000000000    0.000023578134   -0.000000000000
   44   44.000000000000    0.000023131135    0.000000000000
   45   45.000000000000    0.000023151783    0.000000000000
   46   46.000000000000    0.000023171443    0.000000000000
  165  165.000000000000    0.000023580227   -0.000000000000
   47   47.000000000000    0.000023189735    0.000000000000
   48   48.000000000000    0.000023206135    0.000000000000
   49   49.000000000000    0.000023220427    0.000000000000
   50   50.000000000000    0.000023232818    0.000000000000
  166  166.000000000000    0.000023582565   -0.000000000000
   51   51.000000000000    0.000023243617    0.000000000000
   52   52.000000000000    0.000023253120    0.000000000000
   53   53.000000000000    0.000023261740    0.000000000000
  167  167.000000000000    0.000023585007   -0.000000000000
   54   54.000000000000    0.000023269898    0.000000000000
   55   55.000000000000    0.000023277788    0.000000000000
   56   56.000000000000    0.000023285431    0.000000000000
  168  168.000000000000    0.000023587162   -0.000000000000
   57   57.000000000000    0.000023292873    0.000000000000
   58   58.000000000000    0.000023300179    0.000000000000
  169  169.000000000000    0.000023588892   -0.000000000000
   59   59.000000000000    0.000023307305    0.000000000000
   60   60.000000000000    0.000023314111    0.000000000000
   61   61.000000000000    0.000023320376    0.000000000000
  170  170.000000000000    0.000023590407   -0.000000000000
   62   62.000000000000    0.000023325772    0.000000000000
   63   63.000000000000    0.000023330136    0.000000000000
   64   64.000000000000    0.000023333809    0.000000000000
  171  171.000000000000    0.000023591965   -0.000000000000
   65   65.000000000000    0.000023337364    0.000000000000
   66   66.000000000000    0.000023341046    0.000000000000
  172  172.000000000000    0.000023593704   -0.000000000000
   67   67.000000000000    0.000023344713    0.000000000000
   68   68.000000000000    0.000023348402    0.000000000000
   69   69.000000000000    0.000023352687    0.000000000000
  173  173.000000000000    0.000023595664   -0.000000000000
   70   70.000000000000    0.000023358162    0.000000000000
   71   71.000000000000    0.000023364612    0.000000000000
  174  174.000000000000    0.000023597742   -0.000000000000
   72   72.000000000000    0.000023371067    0.000000000000
   73   73.000000000000    0.000023376737    0.000000000000
   74   74.000000000000    0.000023381514    0.000000000000
  175  175.000000000000    0.000023599655   -0.000000000000
   75   75.000000000000    0.000023385506    0.000000000000
  176  176.000000000000    0.000023601186   -0.000000000000
   76   76.000000000000    0.000023388746    0.000000000000
  177  177.000000000000    0.000023602418   -0.000000000000
   77   77.000000000000    0.000023391539    0.000000000000
   78   78.000000000000    0.000023394498    0.000000000000
  178  178.000000000000    0.000023603567   -0.000000000000
   79   79.000000000000    0.000023397923    0.000000000000
   80   80.000000000000    0.000023401499    0.000000000000
  179  179.000000000000    0.000023604706   -0.000000000000
   81   81.000000000000    0.000023404941    0.000000000000
   82   82.000000000000    0.000023408445    0.000000000000
  180  180.000000000000    0.000023605761   -0.000000000000
   83   83.000000000000    0.000023412154    0.000000000000
   84   84.000000000000    0.000023415621    0.000000000000
  181  181.000000000000    0.000023606736   -0.000000000000
   85   85.000000000000    0.000023418292    0.000000000000
   86   86.000000000000    0.000023420294    0.000000000000
  182  182.000000000000    0.000023607775   -0.000000000000
   87   87.000000000000    0.000023422297    0.000000000000
   88   88.000000000000    0.000023424700    0.000000000000
  183  183.000000000000    0.000023609022   -0.000000000000
   89   89.000000000000    0.000023427300    0.000000000000
   90   90.000000000000    0.000023429668    0.000000000000
  184  184.000000000000    0.000023610502   -0.000000000000
   91   91.000000000000    0.000023431617    0.000000000000
   92   92.000000000000    0.000023433262    0.000000000000
  185  185.000000000000    0.000023612081   -0.000000000000
   93   93.000000000000    0.000023434796    0.000000000000
   94   94.000000000000    0.000023436377    0.000000000000
  186  186.000000000000    0.000023613552   -0.000000000000
   95   95.000000000000    0.000023438163    0.000000000000
   96   96.000000000000    0.000023440334    0.000000000000
  187  187.000000000000    0.000023614808   -0.000000000000
   97   97.000000000000    0.000023442919    0.000000000000
   98   98.000000000000    0.000023445611    0.000000000000
  188  188.000000000000    0.000023615923   -0.000000000000
   99   99.000000000000    0.000023447999    0.000000000000
  100  100.000000000000    0.000023450023    0.000000000000
  189  189.000000000000    0.000023617067   -0.000000000000
  101  101.000000000000    0.000023451923    0.000000000000
  102  102.000000000000    0.000023453785    0.000000000000
  190  190.000000000000    0.000023618352   -0.000000000000
  103  103.000000000000    0.000023455561    0.000000000000
  104  104.000000000000    0.000023457608    0.000000000000
  191  191.000000000000    0.000023619736   -0.000000000000
  105  105.000000000000    0.000023460592    0.000000000000
  192  192.000000000000    0.000023621066   -0.000000000000
  106  106.000000000000    0.000023464587    0.000000000000
  107  107.000000000000    0.000023468735    0.000000000000
  193  193.000000000000    0.000023622171   -0.000000000000
  108  108.000000000000    0.000023472103    0.000000000000
  109  109.000000000000    0.000023474626    0.000000000000
  194  194.000000000000    0.000023622965   -0.000000000000
  110  110.000000000000    0.000023476919    0.000000000000
  111  111.000000000000    0.000023479481    0.000000000000
  195  195.000000000000    0.000023623544   -0.000000000000
  112  112.000000000000    0.000023482359    0.000000000000
  113  113.000000000000    0.000023485304    0.000000000000
  196  196.000000000000    0.000023624163   -0.000000000000
  114  114.000000000000    0.000023487988    0.000000000000
  197  197.000000000000    0.000023625072   -0.000000000000
  115  115.000000000000    0.000023490174    0.000000000000
  116  116.000000000000    0.000023491861    0.000000000000
  198  198.000000000000    0.000023626348   -0.000000000000
  117  117.000000000000    0.000023493317    0.000000000000
  118  118.000000000000    0.000023494859    0.000000000000
  199  199.000000000000    0.000023627932   -0.000000000000
  119  119.000000000000    0.000023496590    0.000000000000
  200  200.000000000000    0.000023629731   -0.000000000000
  120  120.000000000000    0.000023498316    0.000000000000
  121  121.000000000000    0.000023499850    0.000000000000
  201  201.000000000000    0.000023631595   -0.000000000000
  122  122.000000000000    0.000023501336    0.000000000000
  123  123.000000000000    0.000023503104    0.000000000000
  202  202.000000000000    0.000023633309   -0.000000000000
  124  124.000000000000    0.000023505229    0.000000000000
  203  203.000000000000    0.000023634691   -0.000000000000
  125  125.000000000000    0.000023507406    0.000000000000
  126  126.000000000000    0.000023509356    0.000000000000
  204  204.000000000000    0.000023635673   -0.000000000000
  127  127.000000000000    0.000023511207    0.000000000000
  205  205.000000000000    0.000023636354   -0.000000000000
  128  128.000000000000    0.000023513273    0.000000000000
  129  129.000000000000    0.000023515593    0.000000000000
  206  206.000000000000    0.000023637007   -0.000000000000
  130  130.000000000000    0.000023517909    0.000000000000
  131  131.000000000000    0.000023520022    0.000000000000
  207  207.000000000000    0.000023637962   -0.000000000000
  132  132.000000000000    0.000023521960    0.000000000000
  208  208.000000000000    0.000023639309   -0.000000000000
  133  133.000000000000    0.000023523819    0.000000000000
  134  134.000000000000    0.000023525655    0.000000000000
  209  209.000000000000    0.000023640815   -0.000000000000
  135  135.000000000000    0.000023527553    0.000000000000
  210  210.000000000000    0.000023642207   -0.000000000000
  136  136.000000000000    0.000023529649    0.000000000000
  137  137.000000000000    0.000023532031    0.000000000000
  211  211.000000000000    0.000023643406   -0.000000000000
  138  138.000000000000    0.000023534644    0.000000000000
  212  212.000000000000    0.000023644489   -0.000000000000
  139  139.000000000000    0.000023537288    0.000000000000
  140  140.000000000000    0.000023539702    0.000000000000
  213  213.000000000000    0.000023645559   -0.000000000000
  141  141.000000000000    0.000023541724    0.000000000000
  214  214.000000000000    0.000023646728   -0.000000000000
  142  142.000000000000    0.000023543413    0.000000000000
  143  143.000000000000    0.000023544970    0.000000000000
  215  215.000000000000    0.000023648104   -0.000000000000
  144  144.000000000000    0.000023546557    0.000000000000
  216  216.000000000000    0.000023649677   -0.000000000000
  145  145.000000000000    0.000023548255    0.000000000000
  146  146.000000000000    0.000023550108    0.000000000000
  217  217.000000000000    0.000023651327   -0.000000000000
  147  147.000000000000    0.000023552056    0.000000000000
  218  218.000000000000    0.000023652943   -0.000000000000
  148  148.000000000000    0.000023553905    0.000000000000
  149  149.000000000000    0.000023555502    0.000000000000
  219  219.000000000000    0.000023654438   -0.000000000000
  150  150.000000000000    0.000023556911    0.000000000000
  220  220.000000000000    0.000023655708   -0.000000000000
  151  151.000000000000    0.000023558347    0.000000000000
  221  221.000000000000    0.000023656671   -0.000000000000
  153  153.000000000000    0.000023561706    0.000000000000
  222  222.000000000000    0.000023657417   -0.000000000000
  154  154.000000000000    0.000023563474    0.000000000000
  223  223.000000000000    0.000023658260   -0.000000000000
  155  155.000000000000    0.000023565150    0.000000000000
  156  156.000000000000    0.000023566695    0.000000000000
  224  224.000000000000    0.000023659515   -0.000000000000
  157  157.000000000000    0.000023568115    0.000000000000
  225  225.000000000000    0.000023661203   -0.000000000000
  158  158.000000000000    0.000023569413    0.000000000000
  159  159.000000000000    0.000023570650    0.000000000000
  226  226.000000000000    0.000023663050   -0.000000000000
  160  160.000000000000    0.000023572037    0.000000000000
  227  227.000000000000    0.000023664773   -0.000000000000
  161  161.000000000000    0.000023573816    0.000000000000
  162  162.000000000000    0.000023575970    0.000000000000
  228  228.000000000000    0.000023666247   -0.000000000000
  163  163.000000000000    0.000023578184    0.000000000000
  229  229.000000000000    0.000023667460   -0.000000000000
  164  164.000000000000    0.000023580251    0.000000000000
  230  230.000000000000    0.000023668468   -0.000000000000
  165  165.000000000000    0.000023582336    0.000000000000
  166  166.000000000000    0.000023584667    0.000000000000
  231  231.000000000000    0.000023669399   -0.000000000000
  167  167.000000000000    0.000023587099    0.000000000000
  232  232.000000000000    0.000023670375   -0.000000000000
  168  168.000000000000    0.000023589245    0.000000000000
  233  233.000000000000    0.000023671433   -0.000000000000
  169  169.000000000000    0.000023590975    0.000000000000
  170  170.000000000000    0.000023592497    0.000000000000
  234  234.000000000000    0.000023672551   -0.000000000000
  171  171.000000000000    0.000023594062    0.000000000000
  235  235.000000000000    0.000023673653   -0.000000000000
  172  172.000000000000    0.000023595808    0.000000000000
  173  173.000000000000    0.000023597776    0.000000000000
  236  236.000000000000    0.000023674613   -0.000000000000
  174  174.000000000000    0.000023599861    0.000000000000
  237  237.000000000000    0.000023675361   -0.000000000000
  175  175.000000000000    0.000023601777    0.000000000000
  238  238.000000000000    0.000023675996   -0.000000000000
  176  176.000000000000    0.000023603318    0.000000000000
  177  177.000000000000    0.000023604571    0.000000000000
  239  239.000000000000    0.000023676680   -0.000000000000
  178  178.000000000000    0.000023605737    0.000000000000
  240  240.000000000000    0.000023677421   -0.000000000000
  179  179.000000000000    0.000023606866    0.000000000000
  241  241.000000000000    0.000023678156   -0.000000000000
  180  180.000000000000    0.000023607898    0.000000000000
  181  181.000000000000    0.000023608864    0.000000000000
  242  242.000000000000    0.000023678958   -0.000000000000
  182  182.000000000000    0.000023609915    0.000000000000
  243  243.000000000000    0.000023679948   -0.000000000000
  183  183.000000000000    0.000023611170    0.000000000000
  244  244.000000000000    0.000023681066   -0.000000000000
  184  184.000000000000    0.000023612639    0.000000000000
  185  185.000000000000    0.000023614208    0.000000000000
  245  245.000000000000    0.000023682096   -0.000000000000
  186  186.000000000000    0.000023615691    0.000000000000
  246  246.000000000000    0.000023682955   -0.000000000000
  187  187.000000000000    0.000023616966    0.000000000000
  247  247.000000000000    0.000023683749   -0.000000000000
  188  188.000000000000    0.000023618082    0.000000000000
  189  189.000000000000    0.000023619211    0.000000000000
  248  248.000000000000    0.000023684575   -0.000000000000
  190  190.000000000000    0.000023620490    0.000000000000
  249  249.000000000000    0.000023685434   -0.000000000000
  191  191.000000000000    0.000023621883    0.000000000000
  250  250.000000000000    0.000023686308   -0.000000000000
  192  192.000000000000    0.000023623219    0.000000000000
  193  193.000000000000    0.000023624312    0.000000000000
  194  194.000000000000    0.000023625089    0.000000000000
  252  252.000000000000    0.000023688302   -0.000000000000
  195  195.000000000000    0.000023625666    0.000000000000
  253  253.000000000000    0.000023689490   -0.000000000000
  196  196.000000000000    0.000023626303    0.000000000000
  254  254.000000000000    0.000023690719   -0.000000000000
  197  197.000000000000    0.000023627226    0.000000000000
  198  198.000000000000    0.000023628498    0.000000000000
  255  255.000000000000    0.000023691876   -0.000000000000
  199  199.000000000000    0.000023630071    0.000000000000
  256  256.000000000000    0.000023692917   -0.000000000000
  200  200.000000000000    0.000023631879    0.000000000000
  257  257.000000000000    0.000023693858   -0.000000000000
  201  201.000000000000    0.000023633774    0.000000000000
  202  202.000000000000    0.000023635517    0.000000000000
  258  258.000000000000    0.000023694700   -0.000000000000
  203  203.000000000000    0.000023636903    0.000000000000
  259  259.000000000000    0.000023695476   -0.000000000000
  204  204.000000000000    0.000023637876    0.000000000000
  260  260.000000000000    0.000023696334   -0.000000000000
  205  205.000000000000    0.000023638562    0.000000000000
  261  261.000000000000    0.000023697465   -0.000000000000
  206  206.000000000000    0.000023639238    0.000000000000
  207  207.000000000000    0.000023640205    0.000000000000
  262  262.000000000000    0.000023698875   -0.000000000000
  208  208.000000000000    0.000023641539    0.000000000000
  263  263.000000000000    0.000023700345   -0.000000000000
  209  209.000000000000    0.000023643034    0.000000000000
  264  264.000000000000    0.000023701685   -0.000000000000
  210  210.000000000000    0.000023644440    0.000000000000
  265  265.000000000000    0.000023702898   -0.000000000000
  211  211.000000000000    0.000023645659    0.000000000000
  212  212.000000000000    0.000023646730    0.000000000000
  266  266.000000000000    0.000023704031   -0.000000000000
  213  213.000000000000    0.000023647764    0.000000000000
  267  267.000000000000    0.000023705077   -0.000000000000
  214  214.000000000000    0.000023648923    0.000000000000
  268  268.000000000000    0.000023706064   -0.000000000000
  215  215.000000000000    0.000023650333    0.000000000000
  269  269.000000000000    0.000023707131   -0.000000000000
  216  216.000000000000    0.000023651939    0.000000000000
  217  217.000000000000    0.000023653580    0.000000000000
  270  270.000000000000    0.000023708392   -0.000000000000
  218  218.000000000000    0.000023655169    0.000000000000
  271  271.000000000000    0.000023709788   -0.000000000000
  219  219.000000000000    0.000023656669    0.000000000000
  272  272.000000000000    0.000023711159   -0.000000000000
  220  220.000000000000    0.000023657969    0.000000000000
  273  273.000000000000    0.000023712394   -0.000000000000
  221  221.000000000000    0.000023658943    0.000000000000
  222  222.000000000000    0.000023659672    0.000000000000
  274  274.000000000000    0.000023713478   -0.000000000000
  223  223.000000000000    0.000023660510    0.000000000000
  275  275.000000000000    0.000023714449   -0.000000000000
  224  224.000000000000    0.000023661790    0.000000000000
  276  276.000000000000    0.000023715329   -0.000000000000
  225  225.000000000000    0.000023663498    0.000000000000
  277  277.000000000000    0.000023716140   -0.000000000000
  226  226.000000000000    0.000023665333    0.000000000000
  278  278.000000000000    0.000023716968   -0.000000000000
  227  227.000000000000    0.000023667033    0.000000000000
  228  228.000000000000    0.000023668513    0.000000000000
  279  279.000000000000    0.000023717941   -0.000000000000
  229  229.000000000000    0.000023669752    0.000000000000
  280  280.000000000000    0.000023719117   -0.000000000000
  230  230.000000000000    0.000023670766    0.000000000000
  281  281.000000000000    0.000023720386   -0.000000000000
  231  231.000000000000    0.000023671671    0.000000000000
  282  282.000000000000    0.000023721577   -0.000000000000
  232  232.000000000000    0.000023672622    0.000000000000
  233  233.000000000000    0.000023673678    0.000000000000
  283  283.000000000000    0.000023722633   -0.000000000000
  234  234.000000000000    0.000023674804    0.000000000000
  284  284.000000000000    0.000023723612   -0.000000000000
  235  235.000000000000    0.000023675902    0.000000000000
  285  285.000000000000    0.000023724548   -0.000000000000
  236  236.000000000000    0.000023676850    0.000000000000
  286  286.000000000000    0.000023725437   -0.000000000000
  237  237.000000000000    0.000023677592    0.000000000000
  287  287.000000000000    0.000023726368   -0.000000000000
  238  238.000000000000    0.000023678232    0.000000000000
  239  239.000000000000    0.000023678919    0.000000000000
  288  288.000000000000    0.000023727507   -0.000000000000
  240  240.000000000000    0.000023679660    0.000000000000
  289  289.000000000000    0.000023728839   -0.000000000000
  241  241.000000000000    0.000023680397    0.000000000000
  290  290.000000000000    0.000023730103   -0.000000000000
  242  242.000000000000    0.000023681201    0.000000000000
  291  291.000000000000    0.000023731052   -0.000000000000
  243  243.000000000000    0.000023682192    0.000000000000
  292  292.000000000000    0.000023731718   -0.000000000000
  244  244.000000000000    0.000023683308    0.000000000000
  245  245.000000000000    0.000023684337    0.000000000000
  293  293.000000000000    0.000023732300   -0.000000000000
  246  246.000000000000    0.000023685195    0.000000000000
  294  294.000000000000    0.000023732908   -0.000000000000
  247  247.000000000000    0.000023685990    0.000000000000
  295  295.000000000000    0.000023733516   -0.000000000000
  248  248.000000000000    0.000023686824    0.000000000000
  296  296.000000000000    0.000023734072   -0.000000000000
  249  249.000000000000    0.000023687694    0.000000000000
  297  297.000000000000    0.000023734591   -0.000000000000
  250  250.000000000000    0.000023688572    0.000000000000
  251  251.000000000000    0.000023689500    0.000000000000
  298  298.000000000000    0.000023735142   -0.000000000000
  252  252.000000000000    0.000023690556    0.000000000000
  299  299.000000000000    0.000023735754   -0.000000000000
  253  253.000000000000    0.000023691756    0.000000000000
  300  300.000000000000    0.000023736358   -0.000000000000
  254  254.000000000000    0.000023693007    0.000000000000
  301  301.000000000000    0.000023736860   -0.000000000000
  255  255.000000000000    0.000023694179    0.000000000000
  302  302.000000000000    0.000023737265   -0.000000000000
  256  256.000000000000    0.000023695218    0.000000000000
  303  303.000000000000    0.000023737665   -0.000000000000
  257  257.000000000000    0.000023696155    0.000000000000
  258  258.000000000000    0.000023697004    0.000000000000
  304  304.000000000000    0.000023738123   -0.000000000000
  259  259.000000000000    0.000023697792    0.000000000000
  305  305.000000000000    0.000023738676   -0.000000000000
  260  260.000000000000    0.000023698654    0.000000000000
  306  306.000000000000    0.000023739383   -0.000000000000
  261  261.000000000000    0.000023699775    0.000000000000
  307  307.000000000000    0.000023740232   -0.000000000000
  262  262.000000000000    0.000023701170    0.000000000000
  308  308.000000000000    0.000023741059   -0.000000000000
  263  263.000000000000    0.000023702629    0.000000000000
  264  264.000000000000    0.000023703962    0.000000000000
  309  309.000000000000    0.000023741683   -0.000000000000
  265  265.000000000000    0.000023705168    0.000000000000
  310  310.000000000000    0.000023742105   -0.000000000000
  266  266.000000000000    0.000023706294    0.000000000000
  311  311.000000000000    0.000023742464   -0.000000000000
  267  267.000000000000    0.000023707340    0.000000000000
  312  312.000000000000    0.000023742832   -0.000000000000
  268  268.000000000000    0.000023708339    0.000000000000
  313  313.000000000000    0.000023743177   -0.000000000000
  269  269.000000000000    0.000023709419    0.000000000000
  314  314.000000000000    0.000023743465   -0.000000000000
  270  270.000000000000    0.000023710681    0.000000000000
  271  271.000000000000    0.000023712068    0.000000000000
  315  315.000000000000    0.000023743721   -0.000000000000
  272  272.000000000000    0.000023713442    0.000000000000
  316  316.000000000000    0.000023744007   -0.000000000000
  273  273.000000000000    0.000023714693    0.000000000000
  317  317.000000000000    0.000023744377   -0.000000000000
  274  274.000000000000    0.000023715786    0.000000000000
  318  318.000000000000    0.000023744854   -0.000000000000
  275  275.000000000000    0.000023716740    0.000000000000
  319  319.000000000000    0.000023745413   -0.000000000000
  276  276.000000000000    0.000023717591    0.000000000000
  320  320.000000000000    0.000023745992   -0.000000000000
  277  277.000000000000    0.000023718394    0.000000000000
  278  278.000000000000    0.000023719237    0.000000000000
  321  321.000000000000    0.000023746526   -0.000000000000
  279  279.000000000000    0.000023720220    0.000000000000
  322  322.000000000000    0.000023746973   -0.000000000000
  280  280.000000000000    0.000023721384    0.000000000000
  323  323.000000000000    0.000023747327   -0.000000000000
  281  281.000000000000    0.000023722639    0.000000000000
  324  324.000000000000    0.000023747629   -0.000000000000
  282  282.000000000000    0.000023723835    0.000000000000
  325  325.000000000000    0.000023747949   -0.000000000000
  283  283.000000000000    0.000023724906    0.000000000000
  326  326.000000000000    0.000023748320   -0.000000000000
  284  284.000000000000    0.000023725890    0.000000000000
  327  327.000000000000    0.000023748676   -0.000000000000
  285  285.000000000000    0.000023726823    0.000000000000
  286  286.000000000000    0.000023727718    0.000000000000
  328  328.000000000000    0.000023748895   -0.000000000000
  287  287.000000000000    0.000023728667    0.000000000000
  329  329.000000000000    0.000023748948   -0.000000000000
  288  288.000000000000    0.000023729810    0.000000000000
  330  330.000000000000    0.000023748940   -0.000000000000
  289  289.000000000000    0.000023731126    0.000000000000
  331  331.000000000000    0.000023749004   -0.000000000000
  290  290.000000000000    0.000023732372    0.000000000000
  332  332.000000000000    0.000023749192   -0.000000000000
  291  291.000000000000    0.000023733325    0.000000000000
  333  333.000000000000    0.000023749484   -0.000000000000
  292  292.000000000000    0.000023734007    0.000000000000
  293  293.000000000000    0.000023734594    0.000000000000
  334  334.000000000000    0.000023749871   -0.000000000000
  294  294.000000000000    0.000023735189    0.000000000000
  335  335.000000000000    0.000023750333   -0.000000000000
  295  295.000000000000    0.000023735783    0.000000000000
  336  336.000000000000    0.000023750779   -0.000000000000
  296  296.000000000000    0.000023736346    0.000000000000
  337  337.000000000000    0.000023751118   -0.000000000000
  297  297.000000000000    0.000023736887    0.000000000000
  338  338.000000000000    0.000023751347   -0.000000000000
  298  298.000000000000    0.000023737457    0.000000000000
  339  339.000000000000    0.000023751548   -0.000000000000
  299  299.000000000000    0.000023738076    0.000000000000
  340  340.000000000000    0.000023751796   -0.000000000000
  300  300.000000000000    0.000023738684    0.000000000000
  301  301.000000000000    0.000023739193    0.000000000000
  341  341.000000000000    0.000023752122   -0.000000000000
  302  302.000000000000    0.000023739605    0.000000000000
  342  342.000000000000    0.000023752523   -0.000000000000
  303  303.000000000000    0.000023740008    0.000000000000
  343  343.000000000000    0.000023752945   -0.000000000000
  304  304.000000000000    0.000023740467    0.000000000000
  344  344.000000000000    0.000023753303   -0.000000000000
  305  305.000000000000    0.000023741026    0.000000000000
  345  345.000000000000    0.000023753544   -0.000000000000
  306  306.000000000000    0.000023741741    0.000000000000
  346  346.000000000000    0.000023753708   -0.000000000000
  307  307.000000000000    0.000023742586    0.000000000000
  347  347.000000000000    0.000023753925   -0.000000000000
  308  308.000000000000    0.000023743398    0.000000000000
  309  309.000000000000    0.000023744013    0.000000000000
  348  348.000000000000    0.000023754277   -0.000000000000
  310  310.000000000000    0.000023744446    0.000000000000
  349  349.000000000000    0.000023754705   -0.000000000000
  311  311.000000000000    0.000023744829    0.000000000000
  350  350.000000000000    0.000023755074   -0.000000000000
  312  312.000000000000    0.000023745212    0.000000000000
  351  351.000000000000    0.000023755348   -0.000000000000
  313  313.000000000000    0.000023745553    0.000000000000
  352  352.000000000000    0.000023755632   -0.000000000000
  314  314.000000000000    0.000023745833    0.000000000000
  353  353.000000000000    0.000023755994   -0.000000000000
  315  315.000000000000    0.000023746090    0.000000000000
  354  354.000000000000    0.000023756350   -0.000000000000
  316  316.000000000000    0.000023746381    0.000000000000
  355  355.000000000000    0.000023756599   -0.000000000000
  317  317.000000000000    0.000023746753    0.000000000000
  318  318.000000000000    0.000023747233    0.000000000000
  356  356.000000000000    0.000023756766   -0.000000000000
  319  319.000000000000    0.000023747795    0.000000000000
  357  357.000000000000    0.000023756975   -0.000000000000
  320  320.000000000000    0.000023748367    0.000000000000
  358  358.000000000000    0.000023757287   -0.000000000000
  321  321.000000000000    0.000023748884    0.000000000000
  359  359.000000000000    0.000023757658   -0.000000000000
  322  322.000000000000    0.000023749320    0.000000000000
  360  360.000000000000    0.000023758015   -0.000000000000
  323  323.000000000000    0.000023749679    0.000000000000
  361  361.000000000000    0.000023758307   -0.000000000000
  324  324.000000000000    0.000023749995    0.000000000000
  362  362.000000000000    0.000023758511   -0.000000000000
  325  325.000000000000    0.000023750318    0.000000000000
  363  363.000000000000    0.000023758635   -0.000000000000
  326  326.000000000000    0.000023750685    0.000000000000
  327  327.000000000000    0.000023751040    0.000000000000
  364  364.000000000000    0.000023758722   -0.000000000000
  328  328.000000000000    0.000023751265    0.000000000000
  365  365.000000000000    0.000023758833   -0.000000000000
  329  329.000000000000    0.000023751322    0.000000000000
  366  366.000000000000    0.000023759010   -0.000000000000
  330  330.000000000000    0.000023751319    0.000000000000
  367  367.000000000000    0.000023759235   -0.000000000000
  331  331.000000000000    0.000023751399    0.000000000000
  368  368.000000000000    0.000023759452   -0.000000000000
  332  332.000000000000    0.000023751603    0.000000000000
  369  369.000000000000    0.000023759625   -0.000000000000
  333  333.000000000000    0.000023751896    0.000000000000
  370  370.000000000000    0.000023759815   -0.000000000000
  334  334.000000000000    0.000023752266    0.000000000000
  371  371.000000000000    0.000023760116   -0.000000000000
  335  335.000000000000    0.000023752718    0.000000000000
  336  336.000000000000    0.000023753177    0.000000000000
  372  372.000000000000    0.000023760504   -0.000000000000
  337  337.000000000000    0.000023753532    0.000000000000
  373  373.000000000000    0.000023760849   -0.000000000000
  338  338.000000000000    0.000023753759    0.000000000000
  374  374.000000000000    0.000023761122   -0.000000000000
  339  339.000000000000    0.000023753948    0.000000000000
  375  375.000000000000    0.000023761477   -0.000000000000
  340  340.000000000000    0.000023754195    0.000000000000
  376  376.000000000000    0.000023762041   -0.000000000000
  341  341.000000000000    0.000023754534    0.000000000000
  377  377.000000000000    0.000023762745   -0.000000000000
  342  342.000000000000    0.000023754942    0.000000000000
  378  378.000000000000    0.000023763406   -0.000000000000
  343  343.000000000000    0.000023755363    0.000000000000
  379  379.000000000000    0.000023763892   -0.000000000000
  344  344.000000000000    0.000023755727    0.000000000000
  380  380.000000000000    0.000023764212   -0.000000000000
  345  345.000000000000    0.000023755982    0.000000000000
  381  381.000000000000    0.000023764483   -0.000000000000
  346  346.000000000000    0.000023756151    0.000000000000
  347  347.000000000000    0.000023756356    0.000000000000
  382  382.000000000000    0.000023764863   -0.000000000000
  348  348.000000000000    0.000023756697    0.000000000000
  383  383.000000000000    0.000023765458   -0.000000000000
  349  349.000000000000    0.000023757137    0.000000000000
  384  384.000000000000    0.000023766223   -0.000000000000
  350  350.000000000000    0.000023757530    0.000000000000
  385  385.000000000000    0.000023766958   -0.000000000000
  351  351.000000000000    0.000023757816    0.000000000000
  386  386.000000000000    0.000023767466   -0.000000000000
  352  352.000000000000    0.000023758095    0.000000000000
  387  387.000000000000    0.000023767746   -0.000000000000
  353  353.000000000000    0.000023758450    0.000000000000
  388  388.000000000000    0.000023768007   -0.000000000000
  354  354.000000000000    0.000023758811    0.000000000000
  389  389.000000000000    0.000023768453   -0.000000000000
  355  355.000000000000    0.000023759069    0.000000000000
  390  390.000000000000    0.000023769126   -0.000000000000
  356  356.000000000000    0.000023759243    0.000000000000
  357  357.000000000000    0.000023759452    0.000000000000
  391  391.000000000000    0.000023769934   -0.000000000000
  358  358.000000000000    0.000023759761    0.000000000000
  392  392.000000000000    0.000023770778   -0.000000000000
  359  359.000000000000    0.000023760126    0.000000000000
  393  393.000000000000    0.000023771608   -0.000000000000
  360  360.000000000000    0.000023760475    0.000000000000
  394  394.000000000000    0.000023772392   -0.000000000000
  361  361.000000000000    0.000023760760    0.000000000000
  395  395.000000000000    0.000023773087   -0.000000000000
  362  362.000000000000    0.000023760962    0.000000000000
  396  396.000000000000    0.000023773658   -0.000000000000
  363  363.000000000000    0.000023761093    0.000000000000
  397  397.000000000000    0.000023774110   -0.000000000000
  364  364.000000000000    0.000023761192    0.000000000000
  398  398.000000000000    0.000023774503   -0.000000000000
  365  365.000000000000    0.000023761313    0.000000000000
  399  399.000000000000    0.000023774902   -0.000000000000
  366  366.000000000000    0.000023761483    0.000000000000
  400  400.000000000000    0.000023775335   -0.000000000000
  367  367.000000000000    0.000023761693    0.000000000000
  401  401.000000000000    0.000023775790   -0.000000000000
  368  368.000000000000    0.000023761907    0.000000000000
  402  402.000000000000    0.000023776242   -0.000000000000
  369  369.000000000000    0.000023762095    0.000000000000
  370  370.000000000000    0.000023762297    0.000000000000
  403  403.000000000000    0.000023776660   -0.000000000000
  371  371.000000000000    0.000023762589    0.000000000000
  404  404.000000000000    0.000023777018   -0.000000000000
  372  372.000000000000    0.000023762958    0.000000000000
  405  405.000000000000    0.000023777319   -0.000000000000
  373  373.000000000000    0.000023763298    0.000000000000
  406  406.000000000000    0.000023777624   -0.000000000000
  374  374.000000000000    0.000023763580    0.000000000000
  407  407.000000000000    0.000023778020   -0.000000000000
  375  375.000000000000    0.000023763935    0.000000000000
  408  408.000000000000    0.000023778566   -0.000000000000
  376  376.000000000000    0.000023764490    0.000000000000
  377  377.000000000000    0.000023765194    0.000000000000
  409  409.000000000000    0.000023779275   -0.000000000000
  378  378.000000000000    0.000023765871    0.000000000000
  410  410.000000000000    0.000023780101   -0.000000000000
  379  379.000000000000    0.000023766368    0.000000000000
  411  411.000000000000    0.000023780944   -0.000000000000
  380  380.000000000000    0.000023766681    0.000000000000
  412  412.000000000000    0.000023781697   -0.000000000000
  381  381.000000000000    0.000023766947    0.000000000000
  413  413.000000000000    0.000023782301   -0.000000000000
  382  382.000000000000    0.000023767345    0.000000000000
  414  414.000000000000    0.000023782758   -0.000000000000
  383  383.000000000000    0.000023767968    0.000000000000
  415  415.000000000000    0.000023783099   -0.000000000000
  384  384.000000000000    0.000023768740    0.000000000000
  416  416.000000000000    0.000023783383   -0.000000000000
  385  385.000000000000    0.000023769462    0.000000000000
  417  417.000000000000    0.000023783696   -0.000000000000
  386  386.000000000000    0.000023769962    0.000000000000
  418  418.000000000000    0.000023784080   -0.000000000000
  387  387.000000000000    0.000023770252    0.000000000000
  419  419.000000000000    0.000023784502   -0.000000000000
  388  388.000000000000    0.000023770521    0.000000000000
  389  389.000000000000    0.000023770960    0.000000000000
  420  420.000000000000    0.000023784907   -0.000000000000
  390  390.000000000000    0.000023771622    0.000000000000
  421  421.000000000000    0.000023785269   -0.000000000000
  391  391.000000000000    0.000023772432    0.000000000000
  422  422.000000000000    0.000023785583   -0.000000000000
  392  392.000000000000    0.000023773283    0.000000000000
  423  423.000000000000    0.000023785851   -0.000000000000
  393  393.000000000000    0.000023774115    0.000000000000
  424  424.000000000000    0.000023786133   -0.000000000000
  394  394.000000000000    0.000023774898    0.000000000000
  425  425.000000000000    0.000023786543   -0.000000000000
  395  395.000000000000    0.000023775602    0.000000000000
  426  426.000000000000    0.000023787165   -0.000000000000
  396  396.000000000000    0.000023776189    0.000000000000
  427  427.000000000000    0.000023787977   -0.000000000000
  397  397.000000000000    0.000023776653    0.000000000000
  428  428.000000000000    0.000023788863   -0.000000000000
  398  398.000000000000    0.000023777047    0.000000000000
  429  429.000000000000    0.000023789694   -0.000000000000
  399  399.000000000000    0.000023777444    0.000000000000
  430  430.000000000000    0.000023790392   -0.000000000000
  400  400.000000000000    0.000023777875    0.000000000000
  431  431.000000000000    0.000023790936   -0.000000000000
  401  401.000000000000    0.000023778331    0.000000000000
  402  402.000000000000    0.000023778785    0.000000000000
  432  432.000000000000    0.000023791327   -0.000000000000
  403  403.000000000000    0.000023779204    0.000000000000
  433  433.000000000000    0.000023791599   -0.000000000000
  404  404.000000000000    0.000023779559    0.000000000000
  434  434.000000000000    0.000023791828   -0.000000000000
  405  405.000000000000    0.000023779853    0.000000000000
  435  435.000000000000    0.000023792110   -0.000000000000
  406  406.000000000000    0.000023780158    0.000000000000
  436  436.000000000000    0.000023792498   -0.000000000000
  407  407.000000000000    0.000023780565    0.000000000000
  437  437.000000000000    0.000023792974   -0.000000000000
  408  408.000000000000    0.000023781125    0.000000000000
  438  438.000000000000    0.000023793475   -0.000000000000
  409  409.000000000000    0.000023781837    0.000000000000
  439  439.000000000000    0.000023793925   -0.000000000000
  410  410.000000000000    0.000023782662    0.000000000000
  440  440.000000000000    0.000023794277   -0.000000000000
  411  411.000000000000    0.000023783513    0.000000000000
  441  441.000000000000    0.000023794529   -0.000000000000
  412  412.000000000000    0.000023784280    0.000000000000
  442  442.000000000000    0.000023794759   -0.000000000000
  413  413.000000000000    0.000023784892    0.000000000000
  443  443.000000000000    0.000023795124   -0.000000000000
  414  414.000000000000    0.000023785344    0.000000000000
  444  444.000000000000    0.000023795754   -0.000000000000
  415  415.000000000000    0.000023785682    0.000000000000
  416  416.000000000000    0.000023785973    0.000000000000
  445  445.000000000000    0.000023796627   -0.000000000000
  417  417.000000000000    0.000023786291    0.000000000000
  446  446.000000000000    0.000023797552   -0.000000000000
  418  418.000000000000    0.000023786666    0.000000000000
  447  447.000000000000    0.000023798330   -0.000000000000
  419  419.000000000000    0.000023787077    0.000000000000
  448  448.000000000000    0.000023798878   -0.000000000000
  420  420.000000000000    0.000023787484    0.000000000000
  449  449.000000000000    0.000023799201   -0.000000000000
  421  421.000000000000    0.000023787861    0.000000000000
  450  450.000000000000    0.000023799360   -0.000000000000
  422  422.000000000000    0.000023788185    0.000000000000
  451  451.000000000000    0.000023799474   -0.000000000000
  423  423.000000000000    0.000023788449    0.000000000000
  452  452.000000000000    0.000023799693   -0.000000000000
  424  424.000000000000    0.000023788726    0.000000000000
  453  453.000000000000    0.000023800090   -0.000000000000
  425  425.000000000000    0.000023789147    0.000000000000
  454  454.000000000000    0.000023800592   -0.000000000000
  426  426.000000000000    0.000023789791    0.000000000000
  455  455.000000000000    0.000023801050   -0.000000000000
  427  427.000000000000    0.000023790619    0.000000000000
  456  456.000000000000    0.000023801357   -0.000000000000
  428  428.000000000000    0.000023791502    0.000000000000
  457  457.000000000000    0.000023801510   -0.000000000000
  429  429.000000000000    0.000023792322    0.000000000000
  458  458.000000000000    0.000023801575   -0.000000000000
  430  430.000000000000    0.000023793020    0.000000000000
  431  431.000000000000    0.000023793571    0.000000000000
  459  459.000000000000    0.000023801631   -0.000000000000
  432  432.000000000000    0.000023793967    0.000000000000
  460  460.000000000000    0.000023801749   -0.000000000000
  433  433.000000000000    0.000023794237    0.000000000000
  461  461.000000000000    0.000023801992   -0.000000000000
  434  434.000000000000    0.000023794466    0.000000000000
  462  462.000000000000    0.000023802388   -0.000000000000
  435  435.000000000000    0.000023794760    0.000000000000
  463  463.000000000000    0.000023802883   -0.000000000000
  436  436.000000000000    0.000023795162    0.000000000000
  464  464.000000000000    0.000023803352   -0.000000000000
  437  437.000000000000    0.000023795640    0.000000000000
  465  465.000000000000    0.000023803677   -0.000000000000
  438  438.000000000000    0.000023796134    0.000000000000
  466  466.000000000000    0.000023803823   -0.000000000000
  439  439.000000000000    0.000023796591    0.000000000000
  467  467.000000000000    0.000023803832   -0.000000000000
  440  440.000000000000    0.000023796970    0.000000000000
  468  468.000000000000    0.000023803791   -0.000000000000
  441  441.000000000000    0.000023797241    0.000000000000
  469  469.000000000000    0.000023803808   -0.000000000000
  442  442.000000000000    0.000023797461    0.000000000000
  470  470.000000000000    0.000023803967   -0.000000000000
  443  443.000000000000    0.000023797801    0.000000000000
  471  471.000000000000    0.000023804260   -0.000000000000
  444  444.000000000000    0.000023798426    0.000000000000
  472  472.000000000000    0.000023804601   -0.000000000000
  445  445.000000000000    0.000023799317    0.000000000000
  473  473.000000000000    0.000023804924   -0.000000000000
  446  446.000000000000    0.000023800255    0.000000000000
  447  447.000000000000    0.000023801023    0.000000000000
  474  474.000000000000    0.000023805220   -0.000000000000
  448  448.000000000000    0.000023801554    0.000000000000
  475  475.000000000000    0.000023805471   -0.000000000000
  449  449.000000000000    0.000023801878    0.000000000000
  476  476.000000000000    0.000023805633   -0.000000000000
  450  450.000000000000    0.000023802048    0.000000000000
  477  477.000000000000    0.000023805716   -0.000000000000
  451  451.000000000000    0.000023802163    0.000000000000
  478  478.000000000000    0.000023805832   -0.000000000000
  452  452.000000000000    0.000023802374    0.000000000000
  479  479.000000000000    0.000023806104   -0.000000000000
  453  453.000000000000    0.000023802774    0.000000000000
  480  480.000000000000    0.000023806555   -0.000000000000
  454  454.000000000000    0.000023803293    0.000000000000
  481  481.000000000000    0.000023807079   -0.000000000000
  455  455.000000000000    0.000023803764    0.000000000000
  482  482.000000000000    0.000023807501   -0.000000000000
  456  456.000000000000    0.000023804064    0.000000000000
  457  457.000000000000    0.000023804204    0.000000000000
  458  458.000000000000    0.000023804274    0.000000000000
  484  484.000000000000    0.000023807719   -0.000000000000
  459  459.000000000000    0.000023804353    0.000000000000
  485  485.000000000000    0.000023807668   -0.000000000000
  460  460.000000000000    0.000023804485    0.000000000000
  486  486.000000000000    0.000023807703   -0.000000000000
  461  461.000000000000    0.000023804717    0.000000000000
  487  487.000000000000    0.000023807921   -0.000000000000
  462  462.000000000000    0.000023805088    0.000000000000
  488  488.000000000000    0.000023808339   -0.000000000000
  463  463.000000000000    0.000023805574    0.000000000000
  489  489.000000000000    0.000023808889   -0.000000000000
  464  464.000000000000    0.000023806055    0.000000000000
  490  490.000000000000    0.000023809428   -0.000000000000
  465  465.000000000000    0.000023806395    0.000000000000
  491  491.000000000000    0.000023809828   -0.000000000000
  466  466.000000000000    0.000023806537    0.000000000000
  492  492.000000000000    0.000023810057   -0.000000000000
  467  467.000000000000    0.000023806533    0.000000000000
  493  493.000000000000    0.000023810167   -0.000000000000
  468  468.000000000000    0.000023806489    0.000000000000
  494  494.000000000000    0.000023810232   -0.000000000000
  469  469.000000000000    0.000023806517    0.000000000000
  495  495.000000000000    0.000023810297   -0.000000000000
  470  470.000000000000    0.000023806679    0.000000000000
  496  496.000000000000    0.000023810383   -0.000000000000
  471  471.000000000000    0.000023806965    0.000000000000
  497  497.000000000000    0.000023810491   -0.000000000000
  472  472.000000000000    0.000023807303    0.000000000000
  498  498.000000000000    0.000023810620   -0.000000000000
  473  473.000000000000    0.000023807640    0.000000000000
  499  499.000000000000    0.000023810752   -0.000000000000
  474  474.000000000000    0.000023807950    0.000000000000
  475  475.000000000000    0.000023808193    0.000000000000
  500  500.000000000000    0.000023810859   -0.000000000000
  476  476.000000000000    0.000023808337    0.000000000000
  477  477.000000000000    0.000023808424    0.000000000000
  478  478.000000000000    0.000023808568    0.000000000000
  479  479.000000000000    0.000023808863    0.000000000000
  480  480.000000000000    0.000023809308    0.000000000000
  481  481.000000000000    0.000023809811    0.000000000000
  482  482.000000000000    0.000023810226    0.000000000000
  483  483.000000000000    0.000023810442    0.000000000000
  484  484.000000000000    0.000023810462    0.000000000000
  485  485.000000000000    0.000023810407    0.000000000000
  486  486.000000000000    0.000023810436    0.000000000000
  487  487.000000000000    0.000023810650    0.000000000000
  488  488.000000000000    0.000023811066    0.000000000000
  489  489.000000000000    0.000023811611    0.000000000000
  490  490.000000000000    0.000023812149    0.000000000000
  491  491.000000000000    0.000023812555    0.000000000000
  492  492.000000000000    0.000023812794    0.000000000000
  493  493.000000000000    0.000023812913    0.000000000000
  494  494.000000000000    0.000023812977    0.000000000000
  495  495.000000000000    0.000023813033    0.000000000000
  496  496.000000000000    0.000023813108    0.000000000000
  497  497.000000000000    0.000023813219    0.000000000000
  498  498.000000000000    0.000023813362    0.000000000000
  499  499.000000000000    0.000023813502    0.000000000000
  500  500.000000000000    0.000023813595    0.000000000000
