 #            500
    0.000000000000         0.00000000E+00      0.00000000E+00      0.00000000E+00      0.00000000E+00
    1.000000000000        -0.32232770E-34      0.51925567E-35     -0.64465539E-34      0.10385113E-34
    2.000000000000         0.10626139E-30      0.11538100E-34      0.21258724E-30      0.12691087E-34
    3.000000000000         0.31492519E-28      0.13987269E-34      0.62772516E-28      0.48983371E-35
    4.000000000000         0.17089817E-26      0.16880366E-34      0.33549784E-26      0.57861951E-35
    5.000000000000         0.25573864E-25      0.19722291E-34      0.47729764E-25      0.56838492E-35
    6.000000000000         0.20492159E-24      0.18162853E-34      0.35869545E-24     -0.31188759E-35
    7.000000000000         0.11174886E-23      0.15917576E-34      0.18251341E-23     -0.44905538E-35
    8.000000000000         0.44181563E-23      0.23801387E-34      0.66013354E-23      0.15767622E-34
    9.000000000000         0.13765411E-22      0.23102620E-34      0.18694509E-22     -0.13975343E-35
   10.000000000000         0.35587073E-22      0.31089286E-34      0.43643325E-22      0.15973333E-34
   11.000000000000         0.78745416E-22      0.38276617E-34      0.86316686E-22      0.14374661E-34
   12.000000000000         0.15278042E-21      0.41496654E-34      0.14807001E-21      0.64400743E-35
   13.000000000000         0.26372040E-21      0.45028197E-34      0.22187995E-21      0.70630863E-35
   14.000000000000         0.39980914E-21      0.49453116E-34      0.27217748E-21      0.88498377E-35
   15.000000000000         0.54190916E-21      0.57663127E-34      0.28420004E-21      0.16420021E-34
   16.000000000000         0.67628554E-21      0.57221499E-34      0.26875278E-21     -0.88325551E-36
   17.000000000000         0.79352152E-21      0.55862986E-34      0.23447195E-21     -0.27170267E-35
   18.000000000000         0.88810839E-21      0.59841217E-34      0.18917374E-21      0.79564620E-35
   19.000000000000         0.95898201E-21      0.60257700E-34      0.14174724E-21      0.83296625E-36
   20.000000000000         0.10091085E-20      0.70648253E-34      0.10025305E-21      0.20781105E-34
   21.000000000000         0.10439846E-20      0.73800699E-34      0.69752165E-22      0.63048924E-35
   22.000000000000         0.10697286E-20      0.77552647E-34      0.51487984E-22      0.75038967E-35
   23.000000000000         0.10912597E-20      0.81933485E-34      0.43062248E-22      0.87616756E-35
   24.000000000000         0.11114296E-20      0.87507450E-34      0.40339766E-22      0.11147929E-34
   25.000000000000         0.11316087E-20      0.87926871E-34      0.40358130E-22      0.83884372E-36
   26.000000000000         0.11529163E-20      0.92181344E-34      0.42615147E-22      0.85089444E-35
   27.000000000000         0.11764958E-20      0.91680941E-34      0.47159184E-22     -0.10008049E-35
   28.000000000000         0.12027737E-20      0.95306524E-34      0.52555800E-22      0.72511654E-35
   29.000000000000         0.12307052E-20      0.96719238E-34      0.55862903E-22      0.28254292E-35
   30.000000000000         0.12578551E-20      0.99207530E-34      0.54299834E-22      0.49765838E-35
   31.000000000000         0.12813717E-20      0.10382347E-33      0.47033211E-22      0.92318734E-35
   32.000000000000         0.12993245E-20      0.10540222E-33      0.35905656E-22      0.31575063E-35
   33.000000000000         0.13116551E-20      0.10864503E-33      0.24661093E-22      0.64856247E-35
   34.000000000000         0.13199463E-20      0.10820561E-33      0.16582408E-22     -0.87884740E-36
   35.000000000000         0.13262880E-20      0.11081145E-33      0.12683332E-22      0.52116827E-35
   36.000000000000         0.13320630E-20      0.11251951E-33      0.11550032E-22      0.34161151E-35
   37.000000000000         0.13377808E-20      0.11527963E-33      0.11435625E-22      0.55202500E-35
   38.000000000000         0.13437039E-20      0.11931958E-33      0.11846185E-22      0.80798889E-35
   39.000000000000         0.13503177E-20      0.12472016E-33      0.13227624E-22      0.10801158E-34
   40.000000000000         0.13582302E-20      0.13351498E-33      0.15825007E-22      0.17589638E-34
   41.000000000000         0.13675954E-20      0.14012044E-33      0.18730429E-22      0.13210922E-34
   42.000000000000         0.13775745E-20      0.14577081E-33      0.19958205E-22      0.11300743E-34
   43.000000000000         0.13867614E-20      0.15057482E-33      0.18373828E-22      0.96080316E-35
   44.000000000000         0.13940631E-20      0.15002446E-33      0.14603404E-22     -0.11007220E-35
   45.000000000000         0.13992022E-20      0.15669311E-33      0.10278156E-22      0.13337287E-34
   46.000000000000         0.14027128E-20      0.15770321E-33      0.70212140E-23      0.20202155E-35
   47.000000000000         0.14054924E-20      0.16237352E-33      0.55591348E-23      0.93406066E-35
   48.000000000000         0.14082247E-20      0.16422117E-33      0.54646794E-23      0.36952950E-35
   49.000000000000         0.14112214E-20      0.16628481E-33      0.59932701E-23      0.41272892E-35
   50.000000000000         0.14145711E-20      0.17185877E-33      0.66993934E-23      0.11147929E-34
   51.000000000000         0.14182271E-20      0.17366528E-33      0.73120843E-23      0.36130104E-35
   52.000000000000         0.14220649E-20      0.17974177E-33      0.76757004E-23      0.12152977E-34
   53.000000000000         0.14258834E-20      0.18149097E-33      0.76368804E-23      0.34983997E-35
   54.000000000000         0.14295141E-20      0.18469411E-33      0.72614055E-23      0.64062788E-35
   55.000000000000         0.14328522E-20      0.18728158E-33      0.66762951E-23      0.51749485E-35
   56.000000000000         0.14358465E-20      0.19508752E-33      0.59885787E-23      0.15611869E-34
   57.000000000000         0.14385887E-20      0.20165183E-33      0.54844420E-23      0.13128637E-34
   58.000000000000         0.14412930E-20      0.20818530E-33      0.54084876E-23      0.13066924E-34
   59.000000000000         0.14439566E-20      0.21571058E-33      0.53272575E-23      0.15050570E-34
   60.000000000000         0.14462986E-20      0.21875503E-33      0.46839579E-23      0.60888954E-35
   61.000000000000         0.14480476E-20      0.22386835E-33      0.34979134E-23      0.10226635E-34
   62.000000000000         0.14491406E-20      0.22431863E-33      0.21860428E-23      0.90055717E-36
   63.000000000000         0.14497971E-20      0.22664418E-33      0.13131259E-23      0.46511188E-35
   64.000000000000         0.14504001E-20      0.23144600E-33      0.12059864E-23      0.96036235E-35
   65.000000000000         0.14511915E-20      0.23883830E-33      0.15827856E-23      0.14784615E-34
   66.000000000000         0.14521273E-20      0.24458345E-33      0.18714613E-23      0.11490292E-34
   67.000000000000         0.14529777E-20      0.25233575E-33      0.17009236E-23      0.15504605E-34
   68.000000000000         0.14535580E-20      0.25500478E-33      0.11605659E-23      0.53380483E-35
   69.000000000000         0.14539466E-20      0.25914684E-33      0.77721334E-24      0.82841311E-35
   70.000000000000         0.14544491E-20      0.25925255E-33      0.10050681E-23      0.21142361E-36
   71.000000000000         0.14553274E-20      0.26406539E-33      0.17565912E-23      0.96256640E-35
   72.000000000000         0.14565508E-20      0.26884442E-33      0.24467800E-23      0.95580731E-35
   73.000000000000         0.14577906E-20      0.27508695E-33      0.24794793E-23      0.12485054E-34
   74.000000000000         0.14587186E-20      0.27844805E-33      0.18560029E-23      0.67221929E-35
   75.000000000000         0.14593219E-20      0.28598839E-33      0.12066464E-23      0.15080692E-34
   76.000000000000         0.14598396E-20      0.28905525E-33      0.10353145E-23      0.61337111E-35
   77.000000000000         0.14604622E-20      0.29007160E-33      0.12452476E-23      0.20327052E-35
   78.000000000000         0.14611285E-20      0.29596258E-33      0.13326319E-23      0.11781961E-34
   79.000000000000         0.14616279E-20      0.30212576E-33      0.99875480E-24      0.12326362E-34
   80.000000000000         0.14618713E-20      0.30256722E-33      0.48692725E-24      0.88292476E-36
   81.000000000000         0.14620076E-20      0.30405745E-33      0.27246157E-24      0.29804475E-35
   82.000000000000         0.14622636E-20      0.30333995E-33      0.51205488E-24     -0.14350032E-35
   83.000000000000         0.14627602E-20      0.30704377E-33      0.99320257E-24      0.74076531E-35
   84.000000000000         0.14634785E-20      0.31388066E-33      0.14367159E-23      0.13673773E-34
   85.000000000000         0.14643593E-20      0.31559864E-33      0.17614654E-23      0.34359515E-35
   86.000000000000         0.14654102E-20      0.32010253E-33      0.21019007E-23      0.90077948E-35
   87.000000000000         0.14667057E-20      0.32499434E-33      0.25909678E-23      0.97836210E-35
   88.000000000000         0.14682850E-20      0.33227755E-33      0.31586193E-23      0.14566414E-34
   89.000000000000         0.14700189E-20      0.33582305E-33      0.34677532E-23      0.70910043E-35
   90.000000000000         0.14716257E-20      0.33960329E-33      0.32136140E-23      0.75604674E-35
   91.000000000000         0.14728602E-20      0.33910100E-33      0.24690749E-23     -0.10045702E-35
   92.000000000000         0.14736988E-20      0.34459140E-33      0.16771601E-23      0.10980789E-34
   93.000000000000         0.14743005E-20      0.34697114E-33      0.12034256E-23      0.47594847E-35
   94.000000000000         0.14748163E-20      0.35391639E-33      0.10314855E-23      0.13890504E-34
   95.000000000000         0.14752704E-20      0.35452609E-33      0.90819637E-24      0.12194100E-35
   96.000000000000         0.14756014E-20      0.36770588E-33      0.66209566E-24      0.26359561E-34
   97.000000000000         0.14757950E-20      0.38007163E-33      0.38719302E-24      0.24731501E-34
   98.000000000000         0.14759784E-20      0.38843225E-33      0.36671122E-24      0.16721242E-34
   99.000000000000         0.14763485E-20      0.39492383E-33      0.74026870E-24      0.12983170E-34
  100.000000000000         0.14770003E-20      0.40091767E-33      0.13035851E-23      0.11987673E-34
  101.000000000000         0.14778529E-20      0.40487147E-33      0.17051295E-23      0.79076055E-35
  102.000000000000         0.14787630E-20      0.41085227E-33      0.18202424E-23      0.11961592E-34
  103.000000000000         0.14796715E-20      0.41879100E-33      0.18169626E-23      0.15877457E-34
  104.000000000000         0.14806760E-20      0.42401231E-33      0.20090946E-23      0.10442633E-34
  105.000000000000         0.14819325E-20      0.42812609E-33      0.25129517E-23      0.82275604E-35
  106.000000000000         0.14834550E-20      0.43275599E-33      0.30449540E-23      0.92597914E-35
  107.000000000000         0.14850638E-20      0.43484277E-33      0.32176297E-23      0.41735743E-35
  108.000000000000         0.14865612E-20      0.43992560E-33      0.29948563E-23      0.10165657E-34
  109.000000000000         0.14878360E-20      0.43972054E-33      0.25495084E-23     -0.41011903E-36
  110.000000000000         0.14888704E-20      0.44053412E-33      0.20688317E-23      0.16271596E-35
  111.000000000000         0.14897331E-20      0.45213507E-33      0.17253374E-23      0.23201889E-34
  112.000000000000         0.14904600E-20      0.45564696E-33      0.14537967E-23      0.70237807E-35
  113.000000000000         0.14909929E-20      0.45578683E-33      0.10658884E-23      0.27974922E-36
  114.000000000000         0.14912884E-20      0.46000971E-33      0.59103124E-24      0.84457615E-35
  115.000000000000         0.14914411E-20      0.46399731E-33      0.30541492E-24      0.79751965E-35
  116.000000000000         0.14916256E-20      0.46329708E-33      0.36897722E-24     -0.14004730E-35
  117.000000000000         0.14919250E-20      0.46562098E-33      0.59886034E-24      0.46478128E-35
  118.000000000000         0.14922605E-20      0.47138505E-33      0.67090423E-24      0.11528128E-34
  119.000000000000         0.14924991E-20      0.47584982E-33      0.47713411E-24      0.89295509E-35
  120.000000000000         0.14925622E-20      0.48179315E-33      0.12623294E-24      0.11886654E-34
  121.000000000000         0.14924889E-20      0.48493641E-33     -0.14654662E-24      0.62865253E-35
  122.000000000000         0.14924265E-20      0.48549689E-33     -0.12471736E-24      0.11209624E-35
  123.000000000000         0.14925129E-20      0.48795984E-33      0.17274611E-24      0.49258906E-35
  124.000000000000         0.14927947E-20      0.49739861E-33      0.56348090E-24      0.18877539E-34
  125.000000000000         0.14932722E-20      0.50209609E-33      0.95502508E-24      0.93949732E-35
  126.000000000000         0.14939350E-20      0.50595237E-33      0.13257218E-23      0.77125469E-35
  127.000000000000         0.14947739E-20      0.50998717E-33      0.16778284E-23      0.80696033E-35
  128.000000000000         0.14957246E-20      0.50905330E-33      0.19012268E-23     -0.18677320E-35
  129.000000000000         0.14966274E-20      0.51046492E-33      0.18056412E-23      0.28232251E-35
  130.000000000000         0.14973118E-20      0.51499342E-33      0.13687790E-23      0.90570186E-35
  131.000000000000         0.14977075E-20      0.52310682E-33      0.79137555E-24      0.16226799E-34
  132.000000000000         0.14978504E-20      0.53073166E-33      0.28597115E-24      0.15249670E-34
  133.000000000000         0.14978379E-20      0.53402112E-33     -0.25081540E-25      0.65789296E-35
  134.000000000000         0.14977655E-20      0.53551355E-33     -0.14484555E-24      0.29848556E-35
  135.000000000000         0.14976878E-20      0.53831849E-33     -0.15543835E-24      0.56098814E-35
  136.000000000000         0.14976573E-20      0.54499522E-33     -0.60949578E-25      0.13353450E-34
  137.000000000000         0.14977478E-20      0.54402462E-33      0.18110279E-24     -0.19412004E-35
  138.000000000000         0.14980339E-20      0.54906373E-33      0.57218764E-24      0.10078229E-34
  139.000000000000         0.14985204E-20      0.55616070E-33      0.97294241E-24      0.14193929E-34
  140.000000000000         0.14990887E-20      0.56274999E-33      0.11365535E-23      0.13178596E-34
  141.000000000000         0.14995815E-20      0.56598619E-33      0.98567611E-24      0.64724004E-35
  142.000000000000         0.14999207E-20      0.56483927E-33      0.67840820E-24     -0.22938487E-35
  143.000000000000         0.15000917E-20      0.57336593E-33      0.34197851E-24      0.17053319E-34
  144.000000000000         0.15001235E-20      0.57627152E-33      0.63564080E-25      0.58111848E-35
  145.000000000000         0.15000959E-20      0.58104689E-33     -0.55269319E-25      0.95507262E-35
  146.000000000000         0.15000782E-20      0.58142333E-33     -0.35368986E-25      0.75288569E-36
  147.000000000000         0.15000788E-20      0.58420145E-33      0.11665079E-26      0.55562495E-35
  148.000000000000         0.15000895E-20      0.58485561E-33      0.21461677E-25      0.13083068E-35
  149.000000000000         0.15001194E-20      0.59055594E-33      0.59914591E-25      0.11400660E-34
  150.000000000000         0.15001760E-20      0.59711732E-33      0.11316655E-24      0.13122760E-34
  151.000000000000         0.15002622E-20      0.60784362E-33      0.17231683E-24      0.21452607E-34
  152.000000000000         0.15004161E-20      0.60582095E-33      0.30781966E-24     -0.40453353E-35
  153.000000000000         0.15006908E-20      0.61132586E-33      0.54938179E-24      0.11009809E-34
  154.000000000000         0.15010729E-20      0.62208963E-33      0.76418873E-24      0.21527544E-34
  155.000000000000         0.15014578E-20      0.62142760E-33      0.76992437E-24     -0.13240659E-35
  156.000000000000         0.15017236E-20      0.63188353E-33      0.53149242E-24      0.20911879E-34
  157.000000000000         0.15018400E-20      0.63307878E-33      0.23278084E-24      0.23904963E-35
  158.000000000000         0.15018772E-20      0.63552961E-33      0.74436861E-25      0.49016461E-35
  159.000000000000         0.15019107E-20      0.63495243E-33      0.66925077E-25     -0.11543539E-35
  160.000000000000         0.15019707E-20      0.63846524E-33      0.12004576E-24      0.70256174E-35
  161.000000000000         0.15020788E-20      0.64007779E-33      0.21626250E-24      0.32250972E-35
  162.000000000000         0.15022666E-20      0.65130000E-33      0.37558894E-24      0.22444430E-34
  163.000000000000         0.15025485E-20      0.65958936E-33      0.56387123E-24      0.16578713E-34
  164.000000000000         0.15028969E-20      0.66707570E-33      0.69666513E-24      0.14972694E-34
  165.000000000000         0.15032536E-20      0.67126589E-33      0.71345957E-24      0.83803747E-35
  166.000000000000         0.15035688E-20      0.67616101E-33      0.63033991E-24      0.97902332E-35
  167.000000000000         0.15038468E-20      0.68118874E-33      0.55610456E-24      0.10055454E-34
  168.000000000000         0.15041565E-20      0.68434669E-33      0.61934869E-24      0.63159127E-35
  169.000000000000         0.15045765E-20      0.69104840E-33      0.84002466E-24      0.13403409E-34
  170.000000000000         0.15051207E-20      0.69522352E-33      0.10882915E-23      0.83502526E-35
  171.000000000000         0.15057166E-20      0.69518524E-33      0.11919725E-23     -0.76572508E-37
  172.000000000000         0.15062660E-20      0.69737635E-33      0.10986767E-23      0.43822245E-35
  173.000000000000         0.15067171E-20      0.70179282E-33      0.90226218E-24      0.88329400E-35
  174.000000000000         0.15070956E-20      0.70275848E-33      0.75688779E-24      0.19313188E-35
  175.000000000000         0.15074531E-20      0.70918027E-33      0.71511426E-24      0.12843580E-34
  176.000000000000         0.15077947E-20      0.71307695E-33      0.68314305E-24      0.77933622E-35
  177.000000000000         0.15080926E-20      0.71556561E-33      0.59576296E-24      0.49773185E-35
  178.000000000000         0.15083718E-20      0.72026750E-33      0.55847396E-24      0.94037894E-35
  179.000000000000         0.15087485E-20      0.72284690E-33      0.75339764E-24      0.51587855E-35
  180.000000000000         0.15093505E-20      0.72457846E-33      0.12039967E-23      0.34631349E-35
  181.000000000000         0.15101964E-20      0.72863824E-33      0.16917267E-23      0.81195619E-35
  182.000000000000         0.15111929E-20      0.73271456E-33      0.19931531E-23      0.81526226E-35
  183.000000000000         0.15122296E-20      0.74088783E-33      0.20733789E-23      0.16346553E-34
  184.000000000000         0.15132409E-20      0.74539430E-33      0.20226157E-23      0.90129376E-35
  185.000000000000         0.15142174E-20      0.75174593E-33      0.19530063E-23      0.12703255E-34
  186.000000000000         0.15151911E-20      0.75500197E-33      0.19473284E-23      0.65120733E-35
  187.000000000000         0.15161844E-20      0.75558485E-33      0.19865609E-23      0.11657781E-35
  188.000000000000         0.15171852E-20      0.75523056E-33      0.20017025E-23     -0.70858439E-36
  189.000000000000         0.15181710E-20      0.76195210E-33      0.19714891E-23      0.13443082E-34
  190.000000000000         0.15191414E-20      0.76961790E-33      0.19407534E-23      0.15331587E-34
  191.000000000000         0.15201181E-20      0.77229023E-33      0.19533844E-23      0.53446605E-35
  192.000000000000         0.15211236E-20      0.77749244E-33      0.20110809E-23      0.10404429E-34
  193.000000000000         0.15221380E-20      0.77934633E-33      0.20288137E-23      0.37077846E-35
  194.000000000000         0.15230904E-20      0.77922870E-33      0.19048649E-23     -0.23526425E-36
  195.000000000000         0.15239177E-20      0.78291122E-33      0.16545719E-23      0.73650414E-35
  196.000000000000         0.15246097E-20      0.78453424E-33      0.13840242E-23      0.32460357E-35
  197.000000000000         0.15251961E-20      0.79060357E-33      0.11726787E-23      0.12138651E-34
  198.000000000000         0.15257013E-20      0.79129592E-33      0.10104370E-23      0.13847139E-35
  199.000000000000         0.15261285E-20      0.79445599E-33      0.85444359E-24      0.63201371E-35
  200.000000000000         0.15264736E-20      0.80274801E-33      0.69014375E-24      0.16584040E-34
  201.000000000000         0.15267452E-20      0.80285262E-33      0.54325188E-24      0.20921956E-36
  202.000000000000         0.15269827E-20      0.80309103E-33      0.47504833E-24      0.47682819E-36
  203.000000000000         0.15272454E-20      0.80909993E-33      0.52523668E-24      0.12017795E-34
  204.000000000000         0.15275697E-20      0.81298210E-33      0.64871817E-24      0.77643422E-35
  205.000000000000         0.15279620E-20      0.81996905E-33      0.78460112E-24      0.13973891E-34
  206.000000000000         0.15284219E-20      0.82384975E-33      0.91973340E-24      0.77614034E-35
  207.000000000000         0.15289452E-20      0.82979914E-33      0.10467266E-23      0.11898776E-34
  208.000000000000         0.15295093E-20      0.84072601E-33      0.11280431E-23      0.21853744E-34
  209.000000000000         0.15300756E-20      0.84447135E-33      0.11326737E-23      0.74906724E-35
  210.000000000000         0.15305922E-20      0.84832799E-33      0.10332568E-23      0.77132816E-35
  211.000000000000         0.15310084E-20      0.85772929E-33      0.83230976E-24      0.18802601E-34
  212.000000000000         0.15312885E-20      0.85964434E-33      0.56031794E-24      0.38301095E-35
  213.000000000000         0.15314388E-20      0.86329601E-33      0.30047002E-24      0.73033280E-35
  214.000000000000         0.15315131E-20      0.87320975E-33      0.14857196E-24      0.19827486E-34
  215.000000000000         0.15315768E-20      0.88198694E-33      0.12748796E-24      0.17554373E-34
  216.000000000000         0.15316661E-20      0.88823240E-33      0.17851861E-24      0.12490931E-34
  217.000000000000         0.15318029E-20      0.88785947E-33      0.27371064E-24     -0.74586960E-36
  218.000000000000         0.15320224E-20      0.89222745E-33      0.43895686E-24      0.87359617E-35
  219.000000000000         0.15323608E-20      0.89982069E-33      0.67670715E-24      0.15186487E-34
  220.000000000000         0.15328052E-20      0.90001824E-33      0.88894954E-24      0.39509460E-36
  221.000000000000         0.15332846E-20      0.90274714E-33      0.95873770E-24      0.54578018E-35
  222.000000000000         0.15337137E-20      0.90450185E-33      0.85825840E-24      0.35094199E-35
  223.000000000000         0.15340451E-20      0.90682135E-33      0.66269145E-24      0.46389965E-35
  224.000000000000         0.15342934E-20      0.91456759E-33      0.49666291E-24      0.15492483E-34
  225.000000000000         0.15345123E-20      0.91919693E-33      0.43770586E-24      0.92586893E-35
  226.000000000000         0.15347539E-20      0.92295421E-33      0.48323306E-24      0.75145496E-35
  227.000000000000         0.15350487E-20      0.92369359E-33      0.58956245E-24      0.14787535E-35
  228.000000000000         0.15354095E-20      0.92955628E-33      0.72174653E-24      0.11725391E-34
  229.000000000000         0.15358499E-20      0.92822642E-33      0.88078844E-24     -0.26597213E-35
  230.000000000000         0.15363749E-20      0.93551183E-33      0.10499224E-23      0.14570822E-34
  231.000000000000         0.15369233E-20      0.93740870E-33      0.10967360E-23      0.37937426E-35
  232.000000000000         0.15373879E-20      0.94253451E-33      0.92933902E-24      0.10251615E-34
  233.000000000000         0.15377059E-20      0.94605062E-33      0.63600117E-24      0.70322296E-35
  234.000000000000         0.15378902E-20      0.94663168E-33      0.36846630E-24      0.11621047E-35
  235.000000000000         0.15380059E-20      0.95044975E-33      0.23143698E-24      0.76361398E-35
  236.000000000000         0.15381562E-20      0.95725688E-33      0.30060402E-24      0.13614263E-34
  237.000000000000         0.15384153E-20      0.96021720E-33      0.51824505E-24      0.59206527E-35
  238.000000000000         0.15387751E-20      0.96746111E-33      0.71951729E-24      0.14487802E-34
  239.000000000000         0.15391866E-20      0.97225080E-33      0.82312168E-24      0.95793789E-35
  240.000000000000         0.15396172E-20      0.97553365E-33      0.86118158E-24      0.65657053E-35
  241.000000000000         0.15400309E-20      0.97564303E-33      0.82738629E-24      0.21877045E-36
  242.000000000000         0.15403571E-20      0.97607935E-33      0.65244122E-24      0.87263918E-36
  243.000000000000         0.15405287E-20      0.97953265E-33      0.34313083E-24      0.69065986E-35
  244.000000000000         0.15405585E-20      0.98545229E-33      0.59611320E-25      0.11839267E-34
  245.000000000000         0.15405353E-20      0.99181677E-33     -0.46294956E-25      0.12728969E-34
  246.000000000000         0.15405582E-20      0.99662777E-33      0.45728891E-25      0.96219906E-35
  247.000000000000         0.15406945E-20      0.99879904E-33      0.27261474E-24      0.43425516E-35
  248.000000000000         0.15409705E-20      0.10037070E-32      0.55200392E-24      0.98159471E-35
  249.000000000000         0.15413861E-20      0.10136299E-32      0.83120924E-24      0.19845853E-34
  250.000000000000         0.15419170E-20      0.10204753E-32      0.10616672E-23      0.13690670E-34
  251.000000000000         0.15425067E-20      0.10240799E-32      0.11795282E-23      0.72092884E-35
  252.000000000000         0.15430768E-20      0.10301586E-32      0.11401267E-23      0.12157385E-34
  253.000000000000         0.15435393E-20      0.10307367E-32      0.92507659E-24      0.11562272E-35
  254.000000000000         0.15438151E-20      0.10352946E-32      0.55159620E-24      0.91157933E-35
  255.000000000000         0.15438952E-20      0.10477278E-32      0.16022359E-24      0.24866316E-34
  256.000000000000         0.15438617E-20      0.10500684E-32     -0.67031639E-25      0.46812409E-35
  257.000000000000         0.15438132E-20      0.10523220E-32     -0.97007919E-25      0.45071208E-35
  258.000000000000         0.15437994E-20      0.10597066E-32     -0.27567751E-25      0.14769186E-34
  259.000000000000         0.15438350E-20      0.10644577E-32      0.71203206E-25      0.95022371E-35
  260.000000000000         0.15439386E-20      0.10629434E-32      0.20704867E-24     -0.30285327E-35
  261.000000000000         0.15441376E-20      0.10666763E-32      0.39812059E-24      0.74656931E-35
  262.000000000000         0.15444295E-20      0.10732413E-32      0.58383084E-24      0.13130107E-34
  263.000000000000         0.15447661E-20      0.10711555E-32      0.67309688E-24     -0.41717010E-35
  264.000000000000         0.15450810E-20      0.10748957E-32      0.62979322E-24      0.74803868E-35
  265.000000000000         0.15453261E-20      0.10819169E-32      0.49018118E-24      0.14042584E-34
  266.000000000000         0.15455031E-20      0.10875581E-32      0.35406965E-24      0.11282376E-34
  267.000000000000         0.15456513E-20      0.10909402E-32      0.29631146E-24      0.67640699E-35
  268.000000000000         0.15457911E-20      0.10981550E-32      0.27978221E-24      0.14429762E-34
  269.000000000000         0.15458981E-20      0.11038065E-32      0.21391341E-24      0.11302947E-34
  270.000000000000         0.15459410E-20      0.11097713E-32      0.85694194E-25      0.11929633E-34
  271.000000000000         0.15459264E-20      0.11105135E-32     -0.29048715E-25      0.14842636E-35
  272.000000000000         0.15459048E-20      0.11137249E-32     -0.43315189E-25      0.64228092E-35
  273.000000000000         0.15459379E-20      0.11186677E-32      0.66158885E-25      0.98857421E-35
  274.000000000000         0.15460678E-20      0.11259943E-32      0.25992215E-24      0.14653106E-34
  275.000000000000         0.15463026E-20      0.11347557E-32      0.46949402E-24      0.17522782E-34
  276.000000000000         0.15466239E-20      0.11344900E-32      0.64267859E-24     -0.53134189E-36
  277.000000000000         0.15470103E-20      0.11363986E-32      0.77284877E-24      0.38172525E-35
  278.000000000000         0.15474518E-20      0.11440025E-32      0.88297764E-24      0.15207793E-34
  279.000000000000         0.15479256E-20      0.11473074E-32      0.94750039E-24      0.66097863E-35
  280.000000000000         0.15483703E-20      0.11517827E-32      0.88942917E-24      0.89504894E-35
  281.000000000000         0.15487026E-20      0.11695948E-32      0.66458566E-24      0.35624293E-34
  282.000000000000         0.15488709E-20      0.11729295E-32      0.33657321E-24      0.66692957E-35
  283.000000000000         0.15489024E-20      0.11702656E-32      0.63022583E-25     -0.53277262E-35
  284.000000000000         0.15488809E-20      0.11742887E-32     -0.42933128E-25      0.80460935E-35
  285.000000000000         0.15488864E-20      0.11847312E-32      0.10913160E-25      0.20885063E-34
  286.000000000000         0.15489669E-20      0.11817301E-32      0.16117739E-24     -0.60021661E-35
  287.000000000000         0.15491416E-20      0.11763106E-32      0.34934520E-24     -0.10838958E-34
  288.000000000000         0.15494026E-20      0.11783743E-32      0.52198454E-24      0.41272892E-35
  289.000000000000         0.15497270E-20      0.11834604E-32      0.64887437E-24      0.10172269E-34
  290.000000000000         0.15500908E-20      0.11862923E-32      0.72743834E-24      0.56638807E-35
  291.000000000000         0.15504687E-20      0.11879639E-32      0.75593291E-24      0.33430140E-35
  292.000000000000         0.15508180E-20      0.11842318E-32      0.69852633E-24     -0.74641872E-35
  293.000000000000         0.15510890E-20      0.11854990E-32      0.54206507E-24      0.25344943E-35
  294.000000000000         0.15512664E-20      0.11915871E-32      0.35473550E-24      0.12176119E-34
  295.000000000000         0.15513782E-20      0.11917317E-32      0.22364219E-24      0.28930011E-36
  296.000000000000         0.15514569E-20      0.11981004E-32      0.15736409E-24      0.12737418E-34
  297.000000000000         0.15515187E-20      0.11963928E-32      0.12363380E-24     -0.34153438E-35
  298.000000000000         0.15515668E-20      0.11981408E-32      0.96089694E-25      0.34961956E-35
  299.000000000000         0.15516033E-20      0.11997876E-32      0.72998004E-25      0.32934229E-35
  300.000000000000         0.15516367E-20      0.12055529E-32      0.66791479E-25      0.11530700E-34
  301.000000000000         0.15516803E-20      0.12078427E-32      0.87208230E-25      0.45794871E-35
  302.000000000000         0.15517463E-20      0.12113973E-32      0.13202724E-24      0.71093714E-35
  303.000000000000         0.15518424E-20      0.12207393E-32      0.19225073E-24      0.18683950E-34
  304.000000000000         0.15519640E-20      0.12277472E-32      0.24319460E-24      0.14015768E-34
  305.000000000000         0.15521098E-20      0.12344586E-32      0.29155383E-24      0.13422878E-34
  306.000000000000         0.15522922E-20      0.12393148E-32      0.36481560E-24      0.97123567E-35
  307.000000000000         0.15525014E-20      0.12473498E-32      0.41833719E-24      0.16069944E-34
  308.000000000000         0.15526894E-20      0.12494766E-32      0.37607200E-24      0.42536548E-35
  309.000000000000         0.15528065E-20      0.12490376E-32      0.23430272E-24     -0.87811272E-36
  310.000000000000         0.15528395E-20      0.12468441E-32      0.65869052E-25     -0.43869634E-35
  311.000000000000         0.15528161E-20      0.12502917E-32     -0.46767972E-25      0.68952110E-35
  312.000000000000         0.15527782E-20      0.12590661E-32     -0.75851152E-25      0.17548863E-34
  313.000000000000         0.15527564E-20      0.12667310E-32     -0.43458885E-25      0.15329750E-34
  314.000000000000         0.15527726E-20      0.12741922E-32      0.32386985E-25      0.14922368E-34
  315.000000000000         0.15528372E-20      0.12775577E-32      0.12907283E-24      0.67310092E-35
  316.000000000000         0.15529515E-20      0.12788723E-32      0.22865797E-24      0.26292686E-35
  317.000000000000         0.15531225E-20      0.12840249E-32      0.34193091E-24      0.10305247E-34
  318.000000000000         0.15533447E-20      0.12875451E-32      0.44445531E-24      0.70403111E-35
  319.000000000000         0.15535616E-20      0.12857087E-32      0.43388807E-24     -0.36728505E-35
  320.000000000000         0.15536998E-20      0.12872590E-32      0.27632104E-24      0.31005683E-35
  321.000000000000         0.15537393E-20      0.12951521E-32      0.79071055E-25      0.15786356E-34
  322.000000000000         0.15537298E-20      0.12954707E-32     -0.19125108E-25      0.63717297E-36
  323.000000000000         0.15537288E-20      0.13026700E-32     -0.18399568E-26      0.14398538E-34
  324.000000000000         0.15537563E-20      0.13069972E-32      0.54900550E-25      0.86544118E-35
  325.000000000000         0.15537950E-20      0.13103094E-32      0.77362907E-25      0.66244800E-35
  326.000000000000         0.15538079E-20      0.13141690E-32      0.25841149E-25      0.77191591E-35
  327.000000000000         0.15537671E-20      0.13187107E-32     -0.81636164E-25      0.90834672E-35
  328.000000000000         0.15536778E-20      0.13243661E-32     -0.17848052E-24      0.11310662E-34
  329.000000000000         0.15535601E-20      0.13239920E-32     -0.23551828E-24     -0.74807366E-36
  330.000000000000         0.15534338E-20      0.13311063E-32     -0.25247700E-24      0.14228459E-34
  331.000000000000         0.15533362E-20      0.13330086E-32     -0.19536643E-24      0.38047629E-35
  332.000000000000         0.15533241E-20      0.13396108E-32     -0.24018053E-25      0.13204310E-34
  333.000000000000         0.15534536E-20      0.13347291E-32      0.25893999E-24     -0.97633806E-35
  334.000000000000         0.15537446E-20      0.13355004E-32      0.58201343E-24      0.15426710E-35
  335.000000000000         0.15541587E-20      0.13393159E-32      0.82813423E-24      0.76309970E-35
  336.000000000000         0.15546146E-20      0.13397243E-32      0.91180745E-24      0.81680320E-36
  337.000000000000         0.15550238E-20      0.13442782E-32      0.81845346E-24      0.91077118E-35
  338.000000000000         0.15553112E-20      0.13481275E-32      0.57481693E-24      0.76985879E-35
  339.000000000000         0.15554308E-20      0.13557602E-32      0.23921136E-24      0.15265465E-34
  340.000000000000         0.15553813E-20      0.13579490E-32     -0.99145673E-25      0.43774491E-35
  341.000000000000         0.15552105E-20      0.13625948E-32     -0.34156098E-24      0.92917501E-35
  342.000000000000         0.15550069E-20      0.13696804E-32     -0.40706957E-24      0.14171154E-34
  343.000000000000         0.15548820E-20      0.13722179E-32     -0.24995738E-24      0.50750315E-35
  344.000000000000         0.15549237E-20      0.13748664E-32      0.83452270E-25      0.52969060E-35
  345.000000000000         0.15551470E-20      0.13786995E-32      0.44660595E-24      0.76662618E-35
  346.000000000000         0.15554918E-20      0.13862325E-32      0.68956040E-24      0.15065999E-34
  347.000000000000         0.15558707E-20      0.13903742E-32      0.75791907E-24      0.82833964E-35
  348.000000000000         0.15562056E-20      0.13942209E-32      0.66972466E-24      0.76934452E-35
  349.000000000000         0.15564394E-20      0.13989427E-32      0.46761618E-24      0.94434624E-35
  350.000000000000         0.15565453E-20      0.14047723E-32      0.21179338E-24      0.11659269E-34
  351.000000000000         0.15565270E-20      0.14068666E-32     -0.36703618E-25      0.41886353E-35
  352.000000000000         0.15564157E-20      0.14099364E-32     -0.22242333E-24      0.61395886E-35
  353.000000000000         0.15562656E-20      0.14102633E-32     -0.30032929E-24      0.65370336E-36
  354.000000000000         0.15561384E-20      0.14157070E-32     -0.25445105E-24      0.10887484E-34
  355.000000000000         0.15560789E-20      0.14130977E-32     -0.11883739E-24     -0.52186256E-35
  356.000000000000         0.15560960E-20      0.14155184E-32      0.34127767E-25      0.48414020E-35
  357.000000000000         0.15561653E-20      0.14174175E-32      0.13855445E-24      0.37981507E-35
  358.000000000000         0.15562583E-20      0.14208645E-32      0.18603187E-24      0.68941090E-35
  359.000000000000         0.15563612E-20      0.14236680E-32      0.20579214E-24      0.56069427E-35
  360.000000000000         0.15564700E-20      0.14286718E-32      0.21769808E-24      0.10007700E-34
  361.000000000000         0.15565772E-20      0.14343090E-32      0.21437502E-24      0.11274295E-34
  362.000000000000         0.15566660E-20      0.14422457E-32      0.17749728E-24      0.15873416E-34
  363.000000000000         0.15567124E-20      0.14466827E-32      0.92855768E-25      0.88740823E-35
  364.000000000000         0.15567032E-20      0.14571330E-32     -0.18355908E-25      0.20900492E-34
  365.000000000000         0.15566515E-20      0.14621622E-32     -0.10353028E-24      0.10058393E-34
  366.000000000000         0.15565838E-20      0.14689267E-32     -0.13528712E-24      0.13529040E-34
  367.000000000000         0.15565158E-20      0.14730399E-32     -0.13606849E-24      0.82264584E-35
  368.000000000000         0.15564497E-20      0.14760487E-32     -0.13211040E-24      0.60176310E-35
  369.000000000000         0.15563953E-20      0.14849591E-32     -0.10890865E-24      0.17820696E-34
  370.000000000000         0.15563769E-20      0.14885373E-32     -0.36744854E-25      0.71563912E-35
  371.000000000000         0.15564224E-20      0.14932421E-32      0.91021370E-25      0.94096669E-35
  372.000000000000         0.15565468E-20      0.15005499E-32      0.24873027E-24      0.14615638E-34
  373.000000000000         0.15567419E-20      0.15048228E-32      0.39034053E-24      0.85456786E-35
  374.000000000000         0.15569746E-20      0.15064783E-32      0.46531574E-24      0.33110553E-35
  375.000000000000         0.15572024E-20      0.15056666E-32      0.45554403E-24     -0.16234496E-35
  376.000000000000         0.15573906E-20      0.15089570E-32      0.37640056E-24      0.65807663E-35
  377.000000000000         0.15575220E-20      0.15149416E-32      0.26295505E-24      0.11969306E-34
  378.000000000000         0.15575976E-20      0.15174013E-32      0.15100639E-24      0.49192785E-35
  379.000000000000         0.15576284E-20      0.15184955E-32      0.61773267E-25      0.21884582E-35
  380.000000000000         0.15576276E-20      0.15178570E-32     -0.17123444E-26     -0.12770461E-35
  381.000000000000         0.15576170E-20      0.15221092E-32     -0.21154986E-25      0.85045363E-35
  382.000000000000         0.15576273E-20      0.15203191E-32      0.20566657E-25     -0.35802804E-35
  383.000000000000         0.15576817E-20      0.15248002E-32      0.10886029E-24      0.89622444E-35
  384.000000000000         0.15577835E-20      0.15262432E-32      0.20365667E-24      0.28860406E-35
  385.000000000000         0.15579189E-20      0.15270647E-32      0.27078824E-24      0.16429553E-35
  386.000000000000         0.15580683E-20      0.15314231E-32      0.29862195E-24      0.87168599E-35
  387.000000000000         0.15582198E-20      0.15345778E-32      0.30312828E-24      0.63093006E-35
  388.000000000000         0.15583719E-20      0.15362107E-32      0.30414304E-24      0.32658722E-35
  389.000000000000         0.15585257E-20      0.15469750E-32      0.30762880E-24      0.21528646E-34
  390.000000000000         0.15586820E-20      0.15470664E-32      0.31251738E-24      0.18277093E-36
  391.000000000000         0.15588414E-20      0.15525157E-32      0.31894743E-24      0.10898504E-34
  392.000000000000         0.15590055E-20      0.15543392E-32      0.32817427E-24      0.36469895E-35
  393.000000000000         0.15591731E-20      0.15602201E-32      0.33523441E-24      0.11761758E-34
  394.000000000000         0.15593334E-20      0.15675320E-32      0.32061438E-24      0.14623903E-34
  395.000000000000         0.15594613E-20      0.15695756E-32      0.25568813E-24      0.40872489E-35
  396.000000000000         0.15595295E-20      0.15761469E-32      0.13632666E-24      0.13142596E-34
  397.000000000000         0.15595370E-20      0.15817635E-32      0.15188472E-25      0.11233153E-34
  398.000000000000         0.15595215E-20      0.15876844E-32     -0.31085193E-25      0.11841838E-34
  399.000000000000         0.15595352E-20      0.15911056E-32      0.27325357E-25      0.68423138E-35
  400.000000000000         0.15596191E-20      0.15946167E-32      0.16792109E-24      0.70223113E-35
  401.000000000000         0.15597873E-20      0.15997556E-32      0.33633266E-24      0.10277696E-34
  402.000000000000         0.15600271E-20      0.16046281E-32      0.47969718E-24      0.97450501E-35
  403.000000000000         0.15603112E-20      0.16071328E-32      0.56803729E-24      0.50092773E-35
  404.000000000000         0.15606070E-20      0.16127352E-32      0.59161081E-24      0.11204867E-34
  405.000000000000         0.15608784E-20      0.16136452E-32      0.54288090E-24      0.18200142E-35
  406.000000000000         0.15610883E-20      0.16122362E-32      0.41982974E-24     -0.28180457E-35
  407.000000000000         0.15612073E-20      0.16135819E-32      0.23798518E-24      0.26915330E-35
  408.000000000000         0.15612355E-20      0.16182854E-32      0.56428345E-25      0.94069118E-35
  409.000000000000         0.15612116E-20      0.16179206E-32     -0.47904695E-25     -0.72952289E-36
  410.000000000000         0.15611863E-20      0.16217801E-32     -0.50469945E-25      0.77189754E-35
  411.000000000000         0.15611933E-20      0.16243525E-32      0.13892252E-25      0.51448265E-35
  412.000000000000         0.15612470E-20      0.16243528E-32      0.10740338E-24      0.56930833E-39
  413.000000000000         0.15613497E-20      0.16293868E-32      0.20537944E-24      0.10067944E-34
  414.000000000000         0.15614929E-20      0.16313931E-32      0.28653136E-24      0.40126785E-35
  415.000000000000         0.15616635E-20      0.16368866E-32      0.34102515E-24      0.10987033E-34
  416.000000000000         0.15618479E-20      0.16375175E-32      0.36893287E-24      0.12616543E-35
  417.000000000000         0.15620233E-20      0.16392590E-32      0.35067784E-24      0.34829713E-35
  418.000000000000         0.15621573E-20      0.16407259E-32      0.26814786E-24      0.29337951E-35
  419.000000000000         0.15622351E-20      0.16403680E-32      0.15552636E-24     -0.71574756E-36
  420.000000000000         0.15622718E-20      0.16434517E-32      0.73461030E-25      0.61675065E-35
  421.000000000000         0.15622913E-20      0.16452652E-32      0.38931343E-25      0.36269694E-35
  422.000000000000         0.15623009E-20      0.16467718E-32      0.19299765E-25      0.30131409E-35
  423.000000000000         0.15622924E-20      0.16520774E-32     -0.17049550E-25      0.10611243E-34
  424.000000000000         0.15622606E-20      0.16560694E-32     -0.63641305E-25      0.79840127E-35
  425.000000000000         0.15622140E-20      0.16592461E-32     -0.93173114E-25      0.63533816E-35
  426.000000000000         0.15621669E-20      0.16636176E-32     -0.94177568E-25      0.87429412E-35
  427.000000000000         0.15621387E-20      0.16672551E-32     -0.56417643E-25      0.72750426E-35
  428.000000000000         0.15621541E-20      0.16706158E-32      0.30755407E-25      0.67214583E-35
  429.000000000000         0.15622232E-20      0.16731225E-32      0.13828837E-24      0.50133180E-35
  430.000000000000         0.15623348E-20      0.16762180E-32      0.22317818E-24      0.61910164E-35
  431.000000000000         0.15624727E-20      0.16807899E-32      0.27570028E-24      0.91437113E-35
  432.000000000000         0.15626146E-20      0.16847350E-32      0.28378590E-24      0.78903405E-35
  433.000000000000         0.15627253E-20      0.16882192E-32      0.22144885E-24      0.69683121E-35
  434.000000000000         0.15627736E-20      0.16874084E-32      0.96684274E-25     -0.16216129E-35
  435.000000000000         0.15627534E-20      0.16912106E-32     -0.40483125E-25      0.76045484E-35
  436.000000000000         0.15626824E-20      0.16909257E-32     -0.14206443E-24     -0.56991279E-36
  437.000000000000         0.15625869E-20      0.16990786E-32     -0.19090609E-24      0.16305778E-34
  438.000000000000         0.15624974E-20      0.17042114E-32     -0.17894162E-24      0.10265574E-34
  439.000000000000         0.15624516E-20      0.17062570E-32     -0.91703387E-25      0.40912896E-35
  440.000000000000         0.15624813E-20      0.17130579E-32      0.59505199E-25      0.13601774E-34
  441.000000000000         0.15625983E-20      0.17172462E-32      0.23382515E-24      0.83767012E-35
  442.000000000000         0.15627926E-20      0.17261766E-32      0.38877206E-24      0.17860737E-34
  443.000000000000         0.15630345E-20      0.17268436E-32      0.48369978E-24      0.13340207E-35
  444.000000000000         0.15632753E-20      0.17294171E-32      0.48170377E-24      0.51470305E-35
  445.000000000000         0.15634631E-20      0.17360990E-32      0.37559554E-24      0.13363736E-34
  446.000000000000         0.15635691E-20      0.17343754E-32      0.21202009E-24     -0.34473026E-35
  447.000000000000         0.15635962E-20      0.17323758E-32      0.54169106E-25     -0.39990502E-35
  448.000000000000         0.15635600E-20      0.17351532E-32     -0.72436399E-25      0.55547801E-35
  449.000000000000         0.15634772E-20      0.17442342E-32     -0.16566952E-24      0.18161957E-34
  450.000000000000         0.15633721E-20      0.17441812E-32     -0.21014554E-24     -0.10595987E-36
  451.000000000000         0.15632763E-20      0.17479021E-32     -0.19155855E-24      0.74418159E-35
  452.000000000000         0.15632203E-20      0.17597903E-32     -0.11215179E-24      0.23776412E-34
  453.000000000000         0.15632256E-20      0.17684808E-32      0.10767113E-25      0.17380988E-34
  454.000000000000         0.15632950E-20      0.17695372E-32      0.13876371E-24      0.21127857E-35
  455.000000000000         0.15634098E-20      0.17764406E-32      0.22963046E-24      0.13806750E-34
  456.000000000000         0.15635451E-20      0.17805827E-32      0.27045399E-24      0.82841311E-35
  457.000000000000         0.15636853E-20      0.17834578E-32      0.28053304E-24      0.57502061E-35
  458.000000000000         0.15638274E-20      0.17929105E-32      0.28419854E-24      0.18905457E-34
  459.000000000000         0.15639683E-20      0.17972489E-32      0.28180761E-24      0.86768196E-35
  460.000000000000         0.15640919E-20      0.18032033E-32      0.24723020E-24      0.11908694E-34
  461.000000000000         0.15641735E-20      0.18060806E-32      0.16307416E-24      0.57546142E-35
  462.000000000000         0.15641973E-20      0.18089301E-32      0.47732775E-25      0.56991455E-35
  463.000000000000         0.15641706E-20      0.18105449E-32     -0.53557481E-25      0.32295054E-35
  464.000000000000         0.15641212E-20      0.18125514E-32     -0.98737893E-25      0.40130458E-35
  465.000000000000         0.15640856E-20      0.18201992E-32     -0.71239726E-25      0.15295588E-34
  466.000000000000         0.15640873E-20      0.18243488E-32      0.34934525E-26      0.82991921E-35
  467.000000000000         0.15641266E-20      0.18224611E-32      0.78641283E-25     -0.37753390E-35
  468.000000000000         0.15641926E-20      0.18304230E-32      0.13184220E-24      0.15923742E-34
  469.000000000000         0.15642794E-20      0.18355806E-32      0.17375272E-24      0.10315165E-34
  470.000000000000         0.15643809E-20      0.18432328E-32      0.20291988E-24      0.15304404E-34
  471.000000000000         0.15644832E-20      0.18542851E-32      0.20449059E-24      0.22104639E-34
  472.000000000000         0.15645721E-20      0.18553266E-32      0.17788770E-24      0.20830310E-35
  473.000000000000         0.15646428E-20      0.18615095E-32      0.14136934E-24      0.12365668E-34
  474.000000000000         0.15646986E-20      0.18655496E-32      0.11164523E-24      0.80802563E-35
  475.000000000000         0.15647471E-20      0.18695798E-32      0.96980846E-25      0.80604198E-35
  476.000000000000         0.15647967E-20      0.18729602E-32      0.99199591E-25      0.67607639E-35
  477.000000000000         0.15648532E-20      0.18789645E-32      0.11301210E-24      0.12008611E-34
  478.000000000000         0.15649172E-20      0.18843313E-32      0.12802090E-24      0.10733567E-34
  479.000000000000         0.15649837E-20      0.18915656E-32      0.13299726E-24      0.14468701E-34
  480.000000000000         0.15650439E-20      0.18936272E-32      0.12038129E-24      0.41232484E-35
  481.000000000000         0.15650927E-20      0.19004467E-32      0.97526079E-25      0.13638875E-34
  482.000000000000         0.15651342E-20      0.19018763E-32      0.83036040E-25      0.28592246E-35
  483.000000000000         0.15651817E-20      0.19068364E-32      0.94972410E-25      0.99202723E-35
  484.000000000000         0.15652584E-20      0.19092659E-32      0.15338982E-24      0.48590344E-35
  485.000000000000         0.15653900E-20      0.19151420E-32      0.26321189E-24      0.11752207E-34
  486.000000000000         0.15655857E-20      0.19203051E-32      0.39139533E-24      0.10326185E-34
  487.000000000000         0.15658259E-20      0.19198966E-32      0.48045891E-24     -0.81713395E-36
  488.000000000000         0.15660728E-20      0.19237898E-32      0.49376337E-24      0.77863827E-35
  489.000000000000         0.15662902E-20      0.19297745E-32      0.43477436E-24      0.11969490E-34
  490.000000000000         0.15664560E-20      0.19320211E-32      0.33169459E-24      0.44931618E-35
  491.000000000000         0.15665632E-20      0.19389310E-32      0.21431535E-24      0.13819883E-34
  492.000000000000         0.15666162E-20      0.19464638E-32      0.10596790E-24      0.15065540E-34
  493.000000000000         0.15666298E-20      0.19497964E-32      0.27206347E-25      0.66651631E-35
  494.000000000000         0.15666319E-20      0.19556550E-32      0.42070761E-26      0.11717309E-34
  495.000000000000         0.15666637E-20      0.19613119E-32      0.63692709E-25      0.11313784E-34
  496.000000000000         0.15667723E-20      0.19674760E-32      0.21715626E-24      0.12328199E-34
  497.000000000000         0.15669920E-20      0.19709626E-32      0.43942111E-24      0.69730875E-35
  498.000000000000         0.15673212E-20      0.19756786E-32      0.65837839E-24      0.94320748E-35
  499.000000000000         0.15677136E-20      0.19786171E-32      0.78486587E-24      0.58769390E-35
  500.000000000000         0.15681022E-20      0.19851285E-32      0.77722911E-24      0.13022843E-34
