 #            500
    0.000000000000         0.00000000E+00      0.00000000E+00      0.00000000E+00      0.00000000E+00
    1.000000000000         0.53856207E-18     -0.12191483E-20      0.10771241E-17     -0.24382966E-20
    2.000000000000         0.11538051E-15     -0.10989559E-20      0.22968389E-15      0.24038483E-21
    3.000000000000         0.28876853E-14     -0.68536235E-21      0.55446096E-14      0.82718707E-21
    4.000000000000         0.10392325E-12     -0.13262767E-20      0.20207112E-12     -0.12818286E-20
    5.000000000000         0.21099797E-11     -0.19902575E-20      0.40121129E-11     -0.13279617E-20
    6.000000000000         0.17893029E-10     -0.11418542E-20      0.31566099E-10      0.16968067E-20
    7.000000000000         0.93040450E-10     -0.10350929E-20      0.15029484E-09      0.21352246E-21
    8.000000000000         0.34986493E-09      0.86529312E-21      0.51364896E-09      0.38007721E-20
    9.000000000000         0.10521158E-08      0.66987493E-21      0.14045018E-08     -0.39083638E-21
   10.000000000000         0.26598728E-08     -0.15331106E-20      0.32155139E-08     -0.44059711E-20
   11.000000000000         0.57901664E-08     -0.32770109E-20      0.62605872E-08     -0.34878006E-20
   12.000000000000         0.11030384E-07     -0.21607274E-20      0.10480435E-07      0.22325669E-20
   13.000000000000         0.18382411E-07     -0.96751617E-21      0.14704055E-07      0.23864225E-20
   14.000000000000         0.27471986E-07     -0.15634966E-20      0.18179149E-07     -0.11919608E-20
   15.000000000000         0.37571868E-07     -0.10576724E-20      0.20199763E-07      0.10116484E-20
   16.000000000000         0.47404511E-07     -0.19133875E-20      0.19665286E-07     -0.17114302E-20
   17.000000000000         0.55667785E-07     -0.20287760E-20      0.16526548E-07     -0.23077693E-21
   18.000000000000         0.61610362E-07     -0.37062950E-20      0.11885155E-07     -0.33550381E-20
   19.000000000000         0.65271754E-07     -0.39333529E-20      0.73227829E-08     -0.45411569E-21
   20.000000000000         0.67354834E-07     -0.48713724E-20      0.41661606E-08     -0.18760392E-20
   21.000000000000         0.68889630E-07     -0.63629827E-20      0.30695928E-08     -0.29832204E-20
   22.000000000000         0.70810789E-07     -0.73266448E-20      0.38423164E-08     -0.19273244E-20
   23.000000000000         0.73556317E-07     -0.10282572E-19      0.54910574E-08     -0.59118534E-20
   24.000000000000         0.76855314E-07     -0.11693738E-19      0.65979941E-08     -0.28223338E-20
   25.000000000000         0.79920591E-07     -0.13104699E-19      0.61305527E-08     -0.28219202E-20
   26.000000000000         0.82025088E-07     -0.13854535E-19      0.42089948E-08     -0.14996720E-20
   27.000000000000         0.83031797E-07     -0.14617812E-19      0.20134182E-08     -0.15265554E-20
   28.000000000000         0.83482652E-07     -0.14705283E-19      0.90170891E-09     -0.17494224E-21
   29.000000000000         0.84241367E-07     -0.16088326E-19      0.15174302E-08     -0.27660855E-20
   30.000000000000         0.85982352E-07     -0.18235270E-19      0.34819699E-08     -0.42938881E-20
   31.000000000000         0.88857199E-07     -0.18983865E-19      0.57496949E-08     -0.14971904E-20
   32.000000000000         0.92465270E-07     -0.21149421E-19      0.72161406E-08     -0.43311112E-20
   33.000000000000         0.96078391E-07     -0.20629948E-19      0.72262436E-08      0.10389453E-20
   34.000000000000         0.99003042E-07     -0.19193960E-19      0.58493020E-08      0.28719775E-20
   35.000000000000         0.10089940E-06     -0.18944510E-19      0.37927122E-08      0.49889977E-21
   36.000000000000         0.10189391E-06     -0.18410820E-19      0.19890200E-08      0.10673796E-20
   37.000000000000         0.10240872E-06     -0.20013479E-19      0.10296206E-08     -0.32053184E-20
   38.000000000000         0.10283423E-06     -0.20868884E-19      0.85101271E-09     -0.17108098E-20
   39.000000000000         0.10331021E-06     -0.22118492E-19      0.95196175E-09     -0.24992164E-20
   40.000000000000         0.10376262E-06     -0.24114631E-19      0.90482098E-09     -0.39922774E-20
   41.000000000000         0.10409455E-06     -0.24678558E-19      0.66387135E-09     -0.11278543E-20
   42.000000000000         0.10431689E-06     -0.24429315E-19      0.44468132E-09      0.49848618E-21
   43.000000000000         0.10452461E-06     -0.24556956E-19      0.41543264E-09     -0.25528215E-21
   44.000000000000         0.10479959E-06     -0.23560252E-19      0.54996880E-09      0.19934083E-20
   45.000000000000         0.10515581E-06     -0.24186321E-19      0.71243500E-09     -0.12521382E-20
   46.000000000000         0.10556114E-06     -0.25247745E-19      0.81065679E-09     -0.21228492E-20
   47.000000000000         0.10597787E-06     -0.24622549E-19      0.83346680E-09      0.12503934E-20
   48.000000000000         0.10636836E-06     -0.26499974E-19      0.78097686E-09     -0.37548507E-20
   49.000000000000         0.10669296E-06     -0.28092258E-19      0.64920430E-09     -0.31845678E-20
   50.000000000000         0.10693067E-06     -0.29100091E-19      0.47541463E-09     -0.20156663E-20
   51.000000000000         0.10709659E-06     -0.30532131E-19      0.33183258E-09     -0.28640806E-20
   52.000000000000         0.10723103E-06     -0.30397039E-19      0.26888120E-09      0.27018433E-21
   53.000000000000         0.10737197E-06     -0.29632359E-19      0.28188287E-09      0.15293600E-20
   54.000000000000         0.10753501E-06     -0.30264942E-19      0.32607459E-09     -0.12651663E-20
   55.000000000000         0.10771432E-06     -0.30675376E-19      0.35863118E-09     -0.82086690E-21
   56.000000000000         0.10789479E-06     -0.30808872E-19      0.36093348E-09     -0.26699193E-21
   57.000000000000         0.10805882E-06     -0.31719006E-19      0.32806668E-09     -0.18202691E-20
   58.000000000000         0.10819214E-06     -0.32585055E-19      0.26663657E-09     -0.17320968E-20
   59.000000000000         0.10829156E-06     -0.33620384E-19      0.19883899E-09     -0.20706593E-20
   60.000000000000         0.10836564E-06     -0.33587414E-19      0.14816863E-09      0.65941804E-22
   61.000000000000         0.10842576E-06     -0.35523124E-19      0.12022327E-09     -0.38714218E-20
   62.000000000000         0.10847703E-06     -0.37069434E-19      0.10254593E-09     -0.30926183E-20
   63.000000000000         0.10851970E-06     -0.38076324E-19      0.85346797E-10     -0.20137809E-20
   64.000000000000         0.10855485E-06     -0.37477801E-19      0.70294941E-10      0.11970467E-20
   65.000000000000         0.10858472E-06     -0.39165504E-19      0.59738745E-10     -0.33754074E-20
   66.000000000000         0.10861046E-06     -0.37999364E-19      0.51475948E-10      0.23322810E-20
   67.000000000000         0.10863520E-06     -0.37682835E-19      0.49488095E-10      0.63305812E-21
   68.000000000000         0.10866900E-06     -0.38579560E-19      0.67602653E-10     -0.17934504E-20
   69.000000000000         0.10872510E-06     -0.37983392E-19      0.11218825E-09      0.11923356E-20
   70.000000000000         0.10880637E-06     -0.38252184E-19      0.16255410E-09     -0.53758339E-21
   71.000000000000         0.10889683E-06     -0.38832823E-19      0.18091596E-09     -0.11612776E-20
   72.000000000000         0.10897368E-06     -0.38652353E-19      0.15369723E-09      0.36093832E-21
   73.000000000000         0.10902710E-06     -0.41037226E-19      0.10684378E-09     -0.47697452E-20
   74.000000000000         0.10906358E-06     -0.41148892E-19      0.72955001E-10     -0.22333230E-21
   75.000000000000         0.10909364E-06     -0.41951383E-19      0.60130543E-10     -0.16049824E-20
   76.000000000000         0.10912218E-06     -0.42377314E-19      0.57071126E-10     -0.85186032E-21
   77.000000000000         0.10915182E-06     -0.43531647E-19      0.59277973E-10     -0.23086676E-20
   78.000000000000         0.10919058E-06     -0.45354750E-19      0.77530046E-10     -0.36462057E-20
   79.000000000000         0.10925039E-06     -0.47523343E-19      0.11961823E-09     -0.43371858E-20
   80.000000000000         0.10933862E-06     -0.48809606E-19      0.17645642E-09     -0.25725252E-20
   81.000000000000         0.10945316E-06     -0.48163652E-19      0.22907480E-09      0.12919075E-20
   82.000000000000         0.10958662E-06     -0.48557690E-19      0.26693044E-09     -0.78807694E-21
   83.000000000000         0.10973171E-06     -0.48728390E-19      0.29017745E-09     -0.34139941E-21
   84.000000000000         0.10987840E-06     -0.49102802E-19      0.29336853E-09     -0.74882464E-21
   85.000000000000         0.11001241E-06     -0.48351677E-19      0.26802334E-09      0.15022505E-20
   86.000000000000         0.11012169E-06     -0.49233332E-19      0.21856628E-09     -0.17633100E-20
   87.000000000000         0.11020268E-06     -0.50113947E-19      0.16197844E-09     -0.17612291E-20
   88.000000000000         0.11025941E-06     -0.50301962E-19      0.11344891E-09     -0.37603114E-21
   89.000000000000         0.11029863E-06     -0.50381543E-19      0.78453056E-10     -0.15916118E-21
   90.000000000000         0.11032766E-06     -0.51885154E-19      0.58057348E-10     -0.30072216E-20
   91.000000000000         0.11035492E-06     -0.53130064E-19      0.54511543E-10     -0.24898201E-20
   92.000000000000         0.11038894E-06     -0.55818062E-19      0.68052760E-10     -0.53759954E-20
   93.000000000000         0.11043422E-06     -0.55308463E-19      0.90555775E-10      0.10191964E-20
   94.000000000000         0.11048778E-06     -0.55456477E-19      0.10711989E-09     -0.29602726E-21
   95.000000000000         0.11054291E-06     -0.56862931E-19      0.11025812E-09     -0.28129085E-20
   96.000000000000         0.11059668E-06     -0.59812677E-19      0.10753233E-09     -0.58994909E-20
   97.000000000000         0.11065329E-06     -0.60532770E-19      0.11322532E-09     -0.14401861E-20
   98.000000000000         0.11072378E-06     -0.60115034E-19      0.14097479E-09      0.83547181E-21
   99.000000000000         0.11082577E-06     -0.62069064E-19      0.20399585E-09     -0.39080600E-20
  100.000000000000         0.11098006E-06     -0.62325383E-19      0.30857490E-09     -0.51263872E-21
  101.000000000000         0.11120074E-06     -0.61321984E-19      0.44135573E-09      0.20067983E-20
  102.000000000000         0.11148305E-06     -0.62085675E-19      0.56462358E-09     -0.15273825E-20
  103.000000000000         0.11179924E-06     -0.62508232E-19      0.63238431E-09     -0.84511363E-21
  104.000000000000         0.11210924E-06     -0.62364739E-19      0.61998532E-09      0.28698644E-21
  105.000000000000         0.11237821E-06     -0.63126543E-19      0.53794413E-09     -0.15236085E-20
  106.000000000000         0.11258733E-06     -0.62761430E-19      0.41825005E-09      0.73022600E-21
  107.000000000000         0.11273439E-06     -0.63564445E-19      0.29411416E-09     -0.16060293E-20
  108.000000000000         0.11282962E-06     -0.63061852E-19      0.19046292E-09      0.10051860E-20
  109.000000000000         0.11288874E-06     -0.63848969E-19      0.11822842E-09     -0.15742346E-20
  110.000000000000         0.11292524E-06     -0.61887598E-19      0.73004888E-10      0.39227425E-20
  111.000000000000         0.11294769E-06     -0.62046946E-19      0.44911412E-10     -0.31869718E-21
  112.000000000000         0.11296345E-06     -0.62613071E-19      0.31506910E-10     -0.11322487E-20
  113.000000000000         0.11298297E-06     -0.63200178E-19      0.39040781E-10     -0.11742152E-20
  114.000000000000         0.11301750E-06     -0.64010331E-19      0.69059797E-10     -0.16203046E-20
  115.000000000000         0.11307248E-06     -0.63469875E-19      0.10997442E-09      0.10809118E-20
  116.000000000000         0.11314505E-06     -0.65011423E-19      0.14512193E-09     -0.30830960E-20
  117.000000000000         0.11322834E-06     -0.65535215E-19      0.16659309E-09     -0.10475855E-20
  118.000000000000         0.11331814E-06     -0.65565379E-19      0.17960142E-09     -0.60326024E-22
  119.000000000000         0.11341718E-06     -0.66341284E-19      0.19808274E-09     -0.15518102E-20
  120.000000000000         0.11353537E-06     -0.64917599E-19      0.23637100E-09      0.28473689E-20
  121.000000000000         0.11368567E-06     -0.64403128E-19      0.30059803E-09      0.10289416E-20
  122.000000000000         0.11387512E-06     -0.63916459E-19      0.37890289E-09      0.97333955E-21
  123.000000000000         0.11409449E-06     -0.65668657E-19      0.43873981E-09     -0.35043959E-20
  124.000000000000         0.11431627E-06     -0.66600627E-19      0.44356587E-09     -0.18639417E-20
  125.000000000000         0.11450567E-06     -0.68278069E-19      0.37879633E-09     -0.33548830E-20
  126.000000000000         0.11463848E-06     -0.67124530E-19      0.26561830E-09      0.23070778E-20
  127.000000000000         0.11471270E-06     -0.68877710E-19      0.14844187E-09     -0.35063605E-20
  128.000000000000         0.11474551E-06     -0.70503941E-19      0.65618752E-10     -0.32524613E-20
  129.000000000000         0.11475944E-06     -0.70781999E-19      0.27862757E-10     -0.55611579E-21
  130.000000000000         0.11476800E-06     -0.71357935E-19      0.17110834E-10     -0.11518716E-20
  131.000000000000         0.11477296E-06     -0.72551162E-19      0.99282344E-11     -0.23864548E-20
  132.000000000000         0.11477253E-06     -0.72142426E-19     -0.87072848E-12      0.81747093E-21
  133.000000000000         0.11477094E-06     -0.73252496E-19     -0.31796682E-11     -0.22201398E-20
  134.000000000000         0.11478180E-06     -0.73256442E-19      0.21717187E-10     -0.78905276E-23
  135.000000000000         0.11482086E-06     -0.75028453E-19      0.78122595E-10     -0.35440230E-20
  136.000000000000         0.11489399E-06     -0.76247120E-19      0.14627176E-09     -0.24373329E-20
  137.000000000000         0.11499003E-06     -0.77313456E-19      0.19206863E-09     -0.21326720E-20
  138.000000000000         0.11508669E-06     -0.78628999E-19      0.19333172E-09     -0.26310870E-20
  139.000000000000         0.11516646E-06     -0.78270437E-19      0.15953896E-09      0.71712520E-21
  140.000000000000         0.11522713E-06     -0.77922529E-19      0.12132857E-09      0.69581520E-21
  141.000000000000         0.11528011E-06     -0.79619978E-19      0.10595762E-09     -0.33948979E-20
  142.000000000000         0.11533997E-06     -0.77792707E-19      0.11973154E-09      0.36545421E-20
  143.000000000000         0.11541380E-06     -0.79970631E-19      0.14765918E-09     -0.43558491E-20
  144.000000000000         0.11549806E-06     -0.80930339E-19      0.16851324E-09     -0.19194145E-20
  145.000000000000         0.11558142E-06     -0.79918319E-19      0.16672107E-09      0.20240399E-20
  146.000000000000         0.11564889E-06     -0.79823642E-19      0.13494097E-09      0.18935327E-21
  147.000000000000         0.11568904E-06     -0.81361322E-19      0.80302181E-10     -0.30753606E-20
  148.000000000000         0.11570265E-06     -0.83846661E-19      0.27220227E-10     -0.49706769E-20
  149.000000000000         0.11570271E-06     -0.83370214E-19      0.11851565E-12      0.95289268E-21
  150.000000000000         0.11570541E-06     -0.84318445E-19      0.54106694E-11     -0.18964602E-20
  151.000000000000         0.11571987E-06     -0.84651162E-19      0.28907671E-10     -0.66543449E-21
  152.000000000000         0.11574183E-06     -0.84733890E-19      0.43933383E-10     -0.16545551E-21
  153.000000000000         0.11575962E-06     -0.84427694E-19      0.35572189E-10      0.61239153E-21
  154.000000000000         0.11576641E-06     -0.83820191E-19      0.13584132E-10      0.12150055E-20
  155.000000000000         0.11576484E-06     -0.83538985E-19     -0.31438711E-11      0.56241173E-21
  156.000000000000         0.11576259E-06     -0.82262933E-19     -0.44936062E-11      0.25521042E-20
  157.000000000000         0.11576603E-06     -0.81731983E-19      0.68632690E-11      0.10618996E-20
  158.000000000000         0.11577835E-06     -0.84421325E-19      0.24642889E-10     -0.53786838E-20
  159.000000000000         0.11579976E-06     -0.86557296E-19      0.42829528E-10     -0.42719420E-20
  160.000000000000         0.11582658E-06     -0.86933628E-19      0.53630746E-10     -0.75266327E-21
  161.000000000000         0.11585246E-06     -0.87153545E-19      0.51756299E-10     -0.43983390E-21
  162.000000000000         0.11587143E-06     -0.86883561E-19      0.37957074E-10      0.53996799E-21
  163.000000000000         0.11588133E-06     -0.88191501E-19      0.19784795E-10     -0.26158811E-20
  164.000000000000         0.11588502E-06     -0.89744174E-19      0.73972193E-11     -0.31053459E-20
  165.000000000000         0.11588774E-06     -0.90612472E-19      0.54284110E-11     -0.17365946E-20
  166.000000000000         0.11589392E-06     -0.93743050E-19      0.12357352E-10     -0.62611562E-20
  167.000000000000         0.11590584E-06     -0.95002028E-19      0.23838703E-10     -0.25179572E-20
  168.000000000000         0.11592105E-06     -0.94487364E-19      0.30416902E-10      0.10293293E-20
  169.000000000000         0.11593140E-06     -0.95693997E-19      0.20710195E-10     -0.24132671E-20
  170.000000000000         0.11593068E-06     -0.94770440E-19     -0.14395249E-11      0.18471137E-20
  171.000000000000         0.11592377E-06     -0.93573087E-19     -0.13813915E-10      0.23947073E-20
  172.000000000000         0.11592421E-06     -0.94763500E-19      0.88085191E-12     -0.23808261E-20
  173.000000000000         0.11594179E-06     -0.97188687E-19      0.35143992E-10     -0.48503739E-20
  174.000000000000         0.11597360E-06     -0.97346752E-19      0.63632764E-10     -0.31613163E-21
  175.000000000000         0.11600658E-06     -0.97110602E-19      0.65952404E-10      0.47230074E-21
  176.000000000000         0.11602821E-06     -0.96689202E-19      0.43254680E-10      0.84280011E-21
  177.000000000000         0.11603523E-06     -0.96629994E-19      0.14048219E-10      0.11841607E-21
  178.000000000000         0.11603305E-06     -0.94724503E-19     -0.43698119E-11      0.38109826E-20
  179.000000000000         0.11603223E-06     -0.96053805E-19     -0.16226007E-11     -0.26586037E-20
  180.000000000000         0.11604684E-06     -0.96015699E-19      0.29217714E-10      0.76210476E-22
  181.000000000000         0.11608753E-06     -0.96197986E-19      0.81365517E-10     -0.36457339E-21
  182.000000000000         0.11615243E-06     -0.97809434E-19      0.12981796E-09     -0.32228960E-20
  183.000000000000         0.11622697E-06     -0.99692533E-19      0.14907574E-09     -0.37661986E-20
  184.000000000000         0.11629381E-06     -0.10140106E-18      0.13368020E-09     -0.34170573E-20
  185.000000000000         0.11634398E-06     -0.10154438E-18      0.10033225E-09     -0.28662778E-21
  186.000000000000         0.11637863E-06     -0.10268198E-18      0.69298185E-10     -0.22752184E-20
  187.000000000000         0.11640372E-06     -0.10331067E-18      0.50184987E-10     -0.12573792E-20
  188.000000000000         0.11642440E-06     -0.10394268E-18      0.41350480E-10     -0.12640031E-20
  189.000000000000         0.11644215E-06     -0.10439093E-18      0.35508307E-10     -0.89650223E-21
  190.000000000000         0.11645548E-06     -0.10525878E-18      0.26661278E-10     -0.17357028E-20
  191.000000000000         0.11646285E-06     -0.10601764E-18      0.14740471E-10     -0.15177149E-20
  192.000000000000         0.11646717E-06     -0.10743435E-18      0.86300596E-11     -0.28334232E-20
  193.000000000000         0.11647731E-06     -0.10591007E-18      0.20288759E-10      0.30485548E-20
  194.000000000000         0.11650148E-06     -0.10694683E-18      0.48342023E-10     -0.20735285E-20
  195.000000000000         0.11653775E-06     -0.10923731E-18      0.72528755E-10     -0.45809456E-20
  196.000000000000         0.11657442E-06     -0.10947785E-18      0.73349111E-10     -0.48107661E-21
  197.000000000000         0.11659994E-06     -0.10874018E-18      0.51032331E-10      0.14753348E-20
  198.000000000000         0.11661136E-06     -0.10842557E-18      0.22838482E-10      0.62921949E-21
  199.000000000000         0.11661653E-06     -0.10913042E-18      0.10349628E-10     -0.14097032E-20
  200.000000000000         0.11662930E-06     -0.10918709E-18      0.25540487E-10     -0.11334313E-21
  201.000000000000         0.11666201E-06     -0.10973961E-18      0.65412501E-10     -0.11050293E-20
  202.000000000000         0.11672054E-06     -0.11100242E-18      0.11706624E-09     -0.25256344E-20
  203.000000000000         0.11680180E-06     -0.11446208E-18      0.16251961E-09     -0.69193077E-20
  204.000000000000         0.11689458E-06     -0.11308490E-18      0.18556419E-09      0.27543628E-20
  205.000000000000         0.11698387E-06     -0.11440771E-18      0.17858507E-09     -0.26456273E-20
  206.000000000000         0.11705736E-06     -0.11614760E-18      0.14697892E-09     -0.34797808E-20
  207.000000000000         0.11711027E-06     -0.11709916E-18      0.10580353E-09     -0.19031116E-20
  208.000000000000         0.11714487E-06     -0.11860100E-18      0.69202858E-10     -0.30036794E-20
  209.000000000000         0.11716660E-06     -0.12045510E-18      0.43471631E-10     -0.37082054E-20
  210.000000000000         0.11718057E-06     -0.12167017E-18      0.27940514E-10     -0.24301403E-20
  211.000000000000         0.11718977E-06     -0.12213329E-18      0.18387777E-10     -0.92623549E-21
  212.000000000000         0.11719555E-06     -0.12200024E-18      0.11571896E-10      0.26609366E-21
  213.000000000000         0.11719946E-06     -0.12142451E-18      0.78091733E-11      0.11514677E-20
  214.000000000000         0.11720482E-06     -0.12225973E-18      0.10717358E-10     -0.16704589E-20
  215.000000000000         0.11721669E-06     -0.12275972E-18      0.23753460E-10     -0.99997735E-21
  216.000000000000         0.11723944E-06     -0.12155454E-18      0.45498538E-10      0.24103591E-20
  217.000000000000         0.11727336E-06     -0.12126337E-18      0.67837854E-10      0.58234161E-21
  218.000000000000         0.11731318E-06     -0.12094681E-18      0.79628753E-10      0.63312275E-21
  219.000000000000         0.11735101E-06     -0.12145879E-18      0.75667333E-10     -0.10239533E-20
  220.000000000000         0.11738166E-06     -0.12192222E-18      0.61293826E-10     -0.92686961E-21
  221.000000000000         0.11740595E-06     -0.12109042E-18      0.48581449E-10      0.16636056E-20
  222.000000000000         0.11743135E-06     -0.12292560E-18      0.50812928E-10     -0.36703619E-20
  223.000000000000         0.11746936E-06     -0.12434053E-18      0.76018560E-10     -0.28298560E-20
  224.000000000000         0.11752996E-06     -0.12534439E-18      0.12118721E-09     -0.20077160E-20
  225.000000000000         0.11761576E-06     -0.12792222E-18      0.17161163E-09     -0.51556552E-20
  226.000000000000         0.11771943E-06     -0.12809927E-18      0.20733230E-09     -0.35410439E-21
  227.000000000000         0.11782506E-06     -0.12900216E-18      0.21127237E-09     -0.18057934E-20
  228.000000000000         0.11791415E-06     -0.12899987E-18      0.17817122E-09      0.45914986E-23
  229.000000000000         0.11797505E-06     -0.12826101E-18      0.12179530E-09      0.14777121E-20
  230.000000000000         0.11800852E-06     -0.12810672E-18      0.66946465E-10      0.30857795E-21
  231.000000000000         0.11802545E-06     -0.12920495E-18      0.33859906E-10     -0.21964537E-20
  232.000000000000         0.11803995E-06     -0.13031668E-18      0.29005352E-10     -0.22234518E-20
  233.000000000000         0.11806165E-06     -0.12916484E-18      0.43384699E-10      0.23036754E-20
  234.000000000000         0.11809093E-06     -0.13146584E-18      0.58560165E-10     -0.46020129E-20
  235.000000000000         0.11812062E-06     -0.13213477E-18      0.59394591E-10     -0.13378495E-20
  236.000000000000         0.11814275E-06     -0.13256760E-18      0.44244829E-10     -0.86566632E-21
  237.000000000000         0.11815557E-06     -0.13309515E-18      0.25643733E-10     -0.10550899E-20
  238.000000000000         0.11816515E-06     -0.13388443E-18      0.19158838E-10     -0.15785643E-20
  239.000000000000         0.11818076E-06     -0.13417280E-18      0.31222116E-10     -0.57674522E-21
  240.000000000000         0.11820835E-06     -0.13529243E-18      0.55182526E-10     -0.22392587E-20
  241.000000000000         0.11824643E-06     -0.13548382E-18      0.76152372E-10     -0.38278106E-21
  242.000000000000         0.11828724E-06     -0.13599257E-18      0.81639332E-10     -0.10175000E-20
  243.000000000000         0.11832249E-06     -0.13558583E-18      0.70492363E-10      0.81348094E-21
  244.000000000000         0.11834868E-06     -0.13823025E-18      0.52372746E-10     -0.52888385E-20
  245.000000000000         0.11836890E-06     -0.13994223E-18      0.40444596E-10     -0.34239526E-20
  246.000000000000         0.11839000E-06     -0.14155032E-18      0.42208407E-10     -0.32161881E-20
  247.000000000000         0.11841685E-06     -0.14380868E-18      0.53687992E-10     -0.45167163E-20
  248.000000000000         0.11844841E-06     -0.14534702E-18      0.63121901E-10     -0.30766724E-20
  249.000000000000         0.11847890E-06     -0.14649736E-18      0.60990037E-10     -0.23006866E-20
  250.000000000000         0.11850163E-06     -0.14765480E-18      0.45458232E-10     -0.23148811E-20
  251.000000000000         0.11851333E-06     -0.14559388E-18      0.23398299E-10      0.41218394E-20
  252.000000000000         0.11851696E-06     -0.14522137E-18      0.72649482E-11      0.74502154E-21
  253.000000000000         0.11852097E-06     -0.14626404E-18      0.80107434E-11     -0.20853449E-20
  254.000000000000         0.11853386E-06     -0.14677139E-18      0.25770497E-10     -0.10146921E-20
  255.000000000000         0.11855752E-06     -0.14613305E-18      0.47338341E-10      0.12766693E-20
  256.000000000000         0.11858588E-06     -0.14442985E-18      0.56720788E-10      0.34064008E-20
  257.000000000000         0.11860984E-06     -0.14524894E-18      0.47907498E-10     -0.16381844E-20
  258.000000000000         0.11862413E-06     -0.14546152E-18      0.28583677E-10     -0.42515508E-21
  259.000000000000         0.11863072E-06     -0.14574493E-18      0.13178221E-10     -0.56681259E-21
  260.000000000000         0.11863583E-06     -0.14498074E-18      0.10214580E-10      0.15283777E-20
  261.000000000000         0.11864463E-06     -0.14459738E-18      0.17610869E-10      0.76671888E-21
  262.000000000000         0.11865841E-06     -0.14613073E-18      0.27556782E-10     -0.30666978E-20
  263.000000000000         0.11867496E-06     -0.14587913E-18      0.33099834E-10      0.50319723E-21
  264.000000000000         0.11869049E-06     -0.14745383E-18      0.31059287E-10     -0.31493957E-20
  265.000000000000         0.11870188E-06     -0.14744801E-18      0.22779162E-10      0.11645960E-22
  266.000000000000         0.11870881E-06     -0.14640281E-18      0.13866752E-10      0.20903864E-20
  267.000000000000         0.11871338E-06     -0.14776162E-18      0.91426295E-11     -0.27176211E-20
  268.000000000000         0.11871737E-06     -0.14850838E-18      0.79799040E-11     -0.14935118E-20
  269.000000000000         0.11872081E-06     -0.14991495E-18      0.68645487E-11     -0.28131363E-20
  270.000000000000         0.11872309E-06     -0.15117229E-18      0.45566229E-11     -0.25146864E-20
  271.000000000000         0.11872474E-06     -0.15424669E-18      0.33174325E-11     -0.61487922E-20
  272.000000000000         0.11872792E-06     -0.15290403E-18      0.63472528E-11      0.26853094E-20
  273.000000000000         0.11873513E-06     -0.15382582E-18      0.14431653E-10     -0.18435788E-20
  274.000000000000         0.11874784E-06     -0.15440934E-18      0.25403737E-10     -0.11670291E-20
  275.000000000000         0.11876603E-06     -0.15564685E-18      0.36396530E-10     -0.24750213E-20
  276.000000000000         0.11878763E-06     -0.15481676E-18      0.43192537E-10      0.16601709E-20
  277.000000000000         0.11880802E-06     -0.15586325E-18      0.40780167E-10     -0.20929867E-20
  278.000000000000         0.11882261E-06     -0.15662509E-18      0.29178269E-10     -0.15236732E-20
  279.000000000000         0.11882979E-06     -0.15680907E-18      0.14366142E-10     -0.36795401E-21
  280.000000000000         0.11883180E-06     -0.15832147E-18      0.40254120E-11     -0.30248056E-20
  281.000000000000         0.11883285E-06     -0.15722555E-18      0.20866261E-11      0.21918348E-20
  282.000000000000         0.11883637E-06     -0.15788087E-18      0.70418662E-11     -0.13106289E-20
  283.000000000000         0.11884374E-06     -0.15665936E-18      0.14737848E-10      0.24430133E-20
  284.000000000000         0.11885426E-06     -0.15661258E-18      0.21035149E-10      0.93555420E-22
  285.000000000000         0.11886597E-06     -0.15823874E-18      0.23434552E-10     -0.32523158E-20
  286.000000000000         0.11887708E-06     -0.15973855E-18      0.22224055E-10     -0.29996186E-20
  287.000000000000         0.11888648E-06     -0.16114516E-18      0.18783339E-10     -0.28132219E-20
  288.000000000000         0.11889391E-06     -0.16320410E-18      0.14869121E-10     -0.41178864E-20
  289.000000000000         0.11889996E-06     -0.16384886E-18      0.12102001E-10     -0.12895120E-20
  290.000000000000         0.11890531E-06     -0.16532810E-18      0.10690542E-10     -0.29584694E-20
  291.000000000000         0.11891033E-06     -0.16616626E-18      0.10048253E-10     -0.16763215E-20
  292.000000000000         0.11891536E-06     -0.16534088E-18      0.10067296E-10      0.16507520E-20
  293.000000000000         0.11892107E-06     -0.16487893E-18      0.11403020E-10      0.92388966E-21
  294.000000000000         0.11892857E-06     -0.16644975E-18      0.14997937E-10     -0.31416320E-20
  295.000000000000         0.11893905E-06     -0.16847823E-18      0.20973961E-10     -0.40569526E-20
  296.000000000000         0.11895290E-06     -0.16882792E-18      0.27695802E-10     -0.69938767E-21
  297.000000000000         0.11896909E-06     -0.17019548E-18      0.32389033E-10     -0.27351179E-20
  298.000000000000         0.11898546E-06     -0.17160772E-18      0.32730172E-10     -0.28244793E-20
  299.000000000000         0.11899955E-06     -0.17378822E-18      0.28184697E-10     -0.43609996E-20
  300.000000000000         0.11900983E-06     -0.17310498E-18      0.20563674E-10      0.13664822E-20
  301.000000000000         0.11901636E-06     -0.17326255E-18      0.13059965E-10     -0.31513481E-21
  302.000000000000         0.11902056E-06     -0.17283689E-18      0.83923444E-11      0.85130779E-21
  303.000000000000         0.11902421E-06     -0.17392605E-18      0.72924385E-11     -0.21783155E-20
  304.000000000000         0.11902884E-06     -0.17349698E-18      0.92645469E-11      0.85814819E-21
  305.000000000000         0.11903571E-06     -0.17320373E-18      0.13746316E-10      0.58648398E-21
  306.000000000000         0.11904568E-06     -0.17247227E-18      0.19928179E-10      0.14629303E-20
  307.000000000000         0.11905915E-06     -0.17205529E-18      0.26946247E-10      0.83396123E-21
  308.000000000000         0.11907626E-06     -0.17364886E-18      0.34215567E-10     -0.31871402E-20
  309.000000000000         0.11909693E-06     -0.17432782E-18      0.41342556E-10     -0.13579317E-20
  310.000000000000         0.11912068E-06     -0.17404106E-18      0.47505775E-10      0.57352293E-21
  311.000000000000         0.11914628E-06     -0.17373246E-18      0.51197318E-10      0.61719811E-21
  312.000000000000         0.11917169E-06     -0.17322092E-18      0.50821273E-10      0.10230916E-20
  313.000000000000         0.11919451E-06     -0.17421923E-18      0.45639542E-10     -0.19966314E-20
  314.000000000000         0.11921276E-06     -0.17576131E-18      0.36501521E-10     -0.30841461E-20
  315.000000000000         0.11922587E-06     -0.17497427E-18      0.26214581E-10      0.15740779E-20
  316.000000000000         0.11923525E-06     -0.17625662E-18      0.18772498E-10     -0.25647014E-20
  317.000000000000         0.11924346E-06     -0.17652994E-18      0.16408236E-10     -0.54665148E-21
  318.000000000000         0.11925228E-06     -0.17736305E-18      0.17642896E-10     -0.16662155E-20
  319.000000000000         0.11926194E-06     -0.17877423E-18      0.19313736E-10     -0.28223491E-20
  320.000000000000         0.11927163E-06     -0.17751567E-18      0.19391746E-10      0.25171146E-20
  321.000000000000         0.11928034E-06     -0.17888324E-18      0.17408632E-10     -0.27351494E-20
  322.000000000000         0.11928753E-06     -0.18038940E-18      0.14388628E-10     -0.30123147E-20
  323.000000000000         0.11929395E-06     -0.18054052E-18      0.12832572E-10     -0.30224672E-21
  324.000000000000         0.11930112E-06     -0.17995065E-18      0.14338080E-10      0.11797434E-20
  325.000000000000         0.11931021E-06     -0.18087239E-18      0.18190888E-10     -0.18434689E-20
  326.000000000000         0.11932098E-06     -0.18062650E-18      0.21533861E-10      0.49177341E-21
  327.000000000000         0.11933153E-06     -0.17966795E-18      0.21108354E-10      0.19170945E-20
  328.000000000000         0.11934007E-06     -0.18165951E-18      0.17074070E-10     -0.39831170E-20
  329.000000000000         0.11934712E-06     -0.18098365E-18      0.14107988E-10      0.13517230E-20
  330.000000000000         0.11935605E-06     -0.18099572E-18      0.17850703E-10     -0.24146565E-22
  331.000000000000         0.11937119E-06     -0.17912481E-18      0.30270794E-10      0.37418339E-20
  332.000000000000         0.11939522E-06     -0.17908942E-18      0.48078978E-10      0.70762716E-22
  333.000000000000         0.11942693E-06     -0.18143400E-18      0.63419634E-10     -0.46891512E-20
  334.000000000000         0.11946032E-06     -0.18304098E-18      0.66771505E-10     -0.32139521E-20
  335.000000000000         0.11948780E-06     -0.18264326E-18      0.54964163E-10      0.79543109E-21
  336.000000000000         0.11950559E-06     -0.18345922E-18      0.35580132E-10     -0.16319110E-20
  337.000000000000         0.11951592E-06     -0.18392810E-18      0.20660864E-10     -0.93776755E-21
  338.000000000000         0.11952525E-06     -0.18345636E-18      0.18648218E-10      0.94348673E-21
  339.000000000000         0.11954037E-06     -0.18181027E-18      0.30242010E-10      0.32921724E-20
  340.000000000000         0.11956413E-06     -0.18201418E-18      0.47520383E-10     -0.40781943E-21
  341.000000000000         0.11959334E-06     -0.18226480E-18      0.58419644E-10     -0.50123914E-21
  342.000000000000         0.11962122E-06     -0.18180729E-18      0.55770015E-10      0.91501039E-21
  343.000000000000         0.11964202E-06     -0.18218347E-18      0.41596086E-10     -0.75235308E-21
  344.000000000000         0.11965446E-06     -0.18397698E-18      0.24873965E-10     -0.35870073E-20
  345.000000000000         0.11966261E-06     -0.18375118E-18      0.16298630E-10      0.45158568E-21
  346.000000000000         0.11967258E-06     -0.18371251E-18      0.19945508E-10      0.77334925E-22
  347.000000000000         0.11968717E-06     -0.18386203E-18      0.29188420E-10     -0.29903225E-21
  348.000000000000         0.11970407E-06     -0.18390692E-18      0.33783221E-10     -0.89774946E-22
  349.000000000000         0.11971887E-06     -0.18426032E-18      0.29603643E-10     -0.70679352E-21
  350.000000000000         0.11972882E-06     -0.18514217E-18      0.19905413E-10     -0.17637155E-20
  351.000000000000         0.11973429E-06     -0.18675144E-18      0.10946360E-10     -0.32185388E-20
  352.000000000000         0.11973839E-06     -0.18674302E-18      0.81956310E-11      0.16842496E-22
  353.000000000000         0.11974450E-06     -0.18518153E-18      0.12220849E-10      0.31229913E-20
  354.000000000000         0.11975328E-06     -0.18439303E-18      0.17561152E-10      0.15769940E-20
  355.000000000000         0.11976216E-06     -0.18486720E-18      0.17762420E-10     -0.94835288E-21
  356.000000000000         0.11976760E-06     -0.18574171E-18      0.10872110E-10     -0.17490056E-20
  357.000000000000         0.11976897E-06     -0.18595791E-18      0.27309786E-11     -0.43241028E-21
  358.000000000000         0.11977051E-06     -0.18710427E-18      0.30861980E-11     -0.22927120E-20
  359.000000000000         0.11977855E-06     -0.18717395E-18      0.16080069E-10     -0.13936701E-21
  360.000000000000         0.11979622E-06     -0.18803890E-18      0.35343019E-10     -0.17298996E-20
  361.000000000000         0.11982078E-06     -0.19054017E-18      0.49123144E-10     -0.50025363E-20
  362.000000000000         0.11984567E-06     -0.19059539E-18      0.49783470E-10     -0.11043507E-21
  363.000000000000         0.11986444E-06     -0.19065717E-18      0.37528066E-10     -0.12356010E-21
  364.000000000000         0.11987397E-06     -0.19218359E-18      0.19068538E-10     -0.30528393E-20
  365.000000000000         0.11987649E-06     -0.19388564E-18      0.50468626E-11     -0.34041035E-20
  366.000000000000         0.11987847E-06     -0.19479130E-18      0.39446889E-11     -0.18113317E-20
  367.000000000000         0.11988646E-06     -0.19619288E-18      0.15989209E-10     -0.28031535E-20
  368.000000000000         0.11990306E-06     -0.19722240E-18      0.33198579E-10     -0.20590400E-20
  369.000000000000         0.11992522E-06     -0.19731023E-18      0.44309309E-10     -0.17564663E-21
  370.000000000000         0.11994611E-06     -0.19910495E-18      0.41783913E-10     -0.35894598E-20
  371.000000000000         0.11996021E-06     -0.19999103E-18      0.28210948E-10     -0.17721569E-20
  372.000000000000         0.11996681E-06     -0.20166255E-18      0.13201568E-10     -0.33430262E-20
  373.000000000000         0.11996921E-06     -0.19940087E-18      0.47922587E-11      0.45233451E-20
  374.000000000000         0.11997167E-06     -0.20059588E-18      0.49227209E-11     -0.23900059E-20
  375.000000000000         0.11997615E-06     -0.20027695E-18      0.89618009E-11      0.63784996E-21
  376.000000000000         0.11998108E-06     -0.20160204E-18      0.98516318E-11     -0.26501833E-20
  377.000000000000         0.11998330E-06     -0.20387337E-18      0.44520891E-11     -0.45426611E-20
  378.000000000000         0.11998173E-06     -0.20746646E-18     -0.31416021E-11     -0.71861752E-20
  379.000000000000         0.11997995E-06     -0.20753581E-18     -0.35638950E-11     -0.13869816E-21
  380.000000000000         0.11998507E-06     -0.20637971E-18      0.10231165E-10      0.23121960E-20
  381.000000000000         0.12000292E-06     -0.20776807E-18      0.35707452E-10     -0.27767225E-20
  382.000000000000         0.12003287E-06     -0.20877367E-18      0.59895181E-10     -0.20111927E-20
  383.000000000000         0.12006678E-06     -0.20895304E-18      0.67824183E-10     -0.35874435E-21
  384.000000000000         0.12009384E-06     -0.21042413E-18      0.54122515E-10     -0.29421651E-20
  385.000000000000         0.12010740E-06     -0.21005225E-18      0.27113329E-10      0.74375008E-21
  386.000000000000         0.12010929E-06     -0.21091270E-18      0.37919811E-11     -0.17209073E-20
  387.000000000000         0.12010929E-06     -0.21056230E-18     -0.65083504E-14      0.70081585E-21
  388.000000000000         0.12011925E-06     -0.21137175E-18      0.19908830E-10     -0.16189152E-20
  389.000000000000         0.12014553E-06     -0.21254997E-18      0.52569021E-10     -0.23564243E-20
  390.000000000000         0.12018515E-06     -0.21531832E-18      0.79245985E-10     -0.55367140E-20
  391.000000000000         0.12022804E-06     -0.21694609E-18      0.85780809E-10     -0.32555438E-20
  392.000000000000         0.12026316E-06     -0.21721035E-18      0.70239742E-10     -0.52851671E-21
  393.000000000000         0.12028455E-06     -0.21813523E-18      0.42779181E-10     -0.18497616E-20
  394.000000000000         0.12029378E-06     -0.21900295E-18      0.18464243E-10     -0.17354403E-20
  395.000000000000         0.12029730E-06     -0.21984577E-18      0.70402128E-11     -0.16856390E-20
  396.000000000000         0.12030149E-06     -0.22049160E-18      0.83696053E-11     -0.12916522E-20
  397.000000000000         0.12030875E-06     -0.22086083E-18      0.14517580E-10     -0.73845903E-21
  398.000000000000         0.12031699E-06     -0.22362725E-18      0.16474552E-10     -0.55328496E-20
  399.000000000000         0.12032243E-06     -0.22238982E-18      0.10888837E-10      0.24748622E-20
  400.000000000000         0.12032382E-06     -0.22414572E-18      0.27755728E-11     -0.35117848E-20
  401.000000000000         0.12032399E-06     -0.22351126E-18      0.34627705E-12      0.12689048E-20
  402.000000000000         0.12032732E-06     -0.22345495E-18      0.66635207E-11      0.11262581E-21
  403.000000000000         0.12033616E-06     -0.22428556E-18      0.17675544E-10     -0.16612113E-20
  404.000000000000         0.12034914E-06     -0.22420865E-18      0.25965756E-10      0.15381036E-21
  405.000000000000         0.12036198E-06     -0.22634835E-18      0.25666809E-10     -0.42793963E-20
  406.000000000000         0.12037041E-06     -0.22686690E-18      0.16867405E-10     -0.10371003E-20
  407.000000000000         0.12037311E-06     -0.22741941E-18      0.53939658E-11     -0.11050147E-20
  408.000000000000         0.12037282E-06     -0.22807489E-18     -0.56891919E-12     -0.13109682E-20
  409.000000000000         0.12037523E-06     -0.22939951E-18      0.48129535E-11     -0.26492398E-20
  410.000000000000         0.12038571E-06     -0.23089178E-18      0.20956215E-10     -0.29845323E-20
  411.000000000000         0.12040589E-06     -0.23087402E-18      0.40359003E-10      0.35510605E-22
  412.000000000000         0.12043225E-06     -0.23151043E-18      0.52734262E-10     -0.12728242E-20
  413.000000000000         0.12045832E-06     -0.23148648E-18      0.52138373E-10      0.47911852E-22
  414.000000000000         0.12047903E-06     -0.23294979E-18      0.41405436E-10     -0.29266232E-20
  415.000000000000         0.12049327E-06     -0.23410093E-18      0.28494026E-10     -0.23022747E-20
  416.000000000000         0.12050347E-06     -0.23461539E-18      0.20400271E-10     -0.10289384E-20
  417.000000000000         0.12051373E-06     -0.23602699E-18      0.20508080E-10     -0.28231836E-20
  418.000000000000         0.12052732E-06     -0.23645134E-18      0.27186063E-10     -0.84871316E-21
  419.000000000000         0.12054433E-06     -0.23671658E-18      0.34022799E-10     -0.53046673E-21
  420.000000000000         0.12056173E-06     -0.23828777E-18      0.34804971E-10     -0.31423816E-20
  421.000000000000         0.12057592E-06     -0.23835413E-18      0.28373724E-10     -0.13272270E-21
  422.000000000000         0.12058540E-06     -0.23770920E-18      0.18954535E-10      0.12898506E-20
  423.000000000000         0.12059202E-06     -0.23799577E-18      0.13233503E-10     -0.57312792E-21
  424.000000000000         0.12059959E-06     -0.23874603E-18      0.15155492E-10     -0.15005169E-20
  425.000000000000         0.12061086E-06     -0.24036814E-18      0.22534590E-10     -0.32442282E-20
  426.000000000000         0.12062530E-06     -0.24161014E-18      0.28881485E-10     -0.24839959E-20
  427.000000000000         0.12063953E-06     -0.24100091E-18      0.28459718E-10      0.12184540E-20
  428.000000000000         0.12065002E-06     -0.24266310E-18      0.20978226E-10     -0.33243848E-20
  429.000000000000         0.12065584E-06     -0.24457970E-18      0.11642570E-10     -0.38331905E-20
  430.000000000000         0.12065966E-06     -0.24648671E-18      0.76451332E-11     -0.38140191E-20
  431.000000000000         0.12066602E-06     -0.24889609E-18      0.12720680E-10     -0.48187697E-20
  432.000000000000         0.12067778E-06     -0.24889283E-18      0.23510045E-10      0.65205097E-23
  433.000000000000         0.12069390E-06     -0.24789518E-18      0.32242777E-10      0.19953147E-20
  434.000000000000         0.12071046E-06     -0.24788823E-18      0.33109054E-10      0.13890818E-22
  435.000000000000         0.12072328E-06     -0.24786405E-18      0.25640673E-10      0.48364216E-22
  436.000000000000         0.12073055E-06     -0.24839170E-18      0.14549206E-10     -0.10553096E-20
  437.000000000000         0.12073411E-06     -0.24790883E-18      0.71247628E-11      0.96574952E-21
  438.000000000000         0.12073845E-06     -0.24919743E-18      0.86731293E-11     -0.25771943E-20
  439.000000000000         0.12074794E-06     -0.25069786E-18      0.18985056E-10     -0.30008626E-20
  440.000000000000         0.12076420E-06     -0.24975998E-18      0.32519745E-10      0.18757548E-20
  441.000000000000         0.12078502E-06     -0.25223660E-18      0.41641908E-10     -0.49532351E-20
  442.000000000000         0.12080569E-06     -0.25324790E-18      0.41341240E-10     -0.20225988E-20
  443.000000000000         0.12082211E-06     -0.25464109E-18      0.32826028E-10     -0.27863902E-20
  444.000000000000         0.12083332E-06     -0.25537167E-18      0.22418920E-10     -0.14611661E-20
  445.000000000000         0.12084144E-06     -0.25749275E-18      0.16256145E-10     -0.42421505E-20
  446.000000000000         0.12084926E-06     -0.25929882E-18      0.15633030E-10     -0.36121362E-20
  447.000000000000         0.12085836E-06     -0.26063858E-18      0.18191257E-10     -0.26795159E-20
  448.000000000000         0.12086852E-06     -0.25992948E-18      0.20321145E-10      0.14181882E-20
  449.000000000000         0.12087786E-06     -0.25904616E-18      0.18683284E-10      0.17666413E-20
  450.000000000000         0.12088433E-06     -0.25934139E-18      0.12936071E-10     -0.59045348E-21
  451.000000000000         0.12088739E-06     -0.25958316E-18      0.61362052E-11     -0.48354846E-21
  452.000000000000         0.12088864E-06     -0.26007477E-18      0.24894548E-11     -0.98320756E-21
  453.000000000000         0.12089079E-06     -0.26278236E-18      0.43113090E-11     -0.54151831E-20
  454.000000000000         0.12089533E-06     -0.26393153E-18      0.90728259E-11     -0.22983472E-20
  455.000000000000         0.12090105E-06     -0.26497937E-18      0.11437597E-10     -0.20956815E-20
  456.000000000000         0.12090508E-06     -0.26536289E-18      0.80657399E-11     -0.76702907E-21
  457.000000000000         0.12090565E-06     -0.26456283E-18      0.11317440E-11      0.16001098E-20
  458.000000000000         0.12090369E-06     -0.26544255E-18     -0.39145276E-11     -0.17594390E-20
  459.000000000000         0.12090193E-06     -0.26504028E-18     -0.35281934E-11      0.80454947E-21
  460.000000000000         0.12090306E-06     -0.26732266E-18      0.22754589E-11     -0.45647768E-20
  461.000000000000         0.12090838E-06     -0.26837021E-18      0.10628751E-10     -0.20950999E-20
  462.000000000000         0.12091699E-06     -0.26751553E-18      0.17224078E-10      0.17093752E-20
  463.000000000000         0.12092692E-06     -0.26670630E-18      0.19852059E-10      0.16184500E-20
  464.000000000000         0.12093684E-06     -0.26819177E-18      0.19838980E-10     -0.29709290E-20
  465.000000000000         0.12094673E-06     -0.26837610E-18      0.19792988E-10     -0.36867052E-21
  466.000000000000         0.12095737E-06     -0.26645138E-18      0.21276576E-10      0.38494465E-20
  467.000000000000         0.12096852E-06     -0.26648162E-18      0.22301770E-10     -0.60481120E-22
  468.000000000000         0.12097756E-06     -0.26493788E-18      0.18079714E-10      0.30874839E-20
  469.000000000000         0.12098146E-06     -0.26558824E-18      0.77967392E-11     -0.13007221E-20
  470.000000000000         0.12098037E-06     -0.26624441E-18     -0.21795785E-11     -0.13123414E-20
  471.000000000000         0.12097858E-06     -0.26477045E-18     -0.35758375E-11      0.29479231E-20
  472.000000000000         0.12098201E-06     -0.26350261E-18      0.68639564E-11      0.25356640E-20
  473.000000000000         0.12099382E-06     -0.26388746E-18      0.23615630E-10     -0.76968510E-21
  474.000000000000         0.12101162E-06     -0.26491294E-18      0.35592657E-10     -0.20509749E-20
  475.000000000000         0.12102860E-06     -0.26576447E-18      0.33965679E-10     -0.17030421E-20
  476.000000000000         0.12103806E-06     -0.26510522E-18      0.18914033E-10      0.13184936E-20
  477.000000000000         0.12103824E-06     -0.26408642E-18      0.35508152E-12      0.20376043E-20
  478.000000000000         0.12103330E-06     -0.26474457E-18     -0.98687730E-11     -0.13163093E-20
  479.000000000000         0.12103013E-06     -0.26519145E-18     -0.63516615E-11     -0.89376219E-21
  480.000000000000         0.12103308E-06     -0.26562614E-18      0.58988989E-11     -0.86937329E-21
  481.000000000000         0.12104076E-06     -0.26819793E-18      0.15372296E-10     -0.51435835E-20
  482.000000000000         0.12104795E-06     -0.26759430E-18      0.14373751E-10      0.12072636E-20
  483.000000000000         0.12105028E-06     -0.26767447E-18      0.46693560E-11     -0.16035025E-21
  484.000000000000         0.12104766E-06     -0.26857641E-18     -0.52451555E-11     -0.18038677E-20
  485.000000000000         0.12104463E-06     -0.26904565E-18     -0.60653065E-11     -0.93848164E-21
  486.000000000000         0.12104740E-06     -0.26909940E-18      0.55503307E-11     -0.10750117E-21
  487.000000000000         0.12105871E-06     -0.26969586E-18      0.22622656E-10     -0.11929172E-20
  488.000000000000         0.12107489E-06     -0.27058389E-18      0.32359396E-10     -0.17760537E-20
  489.000000000000         0.12108868E-06     -0.27121377E-18      0.27562463E-10     -0.12597638E-20
  490.000000000000         0.12109484E-06     -0.26982948E-18      0.12323958E-10      0.27685670E-20
  491.000000000000         0.12109396E-06     -0.27204883E-18     -0.17485692E-11     -0.44386964E-20
  492.000000000000         0.12109209E-06     -0.27262688E-18     -0.37545093E-11     -0.11560948E-20
  493.000000000000         0.12109686E-06     -0.27294259E-18      0.95470032E-11     -0.63141669E-21
  494.000000000000         0.12111238E-06     -0.27212726E-18      0.31037819E-10      0.16306638E-20
  495.000000000000         0.12113685E-06     -0.27244015E-18      0.48944214E-10     -0.62578152E-21
  496.000000000000         0.12116412E-06     -0.27356817E-18      0.54535482E-10     -0.22560382E-20
  497.000000000000         0.12118663E-06     -0.27655426E-18      0.45024614E-10     -0.59721859E-20
  498.000000000000         0.12119954E-06     -0.27790217E-18      0.25819932E-10     -0.26958269E-20
  499.000000000000         0.12120379E-06     -0.27763382E-18      0.84957790E-11      0.53671097E-21
  500.000000000000         0.12120446E-06     -0.27888330E-18      0.13520283E-11     -0.24989579E-20
