 #            500
    0.000000000000         0.00000000E+00      0.00000000E+00      0.00000000E+00      0.00000000E+00
    1.000000000000         0.17949063E-40     -0.68543260E-46      0.35898125E-40     -0.13708652E-45
    2.000000000000         0.36757419E-40     -0.67527672E-46      0.37616714E-40      0.20311759E-47
    3.000000000000         0.19127557E-38     -0.16936546E-45      0.37519965E-38     -0.20367557E-45
    4.000000000000         0.90336163E-37     -0.34544440E-45      0.17684681E-36     -0.35215788E-45
    5.000000000000         0.11200991E-35     -0.58528423E-45      0.20595258E-35     -0.47967966E-45
    6.000000000000         0.47851169E-35     -0.73879668E-45      0.73300357E-35     -0.30702491E-45
    7.000000000000         0.11650899E-34     -0.79701839E-45      0.13731565E-34     -0.11644342E-45
    8.000000000000         0.36744895E-34     -0.86995033E-45      0.50187992E-34     -0.14586388E-45
    9.000000000000         0.18409551E-33     -0.90886600E-45      0.29470124E-33     -0.77831326E-46
   10.000000000000         0.74795632E-33     -0.10124198E-44      0.11277216E-32     -0.20710761E-45
   11.000000000000         0.21683017E-32     -0.11564713E-44      0.28406907E-32     -0.28810307E-45
   12.000000000000         0.47047055E-32     -0.12016520E-44      0.50728076E-32     -0.90361247E-46
   13.000000000000         0.77444579E-32     -0.12716358E-44      0.60795050E-32     -0.13996776E-45
   14.000000000000         0.10441131E-31     -0.13541069E-44      0.53933463E-32     -0.16494207E-45
   15.000000000000         0.11818829E-31     -0.13607997E-44      0.27553948E-32     -0.13385623E-46
   16.000000000000         0.12334001E-31     -0.14472906E-44      0.10303442E-32     -0.17298175E-45
   17.000000000000         0.13549894E-31     -0.14952081E-44      0.24317861E-32     -0.95835069E-46
   18.000000000000         0.16327481E-31     -0.16082983E-44      0.55551750E-32     -0.22618046E-45
   19.000000000000         0.19886123E-31     -0.17915219E-44      0.71172844E-32     -0.36644715E-45
   20.000000000000         0.22790014E-31     -0.18358472E-44      0.58077821E-32     -0.88650678E-46
   21.000000000000         0.24455136E-31     -0.18630669E-44      0.33302430E-32     -0.54439289E-46
   22.000000000000         0.25574940E-31     -0.18622332E-44      0.22396078E-32      0.16673876E-47
   23.000000000000         0.27270711E-31     -0.19809683E-44      0.33915427E-32     -0.23747022E-45
   24.000000000000         0.30005905E-31     -0.19681606E-44      0.54703881E-32      0.25615359E-46
   25.000000000000         0.33282505E-31     -0.19967487E-44      0.65532001E-32     -0.57176200E-46
   26.000000000000         0.36144437E-31     -0.21156549E-44      0.57238633E-32     -0.23781233E-45
   27.000000000000         0.37902582E-31     -0.21052420E-44      0.35162913E-32      0.20825765E-46
   28.000000000000         0.38604915E-31     -0.21181784E-44      0.14046652E-32     -0.25872780E-46
   29.000000000000         0.39056390E-31     -0.21467237E-44      0.90294989E-33     -0.57090672E-46
   30.000000000000         0.40302490E-31     -0.20904676E-44      0.24922006E-32      0.11251229E-45
   31.000000000000         0.42900234E-31     -0.22353744E-44      0.51954879E-32     -0.28981364E-45
   32.000000000000         0.46428560E-31     -0.22612256E-44      0.70566511E-32     -0.51702378E-46
   33.000000000000         0.49759289E-31     -0.23438677E-44      0.66614591E-32     -0.16528419E-45
   34.000000000000         0.51959570E-31     -0.24634581E-44      0.44005619E-32     -0.23918079E-45
   35.000000000000         0.52881715E-31     -0.25568768E-44      0.18442889E-32     -0.18683736E-45
   36.000000000000         0.53050995E-31     -0.26619273E-44      0.33856117E-33     -0.21010111E-45
   37.000000000000         0.53181728E-31     -0.28336901E-44      0.26146623E-33     -0.34352552E-45
   38.000000000000         0.53803069E-31     -0.29156479E-44      0.12426813E-32     -0.16391573E-45
   39.000000000000         0.55128926E-31     -0.28641814E-44      0.26517137E-32      0.10293310E-45
   40.000000000000         0.56993637E-31     -0.29755611E-44      0.37294230E-32     -0.22275932E-45
   41.000000000000         0.58913629E-31     -0.30390448E-44      0.38399830E-32     -0.12696743E-45
   42.000000000000         0.60321083E-31     -0.30751594E-44      0.28149085E-32     -0.72229211E-46
   43.000000000000         0.60988723E-31     -0.31625911E-44      0.13352798E-32     -0.17486338E-45
   44.000000000000         0.61330500E-31     -0.33297353E-44      0.68355332E-33     -0.33428845E-45
   45.000000000000         0.62206632E-31     -0.35362226E-44      0.17522642E-32     -0.41297464E-45
   46.000000000000         0.64220956E-31     -0.35819164E-44      0.40286474E-32     -0.91387589E-46
   47.000000000000         0.67180442E-31     -0.36467686E-44      0.59189738E-32     -0.12970434E-45
   48.000000000000         0.70228819E-31     -0.36965677E-44      0.60967529E-32     -0.99598322E-46
   49.000000000000         0.72569867E-31     -0.37792098E-44      0.46820963E-32     -0.16528419E-45
   50.000000000000         0.74066076E-31     -0.38036926E-44      0.29924174E-32     -0.48965467E-46
   51.000000000000         0.75238165E-31     -0.38504127E-44      0.23441786E-32     -0.93440272E-46
   52.000000000000         0.76728039E-31     -0.38550528E-44      0.29797481E-32     -0.92802567E-47
   53.000000000000         0.78744359E-31     -0.39938016E-44      0.40326393E-32     -0.27749754E-45
   54.000000000000         0.80958104E-31     -0.40223897E-44      0.44274908E-32     -0.57176200E-46
   55.000000000000         0.82847188E-31     -0.40006871E-44      0.37781681E-32      0.43405281E-46
   56.000000000000         0.84146023E-31     -0.40935926E-44      0.25976690E-32     -0.18581102E-45
   57.000000000000         0.84960806E-31     -0.40953247E-44      0.16295671E-32     -0.34643207E-47
   58.000000000000         0.85616602E-31     -0.41803616E-44      0.13115910E-32     -0.17007378E-45
   59.000000000000         0.86389407E-31     -0.41230791E-44      0.15456107E-32      0.11456497E-45
   60.000000000000         0.87325170E-31     -0.41273771E-44      0.18715260E-32     -0.85960289E-47
   61.000000000000         0.88278061E-31     -0.40995165E-44      0.19057825E-32      0.55721381E-46
   62.000000000000         0.89082514E-31     -0.41421312E-44      0.16089050E-32     -0.85229539E-46
   63.000000000000         0.89658541E-31     -0.42435041E-44      0.11520546E-32     -0.20274566E-45
   64.000000000000         0.90022211E-31     -0.43306792E-44      0.72733947E-33     -0.17435021E-45
   65.000000000000         0.90254388E-31     -0.44772965E-44      0.46435335E-33     -0.29323478E-45
   66.000000000000         0.90455658E-31     -0.45606229E-44      0.40254031E-33     -0.16665264E-45
   67.000000000000         0.90706731E-31     -0.46839765E-44      0.50214645E-33     -0.24670729E-45
   68.000000000000         0.91025375E-31     -0.47946719E-44      0.63728795E-33     -0.22139086E-45
   69.000000000000         0.91351972E-31     -0.48249706E-44      0.65319374E-33     -0.60597339E-46
   70.000000000000         0.91606240E-31     -0.48595457E-44      0.50853708E-33     -0.69150186E-46
   71.000000000000         0.91768511E-31     -0.48813771E-44      0.32454153E-33     -0.43662702E-46
   72.000000000000         0.91908851E-31     -0.49960068E-44      0.28067922E-33     -0.22925948E-45
   73.000000000000         0.92114864E-31     -0.50659907E-44      0.41202750E-33     -0.13996776E-45
   74.000000000000         0.92407113E-31     -0.50723414E-44      0.58449689E-33     -0.12701396E-46
   75.000000000000         0.92740353E-31     -0.51736287E-44      0.66648110E-33     -0.20257460E-45
   76.000000000000         0.93064468E-31     -0.51609065E-44      0.64822879E-33      0.25444302E-46
   77.000000000000         0.93377022E-31     -0.51740140E-44      0.62510762E-33     -0.26214894E-46
   78.000000000000         0.93703767E-31     -0.52958495E-44      0.65349116E-33     -0.24367103E-45
   79.000000000000         0.94048880E-31     -0.52288168E-44      0.69022464E-33      0.13406546E-45
   80.000000000000         0.94385336E-31     -0.52362793E-44      0.67291340E-33     -0.14925136E-46
   81.000000000000         0.94677418E-31     -0.53251650E-44      0.58416366E-33     -0.17777134E-45
   82.000000000000         0.94907644E-31     -0.54139651E-44      0.46045189E-33     -0.17760029E-45
   83.000000000000         0.95085473E-31     -0.55165781E-44      0.35565812E-33     -0.20522598E-45
   84.000000000000         0.95240572E-31     -0.56073241E-44      0.31019692E-33     -0.18149183E-45
   85.000000000000         0.95407697E-31     -0.55858138E-44      0.33425032E-33      0.43020403E-46
   86.000000000000         0.95602735E-31     -0.56742505E-44      0.39007586E-33     -0.17687330E-45
   87.000000000000         0.95814542E-31     -0.57668139E-44      0.42361435E-33     -0.18512679E-45
   88.000000000000         0.96023115E-31     -0.58804173E-44      0.41714608E-33     -0.22720680E-45
   89.000000000000         0.96230254E-31     -0.59363745E-44      0.41427816E-33     -0.11191442E-45
   90.000000000000         0.96466909E-31     -0.60400566E-44      0.47331016E-33     -0.20736419E-45
   91.000000000000         0.96761082E-31     -0.61812002E-44      0.58834642E-33     -0.28228714E-45
   92.000000000000         0.97103642E-31     -0.62282624E-44      0.68512042E-33     -0.94124500E-46
   93.000000000000         0.97448642E-31     -0.62554821E-44      0.68999924E-33     -0.54439289E-46
   94.000000000000         0.97744379E-31     -0.63015180E-44      0.59147472E-33     -0.92071816E-46
   95.000000000000         0.97964124E-31     -0.64356482E-44      0.43948923E-33     -0.26826047E-45
   96.000000000000         0.98112975E-31     -0.64597888E-44      0.29770140E-33     -0.48281239E-46
   97.000000000000         0.98220787E-31     -0.65164303E-44      0.21562473E-33     -0.11328288E-45
   98.000000000000         0.98331781E-31     -0.65428802E-44      0.22198755E-33     -0.52899777E-46
   99.000000000000         0.98484046E-31     -0.66636679E-44      0.30453036E-33     -0.24157558E-45
  100.000000000000         0.98685548E-31     -0.67045721E-44      0.40300397E-33     -0.81808400E-46
  101.000000000000         0.98899514E-31     -0.67233245E-44      0.42793100E-33     -0.37504652E-46
  102.000000000000         0.99062606E-31     -0.67259974E-44      0.32618434E-33     -0.53459470E-47
  103.000000000000         0.99135266E-31     -0.68786874E-44      0.14532157E-33     -0.30537982E-45
  104.000000000000         0.99138976E-31     -0.70233376E-44      0.74181657E-35     -0.28930047E-45
  105.000000000000         0.99144606E-31     -0.72130613E-44      0.11261444E-34     -0.37944748E-45
  106.000000000000         0.99219897E-31     -0.72602091E-44      0.15058070E-33     -0.94295557E-46
  107.000000000000         0.99386685E-31     -0.73372918E-44      0.33357573E-33     -0.15416549E-45
  108.000000000000         0.99614023E-31     -0.74005190E-44      0.45467674E-33     -0.12645426E-45
  109.000000000000         0.99837729E-31     -0.74332124E-44      0.44741141E-33     -0.65386933E-46
  110.000000000000         0.10000172E-30     -0.75413420E-44      0.32798253E-33     -0.21625916E-45
  111.000000000000         0.10010181E-30     -0.76699984E-44      0.20018110E-33     -0.25731282E-45
  112.000000000000         0.10018972E-30     -0.77948916E-44      0.17581337E-33     -0.24978632E-45
  113.000000000000         0.10033320E-30     -0.79401405E-44      0.28696271E-33     -0.29049787E-45
  114.000000000000         0.10055667E-30     -0.80089270E-44      0.44694410E-33     -0.13757296E-45
  115.000000000000         0.10082408E-30     -0.80741213E-44      0.53482276E-33     -0.13038857E-45
  116.000000000000         0.10107612E-30     -0.82785559E-44      0.50408192E-33     -0.40886927E-45
  117.000000000000         0.10127387E-30     -0.83473424E-44      0.39550417E-33     -0.13757296E-45
  118.000000000000         0.10141555E-30     -0.83701146E-44      0.28335047E-33     -0.45544328E-46
  119.000000000000         0.10152848E-30     -0.83964789E-44      0.22585965E-33     -0.52728720E-46
  120.000000000000         0.10165694E-30     -0.85046940E-44      0.25691862E-33     -0.21643021E-45
  121.000000000000         0.10184470E-30     -0.86130802E-44      0.37551353E-33     -0.21677233E-45
  122.000000000000         0.10210295E-30     -0.86813963E-44      0.51650686E-33     -0.13663215E-45
  123.000000000000         0.10239296E-30     -0.87981215E-44      0.58003096E-33     -0.23345038E-45
  124.000000000000         0.10264415E-30     -0.89182678E-44      0.50236554E-33     -0.24029266E-45
  125.000000000000         0.10280405E-30     -0.89296647E-44      0.31980807E-33     -0.22793755E-46
  126.000000000000         0.10287721E-30     -0.90838941E-44      0.14631917E-33     -0.30845885E-45
  127.000000000000         0.10291998E-30     -0.91355749E-44      0.85528318E-34     -0.10336157E-45
  128.000000000000         0.10299913E-30     -0.91030957E-44      0.15831703E-33      0.64958456E-46
  129.000000000000         0.10314442E-30     -0.91028607E-44      0.29057685E-33      0.46998897E-48
  130.000000000000         0.10332767E-30     -0.93063545E-44      0.36648981E-33     -0.40698765E-45
  131.000000000000         0.10349284E-30     -0.94893642E-44      0.33034390E-33     -0.36601951E-45
  132.000000000000         0.10360232E-30     -0.95293276E-44      0.21896909E-33     -0.79926774E-46
  133.000000000000         0.10366504E-30     -0.96128250E-44      0.12543009E-33     -0.16699476E-45
  134.000000000000         0.10372154E-30     -0.97656860E-44      0.11299829E-33     -0.30572194E-45
  135.000000000000         0.10381045E-30     -0.98570520E-44      0.17782635E-33     -0.18273200E-45
  136.000000000000         0.10393668E-30     -0.98288278E-44      0.25246575E-33      0.56448373E-46
  137.000000000000         0.10408487E-30     -0.98915097E-44      0.29636739E-33     -0.12536377E-45
  138.000000000000         0.10423377E-30     -0.99098771E-44      0.29780867E-33     -0.36734896E-46
  139.000000000000         0.10436439E-30     -0.99544163E-44      0.26122696E-33     -0.89078320E-46
  140.000000000000         0.10446312E-30     -0.10079395E-43      0.19747228E-33     -0.24995737E-45
  141.000000000000         0.10453350E-30     -0.10139757E-43      0.14076329E-33     -0.12072385E-45
  142.000000000000         0.10460350E-30     -0.10226269E-43      0.13999657E-33     -0.17302451E-45
  143.000000000000         0.10471247E-30     -0.10405035E-43      0.21793961E-33     -0.35753081E-45
  144.000000000000         0.10487915E-30     -0.10475403E-43      0.33335113E-33     -0.14073752E-45
  145.000000000000         0.10508000E-30     -0.10647102E-43      0.40170802E-33     -0.34339723E-45
  146.000000000000         0.10526237E-30     -0.10794318E-43      0.36473697E-33     -0.29443218E-45
  147.000000000000         0.10537844E-30     -0.10925968E-43      0.23213540E-33     -0.26329981E-45
  148.000000000000         0.10542385E-30     -0.10899305E-43      0.90829131E-34      0.53326584E-46
  149.000000000000         0.10544713E-30     -0.11073441E-43      0.46547450E-34     -0.34827235E-45
  150.000000000000         0.10550466E-30     -0.11248561E-43      0.11507172E-33     -0.35023951E-45
  151.000000000000         0.10561503E-30     -0.11345208E-43      0.22073292E-33     -0.19329476E-45
  152.000000000000         0.10574846E-30     -0.11454685E-43      0.26686308E-33     -0.21895330E-45
  153.000000000000         0.10586214E-30     -0.11483209E-43      0.22735691E-33     -0.57047908E-46
  154.000000000000         0.10593920E-30     -0.11518810E-43      0.15413007E-33     -0.71202869E-46
  155.000000000000         0.10598750E-30     -0.11592835E-43      0.96591799E-34     -0.14805020E-45
  156.000000000000         0.10602112E-30     -0.11606263E-43      0.67234751E-34     -0.26856357E-46
  157.000000000000         0.10605044E-30     -0.11771269E-43      0.58653635E-34     -0.33001202E-45
  158.000000000000         0.10608962E-30     -0.11918699E-43      0.78363294E-34     -0.29485982E-45
  159.000000000000         0.10615537E-30     -0.12117874E-43      0.13148377E-33     -0.39834927E-45
  160.000000000000         0.10624361E-30     -0.12290107E-43      0.17648991E-33     -0.34446633E-45
  161.000000000000         0.10632367E-30     -0.12282420E-43      0.16012673E-33      0.15373325E-46
  162.000000000000         0.10636528E-30     -0.12357889E-43      0.83214509E-34     -0.15093679E-45
  163.000000000000         0.10636722E-30     -0.12423062E-43      0.38665959E-35     -0.13034581E-45
  164.000000000000         0.10635546E-30     -0.12503950E-43     -0.23508287E-34     -0.16177752E-45
  165.000000000000         0.10636190E-30     -0.12457017E-43      0.12884128E-34      0.93867079E-46
  166.000000000000         0.10640487E-30     -0.12464137E-43      0.85931620E-34     -0.14240908E-46
  167.000000000000         0.10647817E-30     -0.12582359E-43      0.14660704E-33     -0.23644387E-45
  168.000000000000         0.10655124E-30     -0.12650355E-43      0.14613436E-33     -0.13599069E-45
  169.000000000000         0.10659147E-30     -0.12661142E-43      0.80454869E-34     -0.21574974E-46
  170.000000000000         0.10659932E-30     -0.12717997E-43      0.15714862E-34     -0.11371052E-45
  171.000000000000         0.10661456E-30     -0.12778316E-43      0.30477142E-34     -0.12063833E-45
  172.000000000000         0.10667544E-30     -0.12844879E-43      0.12176140E-33     -0.13312548E-45
  173.000000000000         0.10677747E-30     -0.13017668E-43      0.20404895E-33     -0.34557820E-45
  174.000000000000         0.10688452E-30     -0.13050362E-43      0.21410147E-33     -0.65386933E-46
  175.000000000000         0.10696425E-30     -0.13070445E-43      0.15946895E-33     -0.40166726E-46
  176.000000000000         0.10701194E-30     -0.13153173E-43      0.95370279E-34     -0.16545524E-45
  177.000000000000         0.10703831E-30     -0.13233762E-43      0.52743361E-34     -0.16117882E-45
  178.000000000000         0.10705218E-30     -0.13266199E-43      0.27745728E-34     -0.64873763E-46
  179.000000000000         0.10706434E-30     -0.13427698E-43      0.24317359E-34     -0.32299869E-45
  180.000000000000         0.10709414E-30     -0.13504525E-43      0.59590970E-34     -0.15365232E-45
  181.000000000000         0.10715189E-30     -0.13585071E-43      0.11550953E-33     -0.16109329E-45
  182.000000000000         0.10721902E-30     -0.13670931E-43      0.13424795E-33     -0.17172020E-45
  183.000000000000         0.10725998E-30     -0.13597334E-43      0.81921868E-34      0.14719408E-45
  184.000000000000         0.10725778E-30     -0.13696270E-43     -0.43951449E-35     -0.19787053E-45
  185.000000000000         0.10722420E-30     -0.13840321E-43     -0.67151542E-34     -0.28810307E-45
  186.000000000000         0.10718757E-30     -0.13901752E-43     -0.73259209E-34     -0.12286207E-45
  187.000000000000         0.10717272E-30     -0.13902543E-43     -0.29700327E-34     -0.15826943E-47
  188.000000000000         0.10718621E-30     -0.13947382E-43      0.26977726E-34     -0.89677019E-46
  189.000000000000         0.10721499E-30     -0.13953091E-43      0.57553260E-34     -0.11418468E-46
  190.000000000000         0.10723595E-30     -0.14051128E-43      0.41929335E-34     -0.19607444E-45
  191.000000000000         0.10723444E-30     -0.14048242E-43     -0.30335105E-35      0.57727542E-47
  192.000000000000         0.10721862E-30     -0.14085212E-43     -0.31629979E-34     -0.73939781E-46
  193.000000000000         0.10721115E-30     -0.14190262E-43     -0.14940410E-34     -0.21010111E-45
  194.000000000000         0.10722689E-30     -0.14331406E-43      0.31470587E-34     -0.28228714E-45
  195.000000000000         0.10725945E-30     -0.14517367E-43      0.65123105E-34     -0.37192097E-45
  196.000000000000         0.10728995E-30     -0.14688659E-43      0.61007820E-34     -0.34258471E-45
  197.000000000000         0.10730704E-30     -0.14829439E-43      0.34174002E-34     -0.28156014E-45
  198.000000000000         0.10731213E-30     -0.14861106E-43      0.10187342E-34     -0.63334250E-46
  199.000000000000         0.10731233E-30     -0.14992756E-43      0.39517706E-36     -0.26329981E-45
  200.000000000000         0.10731539E-30     -0.15009028E-43      0.61115770E-35     -0.32544001E-46
  201.000000000000         0.10732680E-30     -0.15068834E-43      0.22825984E-34     -0.11961198E-45
  202.000000000000         0.10734988E-30     -0.15074415E-43      0.46151124E-34     -0.11161883E-46
  203.000000000000         0.10738166E-30     -0.15151027E-43      0.63559980E-34     -0.15322467E-45
  204.000000000000         0.10741152E-30     -0.15233434E-43      0.59730164E-34     -0.16481378E-45
  205.000000000000         0.10743129E-30     -0.15274296E-43      0.39530361E-34     -0.81722871E-46
  206.000000000000         0.10744247E-30     -0.15246349E-43      0.22374741E-34      0.55892438E-46
  207.000000000000         0.10745101E-30     -0.15313938E-43      0.17075864E-34     -0.13517817E-45
  208.000000000000         0.10745729E-30     -0.15424292E-43      0.12555407E-34     -0.22070664E-45
  209.000000000000         0.10745810E-30     -0.15631078E-43      0.16142416E-35     -0.41357334E-45
  210.000000000000         0.10745312E-30     -0.15769571E-43     -0.99496505E-35     -0.27698437E-45
  211.000000000000         0.10744713E-30     -0.15874429E-43     -0.11974997E-34     -0.20971623E-45
  212.000000000000         0.10744468E-30     -0.15987776E-43     -0.49095634E-35     -0.22669363E-45
  213.000000000000         0.10744663E-30     -0.15963849E-43      0.38984798E-35      0.47852762E-46
  214.000000000000         0.10744884E-30     -0.15986194E-43      0.44305625E-35     -0.44689044E-46
  215.000000000000         0.10744535E-30     -0.16066783E-43     -0.69935641E-35     -0.16117882E-45
  216.000000000000         0.10743458E-30     -0.16225930E-43     -0.21529766E-34     -0.31829462E-45
  217.000000000000         0.10742007E-30     -0.16326234E-43     -0.29016830E-34     -0.20060745E-45
  218.000000000000         0.10740893E-30     -0.16478839E-43     -0.22288520E-34     -0.30520877E-45
  219.000000000000         0.10740947E-30     -0.16473044E-43      0.10729242E-35      0.11588690E-46
  220.000000000000         0.10742508E-30     -0.16362991E-43      0.31230170E-34      0.22010710E-45
  221.000000000000         0.10744600E-30     -0.16407530E-43      0.41829707E-34     -0.89078320E-46
  222.000000000000         0.10745512E-30     -0.16510656E-43      0.18251139E-34     -0.20625232E-45
  223.000000000000         0.10744455E-30     -0.16542109E-43     -0.21142488E-34     -0.62906608E-46
  224.000000000000         0.10742482E-30     -0.16701214E-43     -0.39450358E-34     -0.31820909E-45
  225.000000000000         0.10741706E-30     -0.16821681E-43     -0.15537216E-34     -0.24093412E-45
  226.000000000000         0.10743611E-30     -0.16859538E-43      0.38100992E-34     -0.75714496E-46
  227.000000000000         0.10747778E-30     -0.16912416E-43      0.83353442E-34     -0.10575637E-45
  228.000000000000         0.10752270E-30     -0.17041821E-43      0.89842551E-34     -0.25880957E-45
  229.000000000000         0.10754947E-30     -0.17015072E-43      0.53538653E-34      0.53497641E-46
  230.000000000000         0.10754926E-30     -0.17092796E-43     -0.42584230E-36     -0.15544841E-45
  231.000000000000         0.10753181E-30     -0.17152303E-43     -0.34894906E-34     -0.11901328E-45
  232.000000000000         0.10752040E-30     -0.17265693E-43     -0.22834023E-34     -0.22677916E-45
  233.000000000000         0.10753379E-30     -0.17328161E-43      0.26790166E-34     -0.12493613E-45
  234.000000000000         0.10756629E-30     -0.17467920E-43      0.64986971E-34     -0.27951815E-45
  235.000000000000         0.10759497E-30     -0.17522102E-43      0.57360952E-34     -0.10836499E-45
  236.000000000000         0.10760353E-30     -0.17609662E-43      0.17126071E-34     -0.17511996E-45
  237.000000000000         0.10759506E-30     -0.17818373E-43     -0.16940723E-34     -0.41742212E-45
  238.000000000000         0.10758506E-30     -0.17890538E-43     -0.19992458E-34     -0.14432971E-45
  239.000000000000         0.10758765E-30     -0.18063028E-43      0.51715230E-35     -0.34497950E-45
  240.000000000000         0.10760601E-30     -0.18209977E-43      0.36725365E-34     -0.29389763E-45
  241.000000000000         0.10763563E-30     -0.18340882E-43      0.59245885E-34     -0.26181108E-45
  242.000000000000         0.10766559E-30     -0.18352097E-43      0.59914251E-34     -0.22430259E-46
  243.000000000000         0.10768257E-30     -0.18429993E-43      0.33966516E-34     -0.15579053E-45
  244.000000000000         0.10768131E-30     -0.18577252E-43     -0.25226597E-35     -0.29451771E-45
  245.000000000000         0.10767305E-30     -0.18559056E-43     -0.16515782E-34      0.36391947E-46
  246.000000000000         0.10767751E-30     -0.18704989E-43      0.89196329E-35     -0.29186632E-45
  247.000000000000         0.10770497E-30     -0.18716215E-43      0.54909250E-34     -0.22451641E-46
  248.000000000000         0.10775108E-30     -0.18808521E-43      0.92215802E-34     -0.18461362E-45
  249.000000000000         0.10780319E-30     -0.18845898E-43      0.10422581E-33     -0.74752301E-46
  250.000000000000         0.10784468E-30     -0.18956679E-43      0.82972455E-34     -0.22156192E-45
  251.000000000000         0.10786211E-30     -0.18974832E-43      0.34871983E-34     -0.36307253E-46
  252.000000000000         0.10786096E-30     -0.19114778E-43     -0.22953035E-35     -0.27989234E-45
  253.000000000000         0.10786619E-30     -0.19170736E-43      0.10452003E-34     -0.11191442E-45
  254.000000000000         0.10789989E-30     -0.19303732E-43      0.67404581E-34     -0.26599396E-45
  255.000000000000         0.10795741E-30     -0.19387871E-43      0.11502888E-33     -0.16827768E-45
  256.000000000000         0.10801276E-30     -0.19517618E-43      0.11070866E-33     -0.25949380E-45
  257.000000000000         0.10804445E-30     -0.19599320E-43      0.63384095E-34     -0.16340256E-45
  258.000000000000         0.10805782E-30     -0.19688547E-43      0.26738510E-34     -0.17845557E-45
  259.000000000000         0.10807136E-30     -0.19706231E-43      0.27070673E-34     -0.35366440E-46
  260.000000000000         0.10809203E-30     -0.19814360E-43      0.41351274E-34     -0.21625916E-45
  261.000000000000         0.10811568E-30     -0.19824068E-43      0.47297533E-34     -0.19415380E-46
  262.000000000000         0.10814117E-30     -0.19963095E-43      0.50984919E-34     -0.27805348E-45
  263.000000000000         0.10817132E-30     -0.20044496E-43      0.60283887E-34     -0.16280386E-45
  264.000000000000         0.10820435E-30     -0.20186581E-43      0.66071850E-34     -0.28416876E-45
  265.000000000000         0.10823521E-30     -0.20247884E-43      0.61716970E-34     -0.12260548E-45
  266.000000000000         0.10826210E-30     -0.20225646E-43      0.53782594E-34      0.44474387E-46
  267.000000000000         0.10828540E-30     -0.20283656E-43      0.46596621E-34     -0.11601979E-45
  268.000000000000         0.10830335E-30     -0.20408699E-43      0.35897672E-34     -0.25008567E-45
  269.000000000000         0.10831409E-30     -0.20377460E-43      0.21474900E-34      0.62478130E-46
  270.000000000000         0.10832362E-30     -0.20528311E-43      0.19063722E-34     -0.30170210E-45
  271.000000000000         0.10834462E-30     -0.20582002E-43      0.42001990E-34     -0.10738141E-45
  272.000000000000         0.10838014E-30     -0.20627546E-43      0.71038999E-34     -0.91088239E-46
  273.000000000000         0.10842064E-30     -0.20783678E-43      0.81006549E-34     -0.31226486E-45
  274.000000000000         0.10845736E-30     -0.20832654E-43      0.73426624E-34     -0.97951899E-46
  275.000000000000         0.10849118E-30     -0.20919530E-43      0.67652031E-34     -0.17375151E-45
  276.000000000000         0.10852721E-30     -0.21031252E-43      0.72060305E-34     -0.22344355E-45
  277.000000000000         0.10856588E-30     -0.21082248E-43      0.77337920E-34     -0.10199312E-45
  278.000000000000         0.10860529E-30     -0.21244860E-43      0.78813812E-34     -0.32522243E-45
  279.000000000000         0.10864560E-30     -0.21310995E-43      0.80633334E-34     -0.13227020E-45
  280.000000000000         0.10868463E-30     -0.21313462E-43      0.78052265E-34     -0.49343413E-47
  281.000000000000         0.10871369E-30     -0.21302044E-43      0.58127636E-34      0.22835684E-46
  282.000000000000         0.10872389E-30     -0.21398200E-43      0.20388758E-34     -0.19231118E-45
  283.000000000000         0.10871851E-30     -0.21469039E-43     -0.10753388E-34     -0.14167833E-45
  284.000000000000         0.10871744E-30     -0.21475646E-43     -0.21429062E-35     -0.13214566E-46
  285.000000000000         0.10873865E-30     -0.21512017E-43      0.42413251E-34     -0.72742382E-46
  286.000000000000         0.10878082E-30     -0.21613283E-43      0.84353435E-34     -0.20253184E-45
  287.000000000000         0.10882585E-30     -0.21662302E-43      0.90049635E-34     -0.98037427E-46
  288.000000000000         0.10885250E-30     -0.21711053E-43      0.53305100E-34     -0.97502874E-46
  289.000000000000         0.10885014E-30     -0.21843644E-43     -0.47204912E-35     -0.26518144E-45
  290.000000000000         0.10882625E-30     -0.21973241E-43     -0.47776368E-34     -0.25919445E-45
  291.000000000000         0.10880244E-30     -0.21977625E-43     -0.47633021E-34     -0.87670859E-47
  292.000000000000         0.10880135E-30     -0.22003604E-43     -0.21738615E-35     -0.51958964E-46
  293.000000000000         0.10882973E-30     -0.22156016E-43      0.56764656E-34     -0.30482389E-45
  294.000000000000         0.10887409E-30     -0.22311807E-43      0.88724761E-34     -0.31158064E-45
  295.000000000000         0.10890975E-30     -0.22397485E-43      0.71314383E-34     -0.17135671E-45
  296.000000000000         0.10892301E-30     -0.22395839E-43      0.26517430E-34      0.32924285E-47
  297.000000000000         0.10891774E-30     -0.22354550E-43     -0.10537450E-34      0.82577321E-46
  298.000000000000         0.10891006E-30     -0.22324123E-43     -0.15354136E-34      0.60853089E-46
  299.000000000000         0.10891493E-30     -0.22415318E-43      0.97378666E-35     -0.18238988E-45
  300.000000000000         0.10893511E-30     -0.22535593E-43      0.40359302E-34     -0.24054924E-45
  301.000000000000         0.10896053E-30     -0.22636752E-43      0.50830311E-34     -0.20231802E-45
  302.000000000000         0.10897543E-30     -0.22734747E-43      0.29798058E-34     -0.19598891E-45
  303.000000000000         0.10897079E-30     -0.22878114E-43     -0.92673162E-35     -0.28673462E-45
  304.000000000000         0.10895189E-30     -0.22883353E-43     -0.37804943E-34     -0.10477655E-46
  305.000000000000         0.10893483E-30     -0.22943586E-43     -0.34122055E-34     -0.12046727E-45
  306.000000000000         0.10893365E-30     -0.23050347E-43     -0.23570202E-35     -0.21352224E-45
  307.000000000000         0.10894789E-30     -0.23132562E-43      0.28469417E-34     -0.16442890E-45
  308.000000000000         0.10896181E-30     -0.23146033E-43      0.27846822E-34     -0.26941886E-46
  309.000000000000         0.10895920E-30     -0.23096298E-43     -0.52106566E-35      0.99469194E-46
  310.000000000000         0.10893719E-30     -0.23105942E-43     -0.44036823E-34     -0.19287088E-46
  311.000000000000         0.10890788E-30     -0.23239644E-43     -0.58620301E-34     -0.26740518E-45
  312.000000000000         0.10888662E-30     -0.23378906E-43     -0.42508233E-34     -0.27852388E-45
  313.000000000000         0.10888085E-30     -0.23465055E-43     -0.11551445E-34     -0.17229752E-45
  314.000000000000         0.10888709E-30     -0.23560313E-43      0.12486899E-34     -0.19051509E-45
  315.000000000000         0.10889482E-30     -0.23604360E-43      0.15452271E-34     -0.88094742E-46
  316.000000000000         0.10889314E-30     -0.23674087E-43     -0.33418287E-35     -0.13945459E-45
  317.000000000000         0.10887959E-30     -0.23738512E-43     -0.27105449E-34     -0.12884906E-45
  318.000000000000         0.10886074E-30     -0.23803022E-43     -0.37696861E-34     -0.12902012E-45
  319.000000000000         0.10884622E-30     -0.23865736E-43     -0.29037746E-34     -0.12542792E-45
  320.000000000000         0.10884085E-30     -0.24031084E-43     -0.10754257E-34     -0.33069625E-45
  321.000000000000         0.10883951E-30     -0.24041839E-43     -0.26820322E-35     -0.21510828E-46
  322.000000000000         0.10883395E-30     -0.24169298E-43     -0.11122476E-34     -0.25491802E-45
  323.000000000000         0.10882133E-30     -0.24233103E-43     -0.25239352E-34     -0.12760890E-45
  324.000000000000         0.10880653E-30     -0.24255918E-43     -0.29590870E-34     -0.45629857E-46
  325.000000000000         0.10879537E-30     -0.24371446E-43     -0.22323814E-34     -0.23105558E-45
  326.000000000000         0.10878827E-30     -0.24476239E-43     -0.14204514E-34     -0.20958794E-45
  327.000000000000         0.10877890E-30     -0.24518769E-43     -0.18727425E-34     -0.85058482E-46
  328.000000000000         0.10876067E-30     -0.24731585E-43     -0.36472261E-34     -0.42563285E-45
  329.000000000000         0.10873277E-30     -0.24732334E-43     -0.55784587E-34     -0.14971659E-47
  330.000000000000         0.10870411E-30     -0.24862059E-43     -0.57333863E-34     -0.25945103E-45
  331.000000000000         0.10868811E-30     -0.24975278E-43     -0.31995132E-34     -0.22643704E-45
  332.000000000000         0.10869052E-30     -0.25098974E-43      0.48238525E-35     -0.24739152E-45
  333.000000000000         0.10870091E-30     -0.25126963E-43      0.20781912E-34     -0.55978802E-46
  334.000000000000         0.10870124E-30     -0.25182493E-43      0.65068056E-36     -0.11105914E-45
  335.000000000000         0.10868158E-30     -0.25269839E-43     -0.39311979E-34     -0.17469232E-45
  336.000000000000         0.10865090E-30     -0.25388403E-43     -0.61363747E-34     -0.23712810E-45
  337.000000000000         0.10862534E-30     -0.25393770E-43     -0.51114090E-34     -0.10734241E-46
  338.000000000000         0.10861418E-30     -0.25376515E-43     -0.22317375E-34      0.34510320E-46
  339.000000000000         0.10861545E-30     -0.25410277E-43      0.25385166E-35     -0.67525145E-46
  340.000000000000         0.10861929E-30     -0.25423043E-43      0.76787902E-35     -0.25530666E-46
  341.000000000000         0.10861461E-30     -0.25533738E-43     -0.93563247E-35     -0.22139086E-45
  342.000000000000         0.10859648E-30     -0.25703790E-43     -0.36271482E-34     -0.34010438E-45
  343.000000000000         0.10857024E-30     -0.25685509E-43     -0.52469256E-34      0.36563004E-46
  344.000000000000         0.10854934E-30     -0.25797402E-43     -0.41808336E-34     -0.22378566E-45
  345.000000000000         0.10854541E-30     -0.25931959E-43     -0.78623493E-35     -0.26911575E-45
  346.000000000000         0.10855498E-30     -0.26066047E-43      0.19132418E-34     -0.26817494E-45
  347.000000000000         0.10856139E-30     -0.26095020E-43      0.12836918E-34     -0.57945957E-46
  348.000000000000         0.10855158E-30     -0.26231032E-43     -0.19632883E-34     -0.27202372E-45
  349.000000000000         0.10852595E-30     -0.26327102E-43     -0.51251236E-34     -0.19214013E-45
  350.000000000000         0.10849599E-30     -0.26314722E-43     -0.59916368E-34      0.24760075E-46
  351.000000000000         0.10847785E-30     -0.26414085E-43     -0.36279418E-34     -0.19872582E-45
  352.000000000000         0.10848222E-30     -0.26330010E-43      0.87342154E-35      0.16814856E-45
  353.000000000000         0.10850614E-30     -0.26479162E-43      0.47839078E-34     -0.29830234E-45
  354.000000000000         0.10853223E-30     -0.26468877E-43      0.52183578E-34      0.20569180E-46
  355.000000000000         0.10854066E-30     -0.26441187E-43      0.16847409E-34      0.55379267E-46
  356.000000000000         0.10852508E-30     -0.26558554E-43     -0.31147479E-34     -0.23473331E-45
  357.000000000000         0.10849895E-30     -0.26683789E-43     -0.52258297E-34     -0.25047054E-45
  358.000000000000         0.10848491E-30     -0.26745605E-43     -0.28077223E-34     -0.12363182E-45
  359.000000000000         0.10849331E-30     -0.26853061E-43      0.16794537E-34     -0.21491208E-45
  360.000000000000         0.10851695E-30     -0.26882040E-43      0.47269261E-34     -0.57956648E-46
  361.000000000000         0.10854251E-30     -0.26991751E-43      0.51136122E-34     -0.21942371E-45
  362.000000000000         0.10856075E-30     -0.26956450E-43      0.36477570E-34      0.70603335E-46
  363.000000000000         0.10856955E-30     -0.27073303E-43      0.17585253E-34     -0.23370696E-45
  364.000000000000         0.10857398E-30     -0.27195032E-43      0.88784560E-35     -0.24345721E-45
  365.000000000000         0.10858290E-30     -0.27303012E-43      0.17828427E-34     -0.21595981E-45
  366.000000000000         0.10860302E-30     -0.27437252E-43      0.40232293E-34     -0.26847963E-45
  367.000000000000         0.10863233E-30     -0.27504285E-43      0.58626181E-34     -0.13406630E-45
  368.000000000000         0.10866090E-30     -0.27694906E-43      0.57150341E-34     -0.38124358E-45
  369.000000000000         0.10867923E-30     -0.27744620E-43      0.36645266E-34     -0.99427265E-46
  370.000000000000         0.10868720E-30     -0.27773721E-43      0.15949639E-34     -0.58202542E-46
  371.000000000000         0.10869379E-30     -0.27908194E-43      0.13174443E-34     -0.26894469E-45
  372.000000000000         0.10870785E-30     -0.28026330E-43      0.28126268E-34     -0.23627282E-45
  373.000000000000         0.10873031E-30     -0.28184656E-43      0.44913171E-34     -0.31665087E-45
  374.000000000000         0.10875469E-30     -0.28334010E-43      0.48771893E-34     -0.29870860E-45
  375.000000000000         0.10877376E-30     -0.28394201E-43      0.38128014E-34     -0.12038174E-45
  376.000000000000         0.10878329E-30     -0.28406709E-43      0.19062306E-34     -0.25017495E-46
  377.000000000000         0.10878892E-30     -0.28524760E-43      0.11256782E-34     -0.23610176E-45
  378.000000000000         0.10880102E-30     -0.28576484E-43      0.24210534E-34     -0.10344710E-45
  379.000000000000         0.10882554E-30     -0.28559186E-43      0.49044072E-34      0.34595849E-46
  380.000000000000         0.10885838E-30     -0.28655384E-43      0.65677526E-34     -0.19239671E-45
  381.000000000000         0.10888919E-30     -0.28674564E-43      0.61608554E-34     -0.38359937E-46
  382.000000000000         0.10891060E-30     -0.28707001E-43      0.42832108E-34     -0.64873763E-46
  383.000000000000         0.10892540E-30     -0.28759152E-43      0.29598746E-34     -0.10430239E-45
  384.000000000000         0.10894133E-30     -0.28895464E-43      0.31851091E-34     -0.27262242E-45
  385.000000000000         0.10896250E-30     -0.28966859E-43      0.42332848E-34     -0.14279020E-45
  386.000000000000         0.10898759E-30     -0.29051992E-43      0.50188987E-34     -0.17026622E-45
  387.000000000000         0.10901227E-30     -0.29120254E-43      0.49356144E-34     -0.13652524E-45
  388.000000000000         0.10903308E-30     -0.29163810E-43      0.41617279E-34     -0.87111165E-46
  389.000000000000         0.10905046E-30     -0.29277713E-43      0.34766295E-34     -0.22780550E-45
  390.000000000000         0.10906941E-30     -0.29322166E-43      0.37905516E-34     -0.88907263E-46
  391.000000000000         0.10909535E-30     -0.29422000E-43      0.51885302E-34     -0.19966663E-45
  392.000000000000         0.10912657E-30     -0.29462113E-43      0.62436897E-34     -0.80226123E-46
  393.000000000000         0.10915362E-30     -0.29541318E-43      0.54096847E-34     -0.15840984E-45
  394.000000000000         0.10916722E-30     -0.29617796E-43      0.27189772E-34     -0.15295740E-45
  395.000000000000         0.10916703E-30     -0.29673967E-43     -0.36489976E-36     -0.11234206E-45
  396.000000000000         0.10916491E-30     -0.29839914E-43     -0.42571722E-35     -0.33189365E-45
  397.000000000000         0.10917437E-30     -0.29793152E-43      0.18920342E-34      0.93524965E-46
  398.000000000000         0.10920035E-30     -0.29744850E-43      0.51971044E-34      0.96603990E-46
  399.000000000000         0.10923703E-30     -0.29883363E-43      0.73352386E-34     -0.27702713E-45
  400.000000000000         0.10927236E-30     -0.30089031E-43      0.70667671E-34     -0.41133623E-45
  401.000000000000         0.10929575E-30     -0.30193783E-43      0.46785944E-34     -0.20950241E-45
  402.000000000000         0.10930716E-30     -0.30171225E-43      0.22819163E-34      0.45115851E-46
  403.000000000000         0.10931679E-30     -0.30223718E-43      0.19244490E-34     -0.10498662E-45
  404.000000000000         0.10933634E-30     -0.30436449E-43      0.39114591E-34     -0.42546180E-45
  405.000000000000         0.10936798E-30     -0.30445323E-43      0.63274449E-34     -0.17747575E-46
  406.000000000000         0.10940197E-30     -0.30533257E-43      0.67969205E-34     -0.17586834E-45
  407.000000000000         0.10942667E-30     -0.30565791E-43      0.49415407E-34     -0.65068874E-46
  408.000000000000         0.10944037E-30     -0.30646359E-43      0.27392741E-34     -0.16113606E-45
  409.000000000000         0.10945381E-30     -0.30700093E-43      0.26886621E-34     -0.10746694E-45
  410.000000000000         0.10947920E-30     -0.30814038E-43      0.50782836E-34     -0.22789103E-45
  411.000000000000         0.10951919E-30     -0.30998502E-43      0.79964046E-34     -0.36892748E-45
  412.000000000000         0.10956498E-30     -0.31068358E-43      0.91597530E-34     -0.13971117E-45
  413.000000000000         0.10960227E-30     -0.31160857E-43      0.74573445E-34     -0.18499850E-45
  414.000000000000         0.10961937E-30     -0.31106734E-43      0.34192695E-34      0.10824655E-45
  415.000000000000         0.10961629E-30     -0.31204375E-43     -0.61615593E-35     -0.19528330E-45
  416.000000000000         0.10960714E-30     -0.31269741E-43     -0.18299015E-34     -0.13073069E-45
  417.000000000000         0.10961086E-30     -0.31370558E-43      0.74394909E-35     -0.20163379E-45
  418.000000000000         0.10963696E-30     -0.31443321E-43      0.52202121E-34     -0.14552711E-45
  419.000000000000         0.10967837E-30     -0.31605633E-43      0.82814699E-34     -0.32462373E-45
  420.000000000000         0.10971678E-30     -0.31652481E-43      0.76826247E-34     -0.93696857E-46
  421.000000000000         0.10973654E-30     -0.31756420E-43      0.39517949E-34     -0.20787737E-45
  422.000000000000         0.10973700E-30     -0.31846888E-43      0.92129477E-36     -0.18093590E-45
  423.000000000000         0.10973216E-30     -0.31899381E-43     -0.96834623E-35     -0.10498662E-45
  424.000000000000         0.10973711E-30     -0.31840859E-43      0.99127233E-35      0.11704529E-45
  425.000000000000         0.10975580E-30     -0.31928632E-43      0.37373615E-34     -0.17554760E-45
  426.000000000000         0.10978055E-30     -0.32033769E-43      0.49496031E-34     -0.21027216E-45
  427.000000000000         0.10979885E-30     -0.32057866E-43      0.36600685E-34     -0.48195711E-46
  428.000000000000         0.10980283E-30     -0.32011553E-43      0.79715950E-35      0.92626916E-46
  429.000000000000         0.10979728E-30     -0.32133495E-43     -0.11099303E-34     -0.24388485E-45
  430.000000000000         0.10979564E-30     -0.32324032E-43     -0.32900736E-35     -0.38107252E-45
  431.000000000000         0.10980707E-30     -0.32449994E-43      0.22870317E-34     -0.25192453E-45
  432.000000000000         0.10982953E-30     -0.32573005E-43      0.44919752E-34     -0.24602306E-45
  433.000000000000         0.10985175E-30     -0.32644101E-43      0.44441185E-34     -0.14219150E-45
  434.000000000000         0.10986187E-30     -0.32671150E-43      0.20225583E-34     -0.54097175E-46
  435.000000000000         0.10985676E-30     -0.32828993E-43     -0.10219029E-34     -0.31568600E-45
  436.000000000000         0.10984446E-30     -0.32897095E-43     -0.24590171E-34     -0.13620451E-45
  437.000000000000         0.10983671E-30     -0.32894080E-43     -0.15504879E-34      0.60293396E-47
  438.000000000000         0.10984117E-30     -0.32910694E-43      0.89119776E-35     -0.33228228E-46
  439.000000000000         0.10985710E-30     -0.32888179E-43      0.31869839E-34      0.45030322E-46
  440.000000000000         0.10987583E-30     -0.32941485E-43      0.37452585E-34     -0.10661166E-45
  441.000000000000         0.10988675E-30     -0.32985169E-43      0.21838267E-34     -0.87367750E-46
  442.000000000000         0.10988580E-30     -0.33057590E-43     -0.18850792E-35     -0.14484288E-45
  443.000000000000         0.10987889E-30     -0.33133754E-43     -0.13838088E-34     -0.15232662E-45
  444.000000000000         0.10987631E-30     -0.33278917E-43     -0.51458793E-35     -0.29032681E-45
  445.000000000000         0.10988354E-30     -0.33372592E-43      0.14464708E-34     -0.18735053E-45
  446.000000000000         0.10989596E-30     -0.33432826E-43      0.24821161E-34     -0.12046727E-45
  447.000000000000         0.10990461E-30     -0.33592187E-43      0.17313261E-34     -0.31872226E-45
  448.000000000000         0.10990524E-30     -0.33631723E-43      0.12541516E-35     -0.79071489E-46
  449.000000000000         0.10990102E-30     -0.33576921E-43     -0.84369645E-35      0.10960432E-45
  450.000000000000         0.10989976E-30     -0.33620519E-43     -0.25137604E-35     -0.87196694E-46
  451.000000000000         0.10990766E-30     -0.33601404E-43      0.15787105E-34      0.38230809E-46
  452.000000000000         0.10992375E-30     -0.33670575E-43      0.32194161E-34     -0.13834272E-45
  453.000000000000         0.10993959E-30     -0.33733460E-43      0.31674308E-34     -0.12577003E-45
  454.000000000000         0.10994613E-30     -0.33830214E-43      0.13071759E-34     -0.19350858E-45
  455.000000000000         0.10994165E-30     -0.33940910E-43     -0.89494451E-35     -0.22139086E-45
  456.000000000000         0.10993436E-30     -0.34134995E-43     -0.14590992E-34     -0.38817138E-45
  457.000000000000         0.10993560E-30     -0.34253752E-43      0.24916198E-35     -0.23751298E-45
  458.000000000000         0.10994936E-30     -0.34392169E-43      0.27518406E-34     -0.27683470E-45
  459.000000000000         0.10996795E-30     -0.34398349E-43      0.37166081E-34     -0.12359282E-46
  460.000000000000         0.10997864E-30     -0.34399055E-43      0.21391196E-34     -0.14116374E-47
  461.000000000000         0.10997483E-30     -0.34508382E-43     -0.76154163E-35     -0.21865395E-45
  462.000000000000         0.10996079E-30     -0.34666888E-43     -0.28094929E-34     -0.31701169E-45
  463.000000000000         0.10994814E-30     -0.34783313E-43     -0.25288360E-34     -0.23285168E-45
  464.000000000000         0.10994846E-30     -0.34833818E-43      0.64431414E-36     -0.10100954E-45
  465.000000000000         0.10996387E-30     -0.34918331E-43      0.30803012E-34     -0.16902606E-45
  466.000000000000         0.10998350E-30     -0.34975571E-43      0.39264345E-34     -0.11448028E-45
  467.000000000000         0.10999250E-30     -0.35116202E-43      0.18001913E-34     -0.28126079E-45
  468.000000000000         0.10998496E-30     -0.35146073E-43     -0.15072499E-34     -0.59742054E-46
  469.000000000000         0.10996856E-30     -0.35047309E-43     -0.32812331E-34      0.19752759E-45
  470.000000000000         0.10995852E-30     -0.35138803E-43     -0.20063624E-34     -0.18298858E-45
  471.000000000000         0.10996347E-30     -0.35247339E-43      0.98878124E-35     -0.21707168E-45
  472.000000000000         0.10997763E-30     -0.35308455E-43      0.28333720E-34     -0.12223129E-45
  473.000000000000         0.10998755E-30     -0.35369843E-43      0.19823880E-34     -0.12277654E-45
  474.000000000000         0.10998364E-30     -0.35498842E-43     -0.78233266E-35     -0.25799705E-45
  475.000000000000         0.10996708E-30     -0.35561983E-43     -0.33116600E-34     -0.12628320E-45
  476.000000000000         0.10994826E-30     -0.35630171E-43     -0.37628488E-34     -0.13637556E-45
  477.000000000000         0.10993989E-30     -0.35710974E-43     -0.16752511E-34     -0.16160646E-45
  478.000000000000         0.10994659E-30     -0.35770647E-43      0.13413487E-34     -0.11934471E-45
  479.000000000000         0.10995904E-30     -0.35835680E-43      0.24895241E-34     -0.13006784E-45
  480.000000000000         0.10996275E-30     -0.35875729E-43      0.74157712E-35     -0.80097830E-46
  481.000000000000         0.10995088E-30     -0.35970260E-43     -0.23744537E-34     -0.18906110E-45
  482.000000000000         0.10992919E-30     -0.36090706E-43     -0.43374741E-34     -0.24089136E-45
  483.000000000000         0.10991095E-30     -0.36116813E-43     -0.36486225E-34     -0.52215549E-46
  484.000000000000         0.10990636E-30     -0.36168751E-43     -0.91739934E-35     -0.10387475E-45
  485.000000000000         0.10991520E-30     -0.36272422E-43      0.17691392E-34     -0.20734281E-45
  486.000000000000         0.10993016E-30     -0.36366664E-43      0.29901764E-34     -0.18848378E-45
  487.000000000000         0.10994195E-30     -0.36446313E-43      0.23592129E-34     -0.15929719E-45
  488.000000000000         0.10994493E-30     -0.36567614E-43      0.59524789E-35     -0.24260192E-45
  489.000000000000         0.10994145E-30     -0.36621775E-43     -0.69625369E-35     -0.10832223E-45
  490.000000000000         0.10993901E-30     -0.36765313E-43     -0.48771625E-35     -0.28707673E-45
  491.000000000000         0.10994367E-30     -0.36861169E-43      0.93313952E-35     -0.19171248E-45
  492.000000000000         0.10995459E-30     -0.36889699E-43      0.21824283E-34     -0.57058599E-46
  493.000000000000         0.10996637E-30     -0.36989185E-43      0.23574834E-34     -0.19897171E-45
  494.000000000000         0.10997597E-30     -0.37114805E-43      0.19188967E-34     -0.25124030E-45
  495.000000000000         0.10998495E-30     -0.37212927E-43      0.17955398E-34     -0.19624549E-45
  496.000000000000         0.10999699E-30     -0.37335939E-43      0.24088569E-34     -0.24602306E-45
  497.000000000000         0.11001258E-30     -0.37475800E-43      0.31188269E-34     -0.27972128E-45
  498.000000000000         0.11002851E-30     -0.37525278E-43      0.31850320E-34     -0.98956858E-46
  499.000000000000         0.11004146E-30     -0.37626364E-43      0.25895114E-34     -0.20217101E-45
  500.000000000000         0.11005037E-30     -0.37779385E-43      0.17832733E-34     -0.30604267E-45
