 #            500
    0.000000000000         0.00000000E+00      0.00000000E+00      0.00000000E+00      0.00000000E+00
    1.000000000000         0.10391143E-38      0.17863016E-41      0.20782286E-38      0.35726033E-41
    2.000000000000         0.22186922E-36     -0.45645601E-41      0.44166022E-36     -0.12701723E-40
    3.000000000000         0.43552001E-34     -0.44359064E-41      0.86660263E-34      0.25730727E-42
    4.000000000000         0.21847468E-32     -0.65203044E-41      0.42823895E-32     -0.41687959E-41
    5.000000000000         0.30413288E-31     -0.57592695E-41      0.56457083E-31      0.15220698E-41
    6.000000000000         0.25896253E-30     -0.27737759E-41      0.45709847E-30      0.59709872E-41
    7.000000000000         0.15090454E-29     -0.64516864E-41      0.25001658E-29     -0.73558210E-41
    8.000000000000         0.61624412E-29     -0.11840582E-40      0.93067915E-29     -0.10777792E-40
    9.000000000000         0.19324228E-28     -0.91362790E-41      0.26323573E-28      0.54086067E-41
   10.000000000000         0.49539135E-28     -0.97390401E-41      0.60429816E-28     -0.12055221E-41
   11.000000000000         0.10799877E-27     -0.10997609E-40      0.11691927E-27     -0.25171374E-41
   12.000000000000         0.20607914E-27     -0.10002890E-40      0.19616073E-27      0.19894384E-41
   13.000000000000         0.35016099E-27     -0.91651158E-41      0.28816370E-27      0.16755476E-41
   14.000000000000         0.52415737E-27     -0.41122362E-41      0.34799277E-27      0.10105759E-40
   15.000000000000         0.70166725E-27     -0.96083315E-41      0.35501975E-27     -0.10992191E-40
   16.000000000000         0.86610604E-27     -0.12481196E-40      0.32887759E-27     -0.57457291E-41
   17.000000000000         0.10104428E-26     -0.17528876E-40      0.28867354E-27     -0.10095360E-40
   18.000000000000         0.11319307E-26     -0.11893056E-40      0.24297577E-27      0.11271639E-40
   19.000000000000         0.12286748E-26     -0.34770603E-41      0.19348826E-27      0.16831992E-40
   20.000000000000         0.13002096E-26     -0.11164786E-40      0.14306945E-27     -0.15375452E-40
   21.000000000000         0.13495572E-26     -0.90994751E-41      0.98695339E-28      0.41306225E-41
   22.000000000000         0.13835963E-26     -0.10262756E-40      0.68078251E-28     -0.23265609E-41
   23.000000000000         0.14102375E-26     -0.16106373E-40      0.53282218E-28     -0.11687235E-40
   24.000000000000         0.14348687E-26     -0.10397686E-40      0.49262502E-28      0.11417374E-40
   25.000000000000         0.14600008E-26     -0.11017262E-40      0.50264128E-28     -0.12391532E-41
   26.000000000000         0.14868682E-26     -0.13430501E-40      0.53734801E-28     -0.48264773E-41
   27.000000000000         0.15163780E-26     -0.10908693E-41      0.59019691E-28      0.24679263E-40
   28.000000000000         0.15492798E-26      0.67176148E-42      0.65803500E-28      0.35252615E-41
   29.000000000000         0.15852564E-26      0.22942624E-41      0.71953281E-28      0.32450018E-41
   30.000000000000         0.16217969E-26      0.20109974E-41      0.73080893E-28     -0.56652998E-42
   31.000000000000         0.16547231E-26      0.85604637E-41      0.65852475E-28      0.13098933E-40
   32.000000000000         0.16804462E-26      0.82659883E-41      0.51446308E-28     -0.58895076E-42
   33.000000000000         0.16976226E-26      0.42370526E-41      0.34352790E-28     -0.80578716E-41
   34.000000000000         0.17079923E-26      0.84883894E-41      0.20739305E-28      0.85026737E-41
   35.000000000000         0.17153622E-26      0.12903678E-40      0.14739725E-28      0.88305775E-41
   36.000000000000         0.17229873E-26      0.15851807E-40      0.15250243E-28      0.58962585E-41
   37.000000000000         0.17320416E-26      0.18427191E-40      0.18108611E-28      0.51507677E-41
   38.000000000000         0.17420660E-26      0.31279698E-40      0.20048836E-28      0.25705014E-40
   39.000000000000         0.17523565E-26      0.25724748E-40      0.20580907E-28     -0.11109900E-40
   40.000000000000         0.17630338E-26      0.23602980E-40      0.21354659E-28     -0.42435372E-41
   41.000000000000         0.17744374E-26      0.17139988E-40      0.22807141E-28     -0.12925982E-40
   42.000000000000         0.17859762E-26      0.18182352E-40      0.23077621E-28      0.20847267E-41
   43.000000000000         0.17963451E-26      0.18717445E-40      0.20737805E-28      0.10701866E-41
   44.000000000000         0.18046565E-26      0.20140962E-40      0.16622890E-28      0.28470331E-41
   45.000000000000         0.18111431E-26      0.23943883E-40      0.12973111E-28      0.76058427E-41
   46.000000000000         0.18167393E-26      0.20866429E-40      0.11192483E-28     -0.61549083E-41
   47.000000000000         0.18220183E-26      0.21587895E-40      0.10557954E-28      0.14429320E-41
   48.000000000000         0.18267045E-26      0.26190958E-40      0.93725214E-29      0.92061255E-41
   49.000000000000         0.18304395E-26      0.25683485E-40      0.74699145E-29     -0.10149455E-41
   50.000000000000         0.18335712E-26      0.22639662E-40      0.62633008E-29     -0.60876459E-41
   51.000000000000         0.18370518E-26      0.25917096E-40      0.69612281E-29      0.65548688E-41
   52.000000000000         0.18417688E-26      0.30546784E-40      0.94339915E-29      0.92593748E-41
   53.000000000000         0.18479773E-26      0.34719648E-40      0.12417088E-28      0.83457282E-41
   54.000000000000         0.18549582E-26      0.34691419E-40      0.13961866E-28     -0.56457344E-43
   55.000000000000         0.18614350E-26      0.34566501E-40      0.12953526E-28     -0.24983653E-42
   56.000000000000         0.18664812E-26      0.37788584E-40      0.10092490E-28      0.64441662E-41
   57.000000000000         0.18700739E-26      0.35884717E-40      0.71853581E-29     -0.38077333E-41
   58.000000000000         0.18729299E-26      0.39235019E-40      0.57120047E-29      0.67006039E-41
   59.000000000000         0.18756958E-26      0.37378096E-40      0.55317799E-29     -0.37138463E-41
   60.000000000000         0.18784470E-26      0.32752207E-40      0.55024095E-29     -0.92517779E-41
   61.000000000000         0.18809961E-26      0.33119145E-40      0.50981332E-29      0.73387499E-42
   62.000000000000         0.18832174E-26      0.33701882E-40      0.44425476E-29      0.11654749E-41
   63.000000000000         0.18850407E-26      0.33991748E-40      0.36466828E-29      0.57973216E-42
   64.000000000000         0.18864229E-26      0.34578690E-40      0.27643241E-29      0.11738827E-41
   65.000000000000         0.18873471E-26      0.29115525E-40      0.18484776E-29     -0.10926330E-40
   66.000000000000         0.18878747E-26      0.31959257E-40      0.10551071E-29      0.56874651E-41
   67.000000000000         0.18882457E-26      0.32792827E-40      0.74213556E-30      0.16671398E-41
   68.000000000000         0.18887902E-26      0.31253999E-40      0.10889247E-29     -0.30776568E-41
   69.000000000000         0.18897474E-26      0.35447882E-40      0.19143665E-29      0.83877672E-41
   70.000000000000         0.18911817E-26      0.34371483E-40      0.28687377E-29     -0.21527998E-41
   71.000000000000         0.18929036E-26      0.31574989E-40      0.34436339E-29     -0.55929876E-41
   72.000000000000         0.18946034E-26      0.30260368E-40      0.33997631E-29     -0.26292413E-41
   73.000000000000         0.18960515E-26      0.28348094E-40      0.28961324E-29     -0.38245489E-41
   74.000000000000         0.18971402E-26      0.19474869E-40      0.21773688E-29     -0.17746449E-40
   75.000000000000         0.18980234E-26      0.21814134E-40      0.17664978E-29      0.46785302E-41
   76.000000000000         0.18991209E-26      0.19040762E-40      0.21949373E-29     -0.55467447E-41
   77.000000000000         0.19006193E-26      0.17605629E-40      0.29967295E-29     -0.28702647E-41
   78.000000000000         0.19022256E-26      0.22901634E-40      0.32126880E-29      0.10592010E-40
   79.000000000000         0.19034574E-26      0.26137730E-40      0.24635259E-29      0.64721922E-41
   80.000000000000         0.19040390E-26      0.21302698E-40      0.11632664E-29     -0.96700655E-41
   81.000000000000         0.19041135E-26      0.21139244E-40      0.14887550E-30     -0.32690795E-42
   82.000000000000         0.19041287E-26      0.18942155E-40      0.30401826E-31     -0.43941767E-41
   83.000000000000         0.19045872E-26      0.23248143E-40      0.91707965E-30      0.86119750E-41
   84.000000000000         0.19058702E-26      0.18078550E-40      0.25660519E-29     -0.10339185E-40
   85.000000000000         0.19080203E-26      0.22820341E-40      0.43002547E-29      0.94835826E-41
   86.000000000000         0.19106638E-26      0.21980060E-40      0.52868599E-29     -0.16805623E-41
   87.000000000000         0.19133206E-26      0.22189352E-40      0.53135605E-29      0.41858284E-42
   88.000000000000         0.19157070E-26      0.25559972E-40      0.47728306E-29      0.67412415E-41
   89.000000000000         0.19177266E-26      0.24486375E-40      0.40392123E-29     -0.21471947E-41
   90.000000000000         0.19193624E-26      0.26515953E-40      0.32717234E-29      0.40591562E-41
   91.000000000000         0.19206507E-26      0.27961365E-40      0.25765996E-29      0.28908237E-41
   92.000000000000         0.19217099E-26      0.30556192E-40      0.21183863E-29      0.51896538E-41
   93.000000000000         0.19226868E-26      0.30973401E-40      0.19536779E-29      0.83441816E-42
   94.000000000000         0.19236219E-26      0.34304785E-40      0.18702110E-29      0.66627688E-41
   95.000000000000         0.19244406E-26      0.37087561E-40      0.16374764E-29      0.55655521E-41
   96.000000000000         0.19250670E-26      0.47471331E-40      0.12528211E-29      0.20767538E-40
   97.000000000000         0.19254952E-26      0.48007475E-40      0.85643406E-30      0.10722886E-41
   98.000000000000         0.19258327E-26      0.43573914E-40      0.67498033E-30     -0.88671214E-41
   99.000000000000         0.19263190E-26      0.37036304E-40      0.97246624E-30     -0.13075221E-40
  100.000000000000         0.19271522E-26      0.42036284E-40      0.16665259E-29      0.99999611E-41
  101.000000000000         0.19283192E-26      0.41570150E-40      0.23340330E-29     -0.93226888E-42
  102.000000000000         0.19296275E-26      0.45728651E-40      0.26164431E-29      0.83170016E-41
  103.000000000000         0.19309142E-26      0.46498111E-40      0.25733762E-29      0.15389210E-41
  104.000000000000         0.19322460E-26      0.49434329E-40      0.26637146E-29      0.58724365E-41
  105.000000000000         0.19338729E-26      0.40317980E-40      0.32537129E-29     -0.18232700E-40
  106.000000000000         0.19359472E-26      0.34283085E-40      0.41485989E-29     -0.12069789E-40
  107.000000000000         0.19383380E-26      0.31822903E-40      0.47817170E-29     -0.49203643E-41
  108.000000000000         0.19407043E-26      0.29959324E-40      0.47325477E-29     -0.37271587E-41
  109.000000000000         0.19426438E-26      0.30305592E-40      0.38790220E-29      0.69253669E-42
  110.000000000000         0.19439611E-26      0.30756257E-40      0.26345606E-29      0.90133016E-42
  111.000000000000         0.19448057E-26      0.30479648E-40      0.16892448E-29     -0.55321765E-42
  112.000000000000         0.19454937E-26      0.32539004E-40      0.13760198E-29      0.41187114E-41
  113.000000000000         0.19461856E-26      0.32554215E-40      0.13837406E-29      0.30423161E-43
  114.000000000000         0.19468384E-26      0.40039399E-40      0.13055455E-29      0.14970367E-40
  115.000000000000         0.19473907E-26      0.40783286E-40      0.11046713E-29      0.14877736E-41
  116.000000000000         0.19478674E-26      0.42930923E-40      0.95334510E-30      0.42952750E-41
  117.000000000000         0.19483040E-26      0.44227097E-40      0.87327326E-30      0.25923471E-41
  118.000000000000         0.19486445E-26      0.42197113E-40      0.68095632E-30     -0.40599671E-41
  119.000000000000         0.19487669E-26      0.45211103E-40      0.24483734E-30      0.60279806E-41
  120.000000000000         0.19486162E-26      0.48815040E-40     -0.30139750E-30      0.72078739E-41
  121.000000000000         0.19482650E-26      0.52224547E-40     -0.70248297E-30      0.68190136E-41
  122.000000000000         0.19479552E-26      0.55298443E-40     -0.61960415E-30      0.61477916E-41
  123.000000000000         0.19479491E-26      0.60075267E-40     -0.12111318E-31      0.95536475E-41
  124.000000000000         0.19483133E-26      0.59604578E-40      0.72831544E-30     -0.94137732E-42
  125.000000000000         0.19489452E-26      0.66196784E-40      0.12639060E-29      0.13184412E-40
  126.000000000000         0.19498076E-26      0.69388739E-40      0.17248068E-29      0.63839104E-41
  127.000000000000         0.19509714E-26      0.70232819E-40      0.23274567E-29      0.16881592E-41
  128.000000000000         0.19524803E-26      0.69561394E-40      0.30178943E-29     -0.13428493E-41
  129.000000000000         0.19541677E-26      0.74540005E-40      0.33747995E-29      0.99572215E-41
  130.000000000000         0.19556308E-26      0.71624401E-40      0.29261436E-29     -0.58312083E-41
  131.000000000000         0.19565554E-26      0.74924256E-40      0.18492111E-29      0.65997104E-41
  132.000000000000         0.19569142E-26      0.73123735E-40      0.71754889E-30     -0.36010418E-41
  133.000000000000         0.19569112E-26      0.68379787E-40     -0.59578881E-32     -0.94878967E-41
  134.000000000000         0.19568258E-26      0.63778421E-40     -0.17068024E-30     -0.92027324E-41
  135.000000000000         0.19568226E-26      0.66627758E-40     -0.65354019E-32      0.56986754E-41
  136.000000000000         0.19568952E-26      0.79806067E-40      0.14529345E-30      0.26356617E-40
  137.000000000000         0.19570787E-26      0.78960181E-40      0.36702346E-30     -0.16917727E-41
  138.000000000000         0.19574854E-26      0.76694078E-40      0.81334837E-30     -0.45322046E-41
  139.000000000000         0.19581785E-26      0.78167341E-40      0.13862556E-29      0.29465253E-41
  140.000000000000         0.19590599E-26      0.79146646E-40      0.17627327E-29      0.19586098E-41
  141.000000000000         0.19598563E-26      0.84111944E-40      0.15928965E-29      0.99305968E-41
  142.000000000000         0.19603282E-26      0.88591693E-40      0.94364933E-30      0.89594970E-41
  143.000000000000         0.19604394E-26      0.85960552E-40      0.22241211E-30     -0.52622811E-41
  144.000000000000         0.19603067E-26      0.87973315E-40     -0.26527391E-30      0.40255251E-41
  145.000000000000         0.19601237E-26      0.86679714E-40     -0.36613688E-30     -0.25872024E-41
  146.000000000000         0.19600207E-26      0.89390323E-40     -0.20588690E-30      0.54212184E-41
  147.000000000000         0.19599997E-26      0.84602584E-40     -0.42127292E-31     -0.95754778E-41
  148.000000000000         0.19600437E-26      0.81001745E-40      0.88177739E-31     -0.72016782E-41
  149.000000000000         0.19601888E-26      0.79652092E-40      0.29003593E-30     -0.26993062E-41
  150.000000000000         0.19604552E-26      0.85892572E-40      0.53295057E-30      0.12480960E-40
  151.000000000000         0.19608081E-26      0.86157214E-40      0.70580503E-30      0.52928541E-42
  152.000000000000         0.19611538E-26      0.87315885E-40      0.69129601E-30      0.23173423E-41
  153.000000000000         0.19614406E-26      0.91471233E-40      0.57360328E-30      0.83106958E-41
  154.000000000000         0.19617427E-26      0.90052917E-40      0.60415947E-30     -0.28366335E-41
  155.000000000000         0.19621007E-26      0.92720085E-40      0.71604547E-30      0.53343378E-41
  156.000000000000         0.19624268E-26      0.87165136E-40      0.65225341E-30     -0.11109900E-40
  157.000000000000         0.19626491E-26      0.92072981E-40      0.44452506E-30      0.98156903E-41
  158.000000000000         0.19627797E-26      0.94972765E-40      0.26119946E-30      0.57995689E-41
  159.000000000000         0.19628700E-26      0.98055419E-40      0.18057011E-30      0.61653078E-41
  160.000000000000         0.19629744E-26      0.96522196E-40      0.20887926E-30     -0.30664464E-41
  161.000000000000         0.19631398E-26      0.95486434E-40      0.33082289E-30     -0.20715245E-41
  162.000000000000         0.19634136E-26      0.94815710E-40      0.54765010E-30     -0.13414480E-41
  163.000000000000         0.19638038E-26      0.91102066E-40      0.78040297E-30     -0.74272873E-41
  164.000000000000         0.19642504E-26      0.87375110E-40      0.89319536E-30     -0.74539119E-41
  165.000000000000         0.19646925E-26      0.83496113E-40      0.88419117E-30     -0.77579937E-41
  166.000000000000         0.19651193E-26      0.83679831E-40      0.85343242E-30      0.36743544E-42
  167.000000000000         0.19655609E-26      0.80181987E-40      0.88320551E-30     -0.69956873E-41
  168.000000000000         0.19660651E-26      0.81362729E-40      0.10084030E-29      0.23614832E-41
  169.000000000000         0.19666778E-26      0.79569214E-40      0.12254818E-29     -0.35870288E-41
  170.000000000000         0.19674194E-26      0.77972933E-40      0.14832869E-29     -0.31925633E-41
  171.000000000000         0.19682480E-26      0.73612590E-40      0.16571953E-29     -0.87206857E-41
  172.000000000000         0.19690557E-26      0.73263464E-40      0.16153410E-29     -0.69825204E-42
  173.000000000000         0.19697330E-26      0.83803828E-40      0.13544962E-29      0.21080729E-40
  174.000000000000         0.19702594E-26      0.85675410E-40      0.10527777E-29      0.37431634E-41
  175.000000000000         0.19706858E-26      0.84961596E-40      0.85296619E-30     -0.14276279E-41
  176.000000000000         0.19710514E-26      0.78449559E-40      0.73107787E-30     -0.13024073E-40
  177.000000000000         0.19713564E-26      0.81826136E-40      0.61006459E-30      0.67531525E-41
  178.000000000000         0.19716431E-26      0.81326370E-40      0.57342328E-30     -0.99953121E-42
  179.000000000000         0.19720514E-26      0.78225094E-40      0.81666068E-30     -0.62025524E-41
  180.000000000000         0.19727446E-26      0.82995612E-40      0.13862249E-29      0.95410358E-41
  181.000000000000         0.19737803E-26      0.83359747E-40      0.20715025E-29      0.72826980E-42
  182.000000000000         0.19750644E-26      0.79879419E-40      0.25682152E-29     -0.69606549E-41
  183.000000000000         0.19764298E-26      0.82650985E-40      0.27308637E-29      0.55431313E-41
  184.000000000000         0.19777532E-26      0.89816322E-40      0.26467900E-29      0.14330674E-40
  185.000000000000         0.19789862E-26      0.96746416E-40      0.24659555E-29      0.13860188E-40
  186.000000000000         0.19801490E-26      0.98692617E-40      0.23254863E-29      0.38924017E-41
  187.000000000000         0.19813090E-26      0.94092302E-40      0.23201268E-29     -0.92006305E-41
  188.000000000000         0.19825171E-26      0.99020290E-40      0.24161183E-29      0.98559777E-41
  189.000000000000         0.19837722E-26      0.10057413E-39      0.25102464E-29      0.31076746E-41
  190.000000000000         0.19850547E-26      0.10116492E-39      0.25650257E-29      0.11815898E-41
  191.000000000000         0.19863532E-26      0.10258143E-39      0.25969803E-29      0.28330201E-41
  192.000000000000         0.19876859E-26      0.10472452E-39      0.26654184E-29      0.42861666E-41
  193.000000000000         0.19890664E-26      0.10014207E-39      0.27608718E-29     -0.91648974E-41
  194.000000000000         0.19904471E-26      0.10194043E-39      0.27614267E-29      0.35967278E-41
  195.000000000000         0.19917263E-26      0.10233469E-39      0.25585324E-29      0.78852563E-42
  196.000000000000         0.19928121E-26      0.10357814E-39      0.21715791E-29      0.24868994E-41
  197.000000000000         0.19936685E-26      0.11477186E-39      0.17128426E-29      0.22387440E-40
  198.000000000000         0.19943343E-26      0.12090952E-39      0.13315628E-29      0.12275319E-40
  199.000000000000         0.19948682E-26      0.12194786E-39      0.10678080E-29      0.20766692E-41
  200.000000000000         0.19953028E-26      0.12554715E-39      0.86913710E-30      0.71985903E-41
  201.000000000000         0.19956589E-26      0.12936925E-39      0.71227618E-30      0.76442032E-41
  202.000000000000         0.19959961E-26      0.13505543E-39      0.67432919E-30      0.11372358E-40
  203.000000000000         0.19963872E-26      0.13286815E-39      0.78219700E-30     -0.43745586E-41
  204.000000000000         0.19968799E-26      0.13698006E-39      0.98544753E-30      0.82238153E-41
  205.000000000000         0.19974615E-26      0.13628552E-39      0.11630611E-29     -0.13890922E-41
  206.000000000000         0.19981006E-26      0.14359729E-39      0.12782749E-29      0.14623545E-40
  207.000000000000         0.19987719E-26      0.14751336E-39      0.13426947E-29      0.78321524E-41
  208.000000000000         0.19994471E-26      0.14494703E-39      0.13502680E-29     -0.51326610E-41
  209.000000000000         0.20001125E-26      0.13884102E-39      0.13309422E-29     -0.12212021E-40
  210.000000000000         0.20007743E-26      0.14043059E-39      0.13234405E-29      0.31791408E-41
  211.000000000000         0.20013760E-26      0.14374884E-39      0.12035284E-29      0.66364944E-41
  212.000000000000         0.20018037E-26      0.14892521E-39      0.85539345E-30      0.10352738E-40
  213.000000000000         0.20020154E-26      0.15104517E-39      0.42336105E-30      0.42399237E-41
  214.000000000000         0.20020846E-26      0.15143348E-39      0.13844428E-30      0.77661459E-42
  215.000000000000         0.20021448E-26      0.14706158E-39      0.12040161E-30     -0.87438072E-41
  216.000000000000         0.20022728E-26      0.15153327E-39      0.25589069E-30      0.89433820E-41
  217.000000000000         0.20024675E-26      0.14890108E-39      0.38945705E-30     -0.52643831E-41
  218.000000000000         0.20027436E-26      0.15253129E-39      0.55221511E-30      0.72604226E-41
  219.000000000000         0.20031441E-26      0.14964651E-39      0.80088481E-30     -0.57695512E-41
  220.000000000000         0.20036711E-26      0.14596475E-39      0.10540491E-29     -0.73635282E-41
  221.000000000000         0.20042816E-26      0.14744186E-39      0.12210841E-29      0.29542324E-41
  222.000000000000         0.20048763E-26      0.14380214E-39      0.11894397E-29     -0.72794503E-41
  223.000000000000         0.20053445E-26      0.14810707E-39      0.93629377E-30      0.86098730E-41
  224.000000000000         0.20056674E-26      0.15681384E-39      0.64584704E-30      0.17413531E-40
  225.000000000000         0.20059406E-26      0.15881469E-39      0.54644255E-30      0.40017030E-41
  226.000000000000         0.20062710E-26      0.15797861E-39      0.66078258E-30     -0.16721545E-41
  227.000000000000         0.20066848E-26      0.16227795E-39      0.82763316E-30      0.85986626E-41
  228.000000000000         0.20071563E-26      0.16360232E-39      0.94294833E-30      0.26487493E-41
  229.000000000000         0.20077020E-26      0.16400499E-39      0.10914110E-29      0.80534121E-42
  230.000000000000         0.20083632E-26      0.16357179E-39      0.13223678E-29     -0.86640786E-42
  231.000000000000         0.20091192E-26      0.16844180E-39      0.15119390E-29      0.97400202E-41
  232.000000000000         0.20098659E-26      0.17065775E-39      0.14934339E-29      0.44319016E-41
  233.000000000000         0.20104717E-26      0.17293676E-39      0.12116129E-29      0.45580185E-41
  234.000000000000         0.20108434E-26      0.17443805E-39      0.74345355E-30      0.30025772E-41
  235.000000000000         0.20110034E-26      0.17510311E-39      0.31985034E-30      0.13301275E-41
  236.000000000000         0.20111302E-26      0.18056657E-39      0.25376671E-30      0.10926920E-40
  237.000000000000         0.20114356E-26      0.17634145E-39      0.61063910E-30     -0.84502351E-41
  238.000000000000         0.20119678E-26      0.17389458E-39      0.10644970E-29     -0.48937396E-41
  239.000000000000         0.20126054E-26      0.17241040E-39      0.12752578E-29     -0.29683556E-41
  240.000000000000         0.20132248E-26      0.17142018E-39      0.12388289E-29     -0.19804401E-41
  241.000000000000         0.20137772E-26      0.17261739E-39      0.11047568E-29      0.23944137E-41
  242.000000000000         0.20142050E-26      0.17767658E-39      0.85564149E-30      0.10118371E-40
  243.000000000000         0.20144295E-26      0.18009011E-39      0.44898477E-30      0.48270678E-41
  244.000000000000         0.20144560E-26      0.17789127E-39      0.52947852E-31     -0.43976800E-41
  245.000000000000         0.20143952E-26      0.17812473E-39     -0.12165687E-30      0.46692763E-42
  246.000000000000         0.20143847E-26      0.17401067E-39     -0.20950676E-31     -0.82281293E-41
  247.000000000000         0.20145445E-26      0.17476366E-39      0.31960439E-30      0.15059904E-41
  248.000000000000         0.20149664E-26      0.17682477E-39      0.84384452E-30      0.41222147E-41
  249.000000000000         0.20156356E-26      0.18136478E-39      0.13383168E-29      0.90800086E-41
  250.000000000000         0.20164250E-26      0.18452800E-39      0.15788728E-29      0.63264572E-41
  251.000000000000         0.20172008E-26      0.19379249E-39      0.15516241E-29      0.18528964E-40
  252.000000000000         0.20178834E-26      0.19833775E-39      0.13651357E-29      0.90905184E-41
  253.000000000000         0.20184211E-26      0.20618832E-39      0.10753190E-29      0.15701144E-40
  254.000000000000         0.20187641E-26      0.21111999E-39      0.68601409E-30      0.98633345E-41
  255.000000000000         0.20188879E-26      0.21288156E-39      0.24769513E-30      0.35231596E-41
  256.000000000000         0.20188613E-26      0.21312694E-39     -0.53221402E-31      0.49074971E-42
  257.000000000000         0.20188057E-26      0.21402777E-39     -0.11126687E-30      0.18016644E-41
  258.000000000000         0.20187953E-26      0.21739559E-39     -0.20711886E-31      0.67356363E-41
  259.000000000000         0.20188633E-26      0.21765673E-39      0.13600182E-30      0.52227892E-42
  260.000000000000         0.20190328E-26      0.21680944E-39      0.33891019E-30     -0.16945752E-41
  261.000000000000         0.20192945E-26      0.22247609E-39      0.52343466E-30      0.11333297E-40
  262.000000000000         0.20196257E-26      0.22439777E-39      0.66246085E-30      0.38433563E-41
  263.000000000000         0.20200014E-26      0.22004303E-39      0.75139771E-30     -0.87094754E-41
  264.000000000000         0.20203914E-26      0.22900623E-39      0.78004042E-30      0.17926406E-40
  265.000000000000         0.20207561E-26      0.22761174E-39      0.72935606E-30     -0.27889893E-41
  266.000000000000         0.20210537E-26      0.22209147E-39      0.59521498E-30     -0.11040535E-40
  267.000000000000         0.20212798E-26      0.22507288E-39      0.45212588E-30      0.59628202E-41
  268.000000000000         0.20214643E-26      0.23162655E-39      0.36893131E-30      0.13107340E-40
  269.000000000000         0.20216115E-26      0.23941932E-39      0.29446071E-30      0.15585537E-40
  270.000000000000         0.20216983E-26      0.24425412E-39      0.17352666E-30      0.96696050E-41
  271.000000000000         0.20217273E-26      0.25099452E-39      0.58158691E-31      0.13480786E-40
  272.000000000000         0.20217401E-26      0.25642364E-39      0.25482510E-31      0.10858256E-40
  273.000000000000         0.20217969E-26      0.25679829E-39      0.11364899E-30      0.74928927E-42
  274.000000000000         0.20219630E-26      0.25579931E-39      0.33226776E-30     -0.19979564E-41
  275.000000000000         0.20222946E-26      0.26031129E-39      0.66319784E-30      0.90239567E-41
  276.000000000000         0.20228001E-26      0.25898195E-39      0.10108633E-29     -0.26586686E-41
  277.000000000000         0.20234052E-26      0.26367820E-39      0.12103076E-29      0.93924982E-41
  278.000000000000         0.20240041E-26      0.27364298E-39      0.11977874E-29      0.19929562E-40
  279.000000000000         0.20245491E-26      0.26951946E-39      0.10900702E-29     -0.82470469E-41
  280.000000000000         0.20250250E-26      0.27261262E-39      0.95162623E-30      0.61863273E-41
  281.000000000000         0.20253758E-26      0.27863643E-39      0.70177481E-30      0.12047608E-40
  282.000000000000         0.20255401E-26      0.27618273E-39      0.32848050E-30     -0.49074023E-41
  283.000000000000         0.20255317E-26      0.27942933E-39     -0.16711718E-31      0.64932117E-41
  284.000000000000         0.20254511E-26      0.27893973E-39     -0.16133990E-30     -0.97921238E-42
  285.000000000000         0.20254146E-26      0.27656643E-39     -0.72923998E-31     -0.47466033E-41
  286.000000000000         0.20254929E-26      0.28276942E-39      0.15651113E-30      0.12405991E-40
  287.000000000000         0.20257062E-26      0.29048512E-39      0.42664780E-30      0.15431394E-40
  288.000000000000         0.20260287E-26      0.29399517E-39      0.64508606E-30      0.70200999E-41
  289.000000000000         0.20264031E-26      0.29199776E-39      0.74873938E-30     -0.39948067E-41
  290.000000000000         0.20267939E-26      0.30254759E-39      0.78153719E-30      0.21099646E-40
  291.000000000000         0.20272176E-26      0.29976826E-39      0.84743129E-30     -0.55586558E-41
  292.000000000000         0.20276815E-26      0.30465439E-39      0.92777169E-30      0.97722501E-41
  293.000000000000         0.20281274E-26      0.30977838E-39      0.89196009E-30      0.10247991E-40
  294.000000000000         0.20284722E-26      0.31463543E-39      0.68942431E-30      0.97140962E-41
  295.000000000000         0.20286897E-26      0.31485751E-39      0.43507658E-30      0.44415653E-42
  296.000000000000         0.20288166E-26      0.31778164E-39      0.25382539E-30      0.58482641E-41
  297.000000000000         0.20289011E-26      0.31253813E-39      0.16890862E-30     -0.10487022E-40
  298.000000000000         0.20289698E-26      0.30437063E-39      0.13745980E-30     -0.16334991E-40
  299.000000000000         0.20290291E-26      0.30382883E-39      0.11870601E-30     -0.10836091E-41
  300.000000000000         0.20290808E-26      0.30476434E-39      0.10323842E-30      0.18710287E-41
  301.000000000000         0.20291386E-26      0.31300868E-39      0.11567379E-30      0.16488674E-40
  302.000000000000         0.20292314E-26      0.31285608E-39      0.18561951E-30     -0.30518782E-42
  303.000000000000         0.20293775E-26      0.31478897E-39      0.29216402E-30      0.38657771E-41
  304.000000000000         0.20295540E-26      0.31137871E-39      0.35312310E-30     -0.68205250E-41
  305.000000000000         0.20297272E-26      0.30946241E-39      0.34626520E-30     -0.38326064E-41
  306.000000000000         0.20299044E-26      0.31138409E-39      0.35440818E-30      0.38433563E-41
  307.000000000000         0.20301142E-26      0.30428946E-39      0.41967963E-30     -0.14189253E-40
  308.000000000000         0.20303322E-26      0.30438314E-39      0.43589370E-30      0.18736859E-42
  309.000000000000         0.20304933E-26      0.30011003E-39      0.32224330E-30     -0.85462241E-41
  310.000000000000         0.20305614E-26      0.30694729E-39      0.13625067E-30      0.13674516E-40
  311.000000000000         0.20305519E-26      0.30539340E-39     -0.19089759E-31     -0.31077847E-41
  312.000000000000         0.20305197E-26      0.30386455E-39     -0.64333740E-31     -0.30576883E-41
  313.000000000000         0.20305284E-26      0.30808664E-39      0.17423611E-31      0.84441695E-41
  314.000000000000         0.20306148E-26      0.30783841E-39      0.17266364E-30     -0.49646506E-42
  315.000000000000         0.20307725E-26      0.31202773E-39      0.31554744E-30      0.83786588E-41
  316.000000000000         0.20309626E-26      0.31610846E-39      0.38018706E-30      0.81614575E-41
  317.000000000000         0.20311736E-26      0.31398950E-39      0.42189355E-30     -0.42379320E-41
  318.000000000000         0.20314349E-26      0.30623661E-39      0.52265043E-30     -0.15505773E-40
  319.000000000000         0.20317306E-26      0.30766048E-39      0.59149562E-30      0.28477337E-41
  320.000000000000         0.20319744E-26      0.31150404E-39      0.48759299E-30      0.76871180E-41
  321.000000000000         0.20320947E-26      0.31727753E-39      0.24056367E-30      0.11546995E-40
  322.000000000000         0.20321051E-26      0.31331831E-39      0.20689251E-31     -0.79184424E-41
  323.000000000000         0.20320879E-26      0.30974865E-39     -0.34238906E-31     -0.71393204E-41
  324.000000000000         0.20321114E-26      0.31350148E-39      0.46984824E-31      0.75056498E-41
  325.000000000000         0.20321658E-26      0.31655856E-39      0.10871428E-30      0.61141604E-41
  326.000000000000         0.20321909E-26      0.31785105E-39      0.50295446E-31      0.25849903E-41
  327.000000000000         0.20321267E-26      0.31387011E-39     -0.12847413E-30     -0.79618826E-41
  328.000000000000         0.20319601E-26      0.30791929E-39     -0.33320853E-30     -0.11901633E-40
  329.000000000000         0.20317394E-26      0.30372010E-39     -0.44130036E-30     -0.83983871E-41
  330.000000000000         0.20315307E-26      0.30346626E-39     -0.41750947E-30     -0.50767545E-42
  331.000000000000         0.20313853E-26      0.30199820E-39     -0.29079631E-30     -0.29361257E-41
  332.000000000000         0.20313573E-26      0.29863068E-39     -0.56062182E-31     -0.67350458E-41
  333.000000000000         0.20314948E-26      0.30203878E-39      0.27517020E-30      0.68162110E-41
  334.000000000000         0.20318250E-26      0.30683382E-39      0.66033334E-30      0.95900813E-41
  335.000000000000         0.20323459E-26      0.30720146E-39      0.10416749E-29      0.73527629E-42
  336.000000000000         0.20329890E-26      0.30960519E-39      0.12862132E-29      0.48074496E-41
  337.000000000000         0.20336196E-26      0.30712188E-39      0.12612368E-29     -0.49666072E-41
  338.000000000000         0.20340938E-26      0.30958166E-39      0.94843516E-30      0.49195535E-41
  339.000000000000         0.20343208E-26      0.30908890E-39      0.45406898E-30     -0.98551823E-42
  340.000000000000         0.20343046E-26      0.31146880E-39     -0.32378162E-31      0.47598055E-41
  341.000000000000         0.20341292E-26      0.31562801E-39     -0.35086891E-30      0.83184029E-41
  342.000000000000         0.20339155E-26      0.30848398E-39     -0.42747715E-30     -0.14288045E-40
  343.000000000000         0.20337960E-26      0.30764791E-39     -0.23902024E-30     -0.16721545E-41
  344.000000000000         0.20338646E-26      0.30789783E-39      0.13727871E-30      0.49985815E-42
  345.000000000000         0.20341372E-26      0.31416144E-39      0.54516748E-30      0.12527203E-40
  346.000000000000         0.20345686E-26      0.31112462E-39      0.86286465E-30     -0.60736329E-41
  347.000000000000         0.20350714E-26      0.31633585E-39      0.10055366E-29      0.10422453E-40
  348.000000000000         0.20355280E-26      0.31665444E-39      0.91330089E-30      0.63718540E-42
  349.000000000000         0.20358305E-26      0.31809022E-39      0.60488761E-30      0.28715558E-41
  350.000000000000         0.20359310E-26      0.31766227E-39      0.20101465E-30     -0.85589812E-42
  351.000000000000         0.20358553E-26      0.32286018E-39     -0.15128024E-30      0.10395828E-40
  352.000000000000         0.20356656E-26      0.31466483E-39     -0.37957566E-30     -0.16390693E-40
  353.000000000000         0.20354315E-26      0.31963889E-39     -0.46813068E-30      0.99481130E-41
  354.000000000000         0.20352299E-26      0.32307222E-39     -0.40323155E-30      0.68666577E-41
  355.000000000000         0.20351216E-26      0.31954460E-39     -0.21644956E-30     -0.70552425E-41
  356.000000000000         0.20351234E-26      0.32311806E-39      0.35926849E-32      0.71469174E-41
  357.000000000000         0.20352168E-26      0.32133050E-39      0.18674588E-30     -0.35751178E-41
  358.000000000000         0.20353728E-26      0.32847657E-39      0.31189513E-30      0.14292138E-40
  359.000000000000         0.20355536E-26      0.32658882E-39      0.36175860E-30     -0.37755035E-41
  360.000000000000         0.20357185E-26      0.33382877E-39      0.32972779E-30      0.14479912E-40
  361.000000000000         0.20358409E-26      0.33131744E-39      0.24470619E-30     -0.50226591E-41
  362.000000000000         0.20359265E-26      0.32875146E-39      0.17129763E-30     -0.51319604E-41
  363.000000000000         0.20359854E-26      0.32594691E-39      0.11779230E-30     -0.56091025E-41
  364.000000000000         0.20360025E-26      0.32632786E-39      0.34215560E-31      0.76190096E-42
  365.000000000000         0.20359674E-26      0.32907210E-39     -0.70261970E-31      0.54884807E-41
  366.000000000000         0.20359040E-26      0.33280881E-39     -0.12670079E-30      0.74734200E-41
  367.000000000000         0.20358380E-26      0.33060472E-39     -0.13211973E-30     -0.44081897E-41
  368.000000000000         0.20357652E-26      0.32846193E-39     -0.14563766E-30     -0.42855761E-41
  369.000000000000         0.20356838E-26      0.33048275E-39     -0.16269210E-30      0.40416400E-41
  370.000000000000         0.20356254E-26      0.33053229E-39     -0.11687008E-30      0.99086786E-43
  371.000000000000         0.20356327E-26      0.32809838E-39      0.14580400E-31     -0.48678156E-41
  372.000000000000         0.20357322E-26      0.32857077E-39      0.19900198E-30      0.94477041E-42
  373.000000000000         0.20359349E-26      0.32791896E-39      0.40543147E-30     -0.13036130E-41
  374.000000000000         0.20362226E-26      0.32651991E-39      0.57537078E-30     -0.27980978E-41
  375.000000000000         0.20365330E-26      0.32301506E-39      0.62091448E-30     -0.70097003E-41
  376.000000000000         0.20367868E-26      0.32255278E-39      0.50753145E-30     -0.92456174E-42
  377.000000000000         0.20369373E-26      0.31865697E-39      0.30105453E-30     -0.77916249E-41
  378.000000000000         0.20369940E-26      0.31967761E-39      0.11326895E-30      0.20412865E-41
  379.000000000000         0.20370029E-26      0.32122164E-39      0.17925858E-31      0.30880564E-41
  380.000000000000         0.20370009E-26      0.31865321E-39     -0.40690271E-32     -0.51368649E-41
  381.000000000000         0.20370103E-26      0.31916921E-39      0.18869520E-31      0.10320012E-41
  382.000000000000         0.20370584E-26      0.31698246E-39      0.96238266E-31     -0.43735076E-41
  383.000000000000         0.20371677E-26      0.30656675E-39      0.21856510E-30     -0.20831408E-40
  384.000000000000         0.20373346E-26      0.30996190E-39      0.33381406E-30      0.67902870E-41
  385.000000000000         0.20375396E-26      0.31800515E-39      0.40986320E-30      0.16086501E-40
  386.000000000000         0.20377563E-26      0.32072977E-39      0.43345450E-30      0.54492443E-41
  387.000000000000         0.20379648E-26      0.32343547E-39      0.41702615E-30      0.54114093E-41
  388.000000000000         0.20381659E-26      0.32559467E-39      0.40216574E-30      0.43183965E-41
  389.000000000000         0.20383762E-26      0.31754891E-39      0.42058198E-30     -0.16091516E-40
  390.000000000000         0.20386049E-26      0.31543030E-39      0.45737615E-30     -0.42372313E-41
  391.000000000000         0.20388435E-26      0.31279671E-39      0.47721966E-30     -0.52671857E-41
  392.000000000000         0.20390735E-26      0.30664025E-39      0.46001108E-30     -0.12312914E-40
  393.000000000000         0.20392829E-26      0.30734455E-39      0.41887027E-30      0.14086002E-41
  394.000000000000         0.20394653E-26      0.31226466E-39      0.36471430E-30      0.98402131E-41
  395.000000000000         0.20395998E-26      0.31011556E-39      0.26908998E-30     -0.42981878E-41
  396.000000000000         0.20396593E-26      0.31355029E-39      0.11905509E-30      0.68694603E-41
  397.000000000000         0.20396438E-26      0.31142152E-39     -0.31073965E-31     -0.42575501E-41
  398.000000000000         0.20395948E-26      0.32342291E-39     -0.97969378E-31      0.24002786E-40
  399.000000000000         0.20395779E-26      0.32127452E-39     -0.33744943E-31     -0.42967865E-41
  400.000000000000         0.20396535E-26      0.32463007E-39      0.15120413E-30      0.67111136E-41
  401.000000000000         0.20398580E-26      0.33003503E-39      0.40891781E-30      0.10809912E-40
  402.000000000000         0.20401823E-26      0.32981938E-39      0.64863631E-30     -0.43130468E-42
  403.000000000000         0.20405663E-26      0.32390324E-39      0.76805481E-30     -0.11832269E-40
  404.000000000000         0.20409507E-26      0.32289200E-39      0.76876853E-30     -0.20224791E-41
  405.000000000000         0.20413005E-26      0.32582699E-39      0.69947051E-30      0.58699842E-41
  406.000000000000         0.20415819E-26      0.32063130E-39      0.56295466E-30     -0.10391384E-40
  407.000000000000         0.20417563E-26      0.31906007E-39      0.34879632E-30     -0.31424669E-41
  408.000000000000         0.20418163E-26      0.31554033E-39      0.11994193E-30     -0.70394779E-41
  409.000000000000         0.20418078E-26      0.32252805E-39     -0.17019874E-31      0.13975445E-40
  410.000000000000         0.20418035E-26      0.32620048E-39     -0.86727878E-32      0.73448508E-41
  411.000000000000         0.20418531E-26      0.32305348E-39      0.99333069E-31     -0.62939871E-41
  412.000000000000         0.20419747E-26      0.32937839E-39      0.24318207E-30      0.12649816E-40
  413.000000000000         0.20421608E-26      0.33078720E-39      0.37208754E-30      0.28176058E-41
  414.000000000000         0.20423790E-26      0.33278560E-39      0.43637329E-30      0.39967985E-41
  415.000000000000         0.20425919E-26      0.33230545E-39      0.42590644E-30     -0.96029485E-42
  416.000000000000         0.20427900E-26      0.33171740E-39      0.39619267E-30     -0.11760948E-41
  417.000000000000         0.20429827E-26      0.33283403E-39      0.38532682E-30      0.22332643E-41
  418.000000000000         0.20431548E-26      0.33245583E-39      0.34432127E-30     -0.75640593E-42
  419.000000000000         0.20432674E-26      0.33856336E-39      0.22507148E-30      0.12215064E-40
  420.000000000000         0.20433125E-26      0.33609617E-39      0.90339419E-31     -0.49343773E-41
  421.000000000000         0.20433230E-26      0.33732421E-39      0.20945938E-31      0.24560708E-41
  422.000000000000         0.20433218E-26      0.32727214E-39     -0.24051676E-32     -0.20104134E-40
  423.000000000000         0.20433035E-26      0.33702778E-39     -0.36692412E-31      0.19511274E-40
  424.000000000000         0.20432651E-26      0.33277428E-39     -0.76761038E-31     -0.85069877E-41
  425.000000000000         0.20432113E-26      0.33199251E-39     -0.10762312E-30     -0.15635538E-41
  426.000000000000         0.20431514E-26      0.33161080E-39     -0.11981829E-30     -0.76341242E-42
  427.000000000000         0.20431187E-26      0.33010210E-39     -0.65335871E-31     -0.30174010E-41
  428.000000000000         0.20431657E-26      0.33234187E-39      0.94031395E-31      0.44795458E-41
  429.000000000000         0.20433152E-26      0.32799064E-39      0.29901339E-30     -0.87024689E-41
  430.000000000000         0.20435266E-26      0.32931887E-39      0.42286879E-30      0.26564565E-41
  431.000000000000         0.20437372E-26      0.33564658E-39      0.42107743E-30      0.12655422E-40
  432.000000000000         0.20439142E-26      0.33914156E-39      0.35401955E-30      0.69899720E-41
  433.000000000000         0.20440434E-26      0.33646768E-39      0.25835475E-30     -0.53477603E-41
  434.000000000000         0.20441046E-26      0.34109877E-39      0.12248442E-30      0.92621774E-41
  435.000000000000         0.20440887E-26      0.34198945E-39     -0.31759438E-31      0.17813456E-41
  436.000000000000         0.20440105E-26      0.33819067E-39     -0.15639883E-30     -0.75975450E-41
  437.000000000000         0.20438965E-26      0.34235688E-39     -0.22798864E-30      0.83324159E-41
  438.000000000000         0.20437808E-26      0.34830554E-39     -0.23154444E-30      0.11897319E-40
  439.000000000000         0.20437125E-26      0.35137768E-39     -0.13661133E-30      0.61442884E-41
  440.000000000000         0.20437424E-26      0.36355407E-39      0.59808009E-31      0.24352761E-40
  441.000000000000         0.20438842E-26      0.36334297E-39      0.28357230E-30     -0.42219624E-42
  442.000000000000         0.20441108E-26      0.36291992E-39      0.45331656E-30     -0.84608903E-42
  443.000000000000         0.20443852E-26      0.36266328E-39      0.54882750E-30     -0.51328064E-42
  444.000000000000         0.20446653E-26      0.36090830E-39      0.56005159E-30     -0.35099574E-41
  445.000000000000         0.20448965E-26      0.36361681E-39      0.46255585E-30      0.54170145E-41
  446.000000000000         0.20450300E-26      0.36918747E-39      0.26692048E-30      0.11141319E-40
  447.000000000000         0.20450511E-26      0.37220742E-39      0.42261282E-31      0.60398916E-41
  448.000000000000         0.20449815E-26      0.37655930E-39     -0.13924489E-30      0.87037600E-41
  449.000000000000         0.20448578E-26      0.37735923E-39     -0.24746864E-30      0.15998774E-41
  450.000000000000         0.20447153E-26      0.38105846E-39     -0.28487669E-30      0.73984505E-41
  451.000000000000         0.20445937E-26      0.37761106E-39     -0.24324517E-30     -0.68947938E-41
  452.000000000000         0.20445305E-26      0.37830520E-39     -0.12644712E-30      0.13882814E-41
  453.000000000000         0.20445472E-26      0.37779843E-39      0.33349116E-31     -0.10135442E-41
  454.000000000000         0.20446512E-26      0.38181120E-39      0.20809768E-30      0.80255315E-41
  455.000000000000         0.20448247E-26      0.38769330E-39      0.34696940E-30      0.11764196E-40
  456.000000000000         0.20450295E-26      0.39116551E-39      0.40965869E-30      0.69444298E-41
  457.000000000000         0.20452337E-26      0.38918142E-39      0.40845293E-30     -0.39681820E-41
  458.000000000000         0.20454263E-26      0.38933256E-39      0.38508641E-30      0.30227506E-42
  459.000000000000         0.20456054E-26      0.39024775E-39      0.35826937E-30      0.18303910E-41
  460.000000000000         0.20457621E-26      0.38614770E-39      0.31343391E-30     -0.82001034E-41
  461.000000000000         0.20458742E-26      0.38513383E-39      0.22417422E-30     -0.20277340E-41
  462.000000000000         0.20459153E-26      0.38713626E-39      0.82065956E-31      0.40048559E-41
  463.000000000000         0.20458793E-26      0.37462492E-39     -0.71881806E-31     -0.25022691E-40
  464.000000000000         0.20457990E-26      0.37979375E-39     -0.16065857E-30      0.10337674E-40
  465.000000000000         0.20457350E-26      0.37619747E-39     -0.12800764E-30     -0.71925698E-41
  466.000000000000         0.20457335E-26      0.38130185E-39     -0.30585704E-32      0.10208755E-40
  467.000000000000         0.20457961E-26      0.38122282E-39      0.12537661E-30     -0.15805148E-42
  468.000000000000         0.20458933E-26      0.38023120E-39      0.19432204E-30     -0.19832427E-41
  469.000000000000         0.20460006E-26      0.37768799E-39      0.21459182E-30     -0.50864182E-41
  470.000000000000         0.20461125E-26      0.37637197E-39      0.22373628E-30     -0.26320439E-41
  471.000000000000         0.20462287E-26      0.37982421E-39      0.23239837E-30      0.69044928E-41
  472.000000000000         0.20463418E-26      0.38462626E-39      0.22620103E-30      0.96040943E-41
  473.000000000000         0.20464452E-26      0.38190649E-39      0.20680686E-30     -0.54395454E-41
  474.000000000000         0.20465386E-26      0.38187055E-39      0.18693704E-30     -0.71871627E-43
  475.000000000000         0.20466268E-26      0.38581133E-39      0.17629053E-30      0.78815481E-41
  476.000000000000         0.20467160E-26      0.38289187E-39      0.17845621E-30     -0.58389155E-41
  477.000000000000         0.20468129E-26      0.38785156E-39      0.19385994E-30      0.99193864E-41
  478.000000000000         0.20469170E-26      0.39730487E-39      0.20815218E-30      0.18906614E-40
  479.000000000000         0.20470174E-26      0.39954044E-39      0.20078798E-30      0.44711380E-41
  480.000000000000         0.20471009E-26      0.39605083E-39      0.16703268E-30     -0.69792221E-41
  481.000000000000         0.20471622E-26      0.39276843E-39      0.12249788E-30     -0.65647881E-41
  482.000000000000         0.20472127E-26      0.39476228E-39      0.10112369E-30      0.39876900E-41
  483.000000000000         0.20472788E-26      0.39464892E-39      0.13205385E-30     -0.22671511E-42
  484.000000000000         0.20473887E-26      0.39617053E-39      0.21993501E-30      0.30432149E-41
  485.000000000000         0.20475632E-26      0.39651294E-39      0.34892985E-30      0.68482954E-42
  486.000000000000         0.20478049E-26      0.40289741E-39      0.48345091E-30      0.12768927E-40
  487.000000000000         0.20480912E-26      0.39874043E-39      0.57245823E-30     -0.83139589E-41
  488.000000000000         0.20483827E-26      0.39772831E-39      0.58305067E-30     -0.20242307E-41
  489.000000000000         0.20486372E-26      0.40490171E-39      0.50897670E-30      0.14346789E-40
  490.000000000000         0.20488250E-26      0.40564121E-39      0.37572266E-30      0.14790154E-41
  491.000000000000         0.20489403E-26      0.40415651E-39      0.23048043E-30     -0.29694065E-41
  492.000000000000         0.20489917E-26      0.40526412E-39      0.10283082E-30      0.22152226E-41
  493.000000000000         0.20489999E-26      0.40419630E-39      0.16510808E-31     -0.21356339E-41
  494.000000000000         0.20489978E-26      0.41411423E-39     -0.43431177E-32      0.19835850E-40
  495.000000000000         0.20490362E-26      0.41229164E-39      0.76802237E-31     -0.36451827E-41
  496.000000000000         0.20491752E-26      0.41248744E-39      0.27803062E-30      0.39160784E-42
  497.000000000000         0.20494600E-26      0.40932941E-39      0.56960003E-30     -0.63160576E-41
  498.000000000000         0.20498956E-26      0.41371107E-39      0.87128630E-30      0.87633152E-41
  499.000000000000         0.20504400E-26      0.41253763E-39      0.10886591E-29     -0.23468797E-41
  500.000000000000         0.20510015E-26      0.41013525E-39      0.11231677E-29     -0.48047572E-41
