 #            500
    0.000000000000         0.00000000E+00      0.00000000E+00      0.00000000E+00      0.00000000E+00
    1.000000000000         0.26137091E-20     -0.29042111E-24      0.52274182E-20     -0.58084223E-24
    2.000000000000         0.88645282E-19     -0.17013205E-24      0.17206314E-18      0.24057812E-24
    3.000000000000         0.28336740E-17      0.60837466E-24      0.54900574E-17      0.15570134E-23
    4.000000000000         0.90873427E-16      0.34197909E-25      0.17607951E-15     -0.11483535E-23
    5.000000000000         0.17536593E-14     -0.10971119E-23      0.33255717E-14     -0.22626195E-23
    6.000000000000         0.14992431E-13     -0.15090049E-23      0.26477543E-13     -0.82378614E-24
    7.000000000000         0.77533139E-13     -0.21624295E-24      0.12508142E-12      0.25855240E-23
    8.000000000000         0.29176097E-12     -0.20387558E-23      0.42845565E-12     -0.36450257E-23
    9.000000000000         0.87751195E-12     -0.23119079E-23      0.11715020E-11     -0.54630432E-24
   10.000000000000         0.22184571E-11     -0.29674999E-23      0.26818903E-11     -0.13111839E-23
   11.000000000000         0.48295753E-11     -0.36316746E-23      0.52222364E-11     -0.13283495E-23
   12.000000000000         0.91995117E-11     -0.31225292E-23      0.87398727E-11      0.10182908E-23
   13.000000000000         0.15331706E-10     -0.23460041E-23      0.12264388E-10      0.15530502E-23
   14.000000000000         0.22917132E-10     -0.56458381E-24      0.15170852E-10      0.35628406E-23
   15.000000000000         0.31341883E-10     -0.17372646E-23      0.16849503E-10     -0.23453616E-23
   16.000000000000         0.39540933E-10     -0.97204861E-24      0.16398100E-10      0.15304320E-23
   17.000000000000         0.46430436E-10      0.16556021E-24      0.13779006E-10      0.22752176E-23
   18.000000000000         0.51385325E-10     -0.41177672E-24      0.99097780E-11     -0.11546739E-23
   19.000000000000         0.54438315E-10      0.81212836E-25      0.61059798E-11      0.98597910E-24
   20.000000000000         0.56175135E-10      0.31368896E-24      0.34736404E-11      0.46495225E-24
   21.000000000000         0.57455188E-10     -0.67945970E-24      0.25601068E-11     -0.19862973E-23
   22.000000000000         0.59057790E-10     -0.12985999E-23      0.32052023E-11     -0.12382805E-23
   23.000000000000         0.61347830E-10     -0.26998863E-23      0.45800818E-11     -0.28025727E-23
   24.000000000000         0.64099189E-10     -0.23401827E-23      0.55027178E-11      0.71940722E-24
   25.000000000000         0.66655205E-10     -0.18550691E-23      0.51120315E-11      0.97022713E-24
   26.000000000000         0.68409824E-10     -0.15803858E-23      0.35092386E-11      0.54936668E-24
   27.000000000000         0.69249085E-10     -0.26220021E-23      0.16785216E-11     -0.20832326E-23
   28.000000000000         0.69625047E-10     -0.35296256E-23      0.75192452E-12     -0.18152470E-23
   29.000000000000         0.70257599E-10     -0.34154912E-23      0.12651023E-11      0.22826874E-24
   30.000000000000         0.71708760E-10     -0.47549814E-23      0.29023225E-11     -0.26789803E-23
   31.000000000000         0.74105048E-10     -0.48710682E-23      0.47925768E-11     -0.23217360E-24
   32.000000000000         0.77113124E-10     -0.58777474E-23      0.60161523E-11     -0.20133584E-23
   33.000000000000         0.80126039E-10     -0.40858258E-23      0.60258282E-11      0.35838432E-23
   34.000000000000         0.82565132E-10     -0.44272870E-23      0.48781860E-11     -0.68292241E-24
   35.000000000000         0.84146952E-10     -0.42001120E-23      0.31636408E-11      0.45434996E-24
   36.000000000000         0.84976546E-10     -0.48270525E-23      0.16591878E-11     -0.12538810E-23
   37.000000000000         0.85405819E-10     -0.52166784E-23      0.85854685E-12     -0.77925179E-24
   38.000000000000         0.85760662E-10     -0.69497155E-23      0.70968512E-12     -0.34660742E-23
   39.000000000000         0.86157833E-10     -0.73910402E-23      0.79434293E-12     -0.88264937E-24
   40.000000000000         0.86535259E-10     -0.84479540E-23      0.75485120E-12     -0.21138277E-23
   41.000000000000         0.86811975E-10     -0.87701797E-23      0.55343166E-12     -0.64445124E-24
   42.000000000000         0.86997200E-10     -0.82373305E-23      0.37045014E-12      0.10656982E-23
   43.000000000000         0.87170205E-10     -0.91927653E-23      0.34600951E-12     -0.19108696E-23
   44.000000000000         0.87399230E-10     -0.10307689E-22      0.45805073E-12     -0.22298471E-23
   45.000000000000         0.87695894E-10     -0.10148470E-22      0.59332822E-12      0.31843869E-24
   46.000000000000         0.88033541E-10     -0.10709651E-22      0.67529443E-12     -0.11223621E-23
   47.000000000000         0.88380880E-10     -0.12170663E-22      0.69467817E-12     -0.29220252E-23
   48.000000000000         0.88706528E-10     -0.13302702E-22      0.65129614E-12     -0.22640773E-23
   49.000000000000         0.88977389E-10     -0.12669109E-22      0.54172166E-12      0.12671859E-23
   50.000000000000         0.89175817E-10     -0.13172489E-22      0.39685604E-12     -0.10067601E-23
   51.000000000000         0.89314240E-10     -0.13978715E-22      0.27684464E-12     -0.16124530E-23
   52.000000000000         0.89426338E-10     -0.13938595E-22      0.22419652E-12      0.80240565E-25
   53.000000000000         0.89543893E-10     -0.13749185E-22      0.23511054E-12      0.37882126E-24
   54.000000000000         0.89679956E-10     -0.15446325E-22      0.27212552E-12     -0.33942815E-23
   55.000000000000         0.89829675E-10     -0.15496022E-22      0.29943880E-12     -0.99392530E-25
   56.000000000000         0.89980320E-10     -0.16242768E-22      0.30128877E-12     -0.14934928E-23
   57.000000000000         0.90117026E-10     -0.16548270E-22      0.27341364E-12     -0.61100354E-24
   58.000000000000         0.90227979E-10     -0.17330619E-22      0.22190455E-12     -0.15646985E-23
   59.000000000000         0.90310684E-10     -0.18482852E-22      0.16541156E-12     -0.23044670E-23
   60.000000000000         0.90372288E-10     -0.18887964E-22      0.12320734E-12     -0.81022247E-24
   61.000000000000         0.90422316E-10     -0.18752557E-22      0.10005498E-12      0.27081358E-24
   62.000000000000         0.90465053E-10     -0.19274085E-22      0.85475737E-13     -0.10430563E-23
   63.000000000000         0.90500636E-10     -0.18300801E-22      0.71165632E-13      0.19465687E-23
   64.000000000000         0.90529905E-10     -0.18637040E-22      0.58536834E-13     -0.67247789E-24
   65.000000000000         0.90554806E-10     -0.18258280E-22      0.49801897E-13      0.75751867E-24
   66.000000000000         0.90576248E-10     -0.19124820E-22      0.42885402E-13     -0.17330793E-23
   67.000000000000         0.90596830E-10     -0.19082926E-22      0.41162631E-13      0.83787283E-25
   68.000000000000         0.90625000E-10     -0.18226871E-22      0.56340806E-13      0.17121098E-23
   69.000000000000         0.90671877E-10     -0.18437874E-22      0.93753382E-13     -0.42200509E-24
   70.000000000000         0.90739878E-10     -0.19306237E-22      0.13600185E-12     -0.17367270E-23
   71.000000000000         0.90815513E-10     -0.19851790E-22      0.15127135E-12     -0.10911043E-23
   72.000000000000         0.90879746E-10     -0.19914159E-22      0.12846440E-12     -0.12473843E-24
   73.000000000000         0.90924315E-10     -0.18291743E-22      0.89138757E-13      0.32448322E-23
   74.000000000000         0.90954662E-10     -0.18980360E-22      0.60694319E-13     -0.13772336E-23
   75.000000000000         0.90979688E-10     -0.19480066E-22      0.50051040E-13     -0.99941340E-24
   76.000000000000         0.91003495E-10     -0.20587751E-22      0.47615598E-13     -0.22153699E-23
   77.000000000000         0.91028204E-10     -0.20591378E-22      0.49416852E-13     -0.72535760E-26
   78.000000000000         0.91060497E-10     -0.21808771E-22      0.64586651E-13     -0.24347868E-23
   79.000000000000         0.91110279E-10     -0.22711927E-22      0.99564497E-13     -0.18063108E-23
   80.000000000000         0.91183698E-10     -0.22332571E-22      0.14683685E-12      0.75871143E-24
   81.000000000000         0.91279083E-10     -0.23010857E-22      0.19076983E-12     -0.13565718E-23
   82.000000000000         0.91390330E-10     -0.22806950E-22      0.22249419E-12      0.40781348E-24
   83.000000000000         0.91511293E-10     -0.22590251E-22      0.24192643E-12      0.43339781E-24
   84.000000000000         0.91633658E-10     -0.22038694E-22      0.24473004E-12      0.11031155E-23
   85.000000000000         0.91745623E-10     -0.21868124E-22      0.22392895E-12      0.34113895E-24
   86.000000000000         0.91836850E-10     -0.21795774E-22      0.18245456E-12      0.14469997E-24
   87.000000000000         0.91904367E-10     -0.22101251E-22      0.13503455E-12     -0.61095305E-24
   88.000000000000         0.91951667E-10     -0.21432629E-22      0.94599576E-13      0.13372431E-23
   89.000000000000         0.91984463E-10     -0.20670513E-22      0.65592255E-13      0.15242315E-23
   90.000000000000         0.92008733E-10     -0.20687537E-22      0.48539664E-13     -0.34046448E-25
   91.000000000000         0.92031441E-10     -0.20403095E-22      0.45415885E-13      0.56888310E-24
   92.000000000000         0.92059830E-10     -0.20167422E-22      0.56778100E-13      0.47134518E-24
   93.000000000000         0.92097627E-10     -0.20696839E-22      0.75595163E-13     -0.10588336E-23
   94.000000000000         0.92142276E-10     -0.20195305E-22      0.89297234E-13      0.10030690E-23
   95.000000000000         0.92188159E-10     -0.19833635E-22      0.91766189E-13      0.72333891E-24
   96.000000000000         0.92232890E-10     -0.21276159E-22      0.89462593E-13     -0.28850466E-23
   97.000000000000         0.92280063E-10     -0.22803609E-22      0.94345873E-13     -0.30549009E-23
   98.000000000000         0.92338809E-10     -0.22873481E-22      0.11749098E-12     -0.13974434E-24
   99.000000000000         0.92423828E-10     -0.22154436E-22      0.17003740E-12      0.14380911E-23
  100.000000000000         0.92552498E-10     -0.22384068E-22      0.25734110E-12     -0.45926456E-24
  101.000000000000         0.92736504E-10     -0.21911551E-22      0.36801176E-12      0.94503407E-24
  102.000000000000         0.92971897E-10     -0.20307340E-22      0.47078684E-12      0.32084212E-23
  103.000000000000         0.93235557E-10     -0.20571556E-22      0.52731894E-12     -0.52843189E-24
  104.000000000000         0.93494197E-10     -0.19368390E-22      0.51727984E-12      0.24063326E-23
  105.000000000000         0.93718694E-10     -0.18929270E-22      0.44899482E-12      0.87823963E-24
  106.000000000000         0.93893130E-10     -0.19608831E-22      0.34887052E-12     -0.13591214E-23
  107.000000000000         0.94015708E-10     -0.17830260E-22      0.24515790E-12      0.35571418E-23
  108.000000000000         0.94095114E-10     -0.19176989E-22      0.15881095E-12     -0.26934575E-23
  109.000000000000         0.94144483E-10     -0.18757825E-22      0.98737789E-13      0.83832643E-24
  110.000000000000         0.94174929E-10     -0.18243712E-22      0.60891636E-13      0.10282273E-23
  111.000000000000         0.94193607E-10     -0.19281145E-22      0.37357473E-13     -0.20748659E-23
  112.000000000000         0.94206695E-10     -0.20377323E-22      0.26176060E-13     -0.21923573E-23
  113.000000000000         0.94222945E-10     -0.19691027E-22      0.32498489E-13      0.13725935E-23
  114.000000000000         0.94251703E-10     -0.18986755E-22      0.57516813E-13      0.14085435E-23
  115.000000000000         0.94297450E-10     -0.20199390E-22      0.91494061E-13     -0.24252700E-23
  116.000000000000         0.94357847E-10     -0.21123911E-22      0.12079320E-12     -0.18490418E-23
  117.000000000000         0.94427304E-10     -0.21692747E-22      0.13891397E-12     -0.11376723E-23
  118.000000000000         0.94502215E-10     -0.21672329E-22      0.14982285E-12      0.40835385E-25
  119.000000000000         0.94584829E-10     -0.21185461E-22      0.16522789E-12      0.97373598E-24
  120.000000000000         0.94683435E-10     -0.22905776E-22      0.19721195E-12     -0.34406287E-23
  121.000000000000         0.94808776E-10     -0.22206344E-22      0.25068217E-12      0.13988626E-23
  122.000000000000         0.94966711E-10     -0.23983053E-22      0.31587074E-12     -0.35534168E-23
  123.000000000000         0.95149616E-10     -0.23944573E-22      0.36580922E-12      0.76958903E-25
  124.000000000000         0.95334722E-10     -0.23985422E-22      0.37021084E-12     -0.81696802E-25
  125.000000000000         0.95492861E-10     -0.24239477E-22      0.31627805E-12     -0.50811083E-24
  126.000000000000         0.95603656E-10     -0.23368541E-22      0.22159175E-12      0.17418719E-23
  127.000000000000         0.95665496E-10     -0.22919927E-22      0.12367914E-12      0.89722909E-24
  128.000000000000         0.95692819E-10     -0.23200848E-22      0.54645526E-13     -0.56184212E-24
  129.000000000000         0.95704384E-10     -0.23899700E-22      0.23131334E-13     -0.13977045E-23
  130.000000000000         0.95711380E-10     -0.24153235E-22      0.13990767E-13     -0.50706953E-24
  131.000000000000         0.95715429E-10     -0.24389629E-22      0.80991179E-14     -0.47278880E-24
  132.000000000000         0.95715034E-10     -0.24787211E-22     -0.78990861E-15     -0.79516469E-24
  133.000000000000         0.95713684E-10     -0.25405405E-22     -0.27008438E-14     -0.12363872E-23
  134.000000000000         0.95722701E-10     -0.25458244E-22      0.18033314E-13     -0.10567817E-24
  135.000000000000         0.95755201E-10     -0.25146099E-22      0.65001591E-13      0.62428953E-24
  136.000000000000         0.95816092E-10     -0.26164050E-22      0.12178058E-12     -0.20359009E-23
  137.000000000000         0.95896158E-10     -0.25620283E-22      0.16013303E-12      0.10875339E-23
  138.000000000000         0.95976885E-10     -0.24573734E-22      0.16145319E-12      0.20930981E-23
  139.000000000000         0.96043587E-10     -0.25375342E-22      0.13340396E-12     -0.16032170E-23
  140.000000000000         0.96094317E-10     -0.25703841E-22      0.10145990E-12     -0.65699689E-24
  141.000000000000         0.96138531E-10     -0.25644308E-22      0.88427996E-13      0.11906514E-24
  142.000000000000         0.96188405E-10     -0.25813230E-22      0.99748841E-13     -0.33784309E-24
  143.000000000000         0.96249940E-10     -0.25999393E-22      0.12306963E-12     -0.37232578E-24
  144.000000000000         0.96320272E-10     -0.26027796E-22      0.14066500E-12     -0.56806663E-25
  145.000000000000         0.96389887E-10     -0.25665189E-22      0.13922850E-12      0.72521324E-24
  146.000000000000         0.96446151E-10     -0.25747336E-22      0.11252879E-12     -0.16429369E-24
  147.000000000000         0.96479532E-10     -0.26639908E-22      0.66762180E-13     -0.17851441E-23
  148.000000000000         0.96490737E-10     -0.27803564E-22      0.22410466E-13     -0.23273124E-23
  149.000000000000         0.96490583E-10     -0.28226966E-22     -0.30837852E-15     -0.84680353E-24
  150.000000000000         0.96492649E-10     -0.27399159E-22      0.41322704E-14      0.16556147E-23
  151.000000000000         0.96504632E-10     -0.29213026E-22      0.23964699E-13     -0.36277339E-23
  152.000000000000         0.96522937E-10     -0.31174908E-22      0.36610221E-13     -0.39237650E-23
  153.000000000000         0.96537807E-10     -0.31046139E-22      0.29740165E-13      0.25753863E-24
  154.000000000000         0.96543594E-10     -0.31533047E-22      0.11574211E-13     -0.97381644E-24
  155.000000000000         0.96542380E-10     -0.30839340E-22     -0.24277464E-14      0.13874146E-23
  156.000000000000         0.96540522E-10     -0.32376487E-22     -0.37164049E-14     -0.30742943E-23
  157.000000000000         0.96543455E-10     -0.34159216E-22      0.58653026E-14     -0.35654580E-23
  158.000000000000         0.96553876E-10     -0.34193375E-22      0.20843714E-13     -0.68317721E-25
  159.000000000000         0.96571916E-10     -0.35108168E-22      0.36078344E-13     -0.18295854E-23
  160.000000000000         0.96594468E-10     -0.35494165E-22      0.45105219E-13     -0.77199427E-24
  161.000000000000         0.96616162E-10     -0.36321290E-22      0.43386970E-13     -0.16542500E-23
  162.000000000000         0.96631933E-10     -0.35961925E-22      0.31542164E-13      0.71872880E-24
  163.000000000000         0.96640041E-10     -0.35780454E-22      0.16216352E-13      0.36294307E-24
  164.000000000000         0.96643007E-10     -0.35926565E-22      0.59329486E-14     -0.29222169E-24
  165.000000000000         0.96645202E-10     -0.36628617E-22      0.43888497E-14     -0.14041054E-23
  166.000000000000         0.96650308E-10     -0.36834338E-22      0.10213031E-13     -0.41144066E-24
  167.000000000000         0.96660206E-10     -0.36843897E-22      0.19795809E-13     -0.19118044E-25
  168.000000000000         0.96672802E-10     -0.37211094E-22      0.25190864E-13     -0.73439400E-24
  169.000000000000         0.96681283E-10     -0.35817433E-22      0.16962776E-13      0.27873209E-23
  170.000000000000         0.96680590E-10     -0.36993818E-22     -0.13856132E-14     -0.23527706E-23
  171.000000000000         0.96674848E-10     -0.37005397E-22     -0.11485477E-13     -0.23157012E-25
  172.000000000000         0.96675237E-10     -0.36770775E-22      0.77930507E-15      0.46924365E-24
  173.000000000000         0.96689918E-10     -0.37377445E-22      0.29360657E-13     -0.12133399E-23
  174.000000000000         0.96716607E-10     -0.39745458E-22      0.53377897E-13     -0.47360266E-23
  175.000000000000         0.96744329E-10     -0.39042670E-22      0.55444443E-13      0.14055774E-23
  176.000000000000         0.96762511E-10     -0.40590205E-22      0.36365186E-13     -0.30950697E-23
  177.000000000000         0.96768475E-10     -0.39903969E-22      0.11927213E-13      0.13724705E-23
  178.000000000000         0.96766704E-10     -0.40495802E-22     -0.35420013E-14     -0.11836661E-23
  179.000000000000         0.96765988E-10     -0.40236480E-22     -0.14325845E-14      0.51864528E-24
  180.000000000000         0.96778103E-10     -0.39680104E-22      0.24230766E-13      0.11127522E-23
  181.000000000000         0.96812073E-10     -0.40552386E-22      0.67940797E-13     -0.17445651E-23
  182.000000000000         0.96866214E-10     -0.40127062E-22      0.10828155E-12      0.85064844E-24
  183.000000000000         0.96928250E-10     -0.40122888E-22      0.12407188E-12      0.83469372E-26
  184.000000000000         0.96983807E-10     -0.41815135E-22      0.11111438E-12     -0.33844933E-23
  185.000000000000         0.97025500E-10     -0.42684086E-22      0.83385065E-13     -0.17379012E-23
  186.000000000000         0.97054291E-10     -0.43277265E-22      0.57581302E-13     -0.11863577E-23
  187.000000000000         0.97075154E-10     -0.42920448E-22      0.41726470E-13      0.71363276E-24
  188.000000000000         0.97092389E-10     -0.43081651E-22      0.34469682E-13     -0.32240666E-24
  189.000000000000         0.97107225E-10     -0.44209676E-22      0.29673276E-13     -0.22560499E-23
  190.000000000000         0.97118400E-10     -0.44103999E-22      0.22350027E-13      0.21135556E-24
  191.000000000000         0.97124637E-10     -0.43668388E-22      0.12474131E-13      0.87122193E-24
  192.000000000000         0.97128322E-10     -0.43998691E-22      0.73694062E-14     -0.66060711E-24
  193.000000000000         0.97136837E-10     -0.43707284E-22      0.17029259E-13      0.58281438E-24
  194.000000000000         0.97157082E-10     -0.43945550E-22      0.40491146E-13     -0.47653115E-24
  195.000000000000         0.97187458E-10     -0.43985527E-22      0.60750992E-13     -0.79954997E-25
  196.000000000000         0.97218137E-10     -0.43419174E-22      0.61358518E-13      0.11327072E-23
  197.000000000000         0.97239472E-10     -0.43404625E-22      0.42670164E-13      0.29097134E-25
  198.000000000000         0.97249006E-10     -0.43818841E-22      0.19067901E-13     -0.82843253E-24
  199.000000000000         0.97253246E-10     -0.44307005E-22      0.84793488E-14     -0.97632818E-24
  200.000000000000         0.97263763E-10     -0.44768386E-22      0.21034591E-13     -0.92276137E-24
  201.000000000000         0.97290962E-10     -0.44700334E-22      0.54398117E-13      0.13610454E-24
  202.000000000000         0.97339667E-10     -0.43141423E-22      0.97410890E-13      0.31178221E-23
  203.000000000000         0.97407252E-10     -0.44106715E-22      0.13516958E-12     -0.19305848E-23
  204.000000000000         0.97484471E-10     -0.43698632E-22      0.15443800E-12      0.81616575E-24
  205.000000000000         0.97558898E-10     -0.44395876E-22      0.14885344E-12     -0.13944876E-23
  206.000000000000         0.97620234E-10     -0.45049775E-22      0.12267212E-12     -0.13077981E-23
  207.000000000000         0.97664423E-10     -0.44855580E-22      0.88378849E-13      0.38839014E-24
  208.000000000000         0.97693348E-10     -0.45205203E-22      0.57849926E-13     -0.69924631E-24
  209.000000000000         0.97711526E-10     -0.45011009E-22      0.36354340E-13      0.38838857E-24
  210.000000000000         0.97723224E-10     -0.44757666E-22      0.23397159E-13      0.50668615E-24
  211.000000000000         0.97730971E-10     -0.45317124E-22      0.15492640E-13     -0.11189164E-23
  212.000000000000         0.97735905E-10     -0.45544702E-22      0.98687518E-14     -0.45515618E-24
  213.000000000000         0.97739270E-10     -0.46009153E-22      0.67304738E-14     -0.92890186E-24
  214.000000000000         0.97743802E-10     -0.46723417E-22      0.90644639E-14     -0.14285285E-23
  215.000000000000         0.97753674E-10     -0.47456955E-22      0.19742700E-13     -0.14670754E-23
  216.000000000000         0.97772559E-10     -0.47782765E-22      0.37770654E-13     -0.65162041E-24
  217.000000000000         0.97800783E-10     -0.47531571E-22      0.56448680E-13      0.50238843E-24
  218.000000000000         0.97833900E-10     -0.48189798E-22      0.66232504E-13     -0.13164534E-23
  219.000000000000         0.97865310E-10     -0.47924869E-22      0.62820208E-13      0.52985677E-24
  220.000000000000         0.97890776E-10     -0.48436908E-22      0.50932983E-13     -0.10240779E-23
  221.000000000000         0.97911012E-10     -0.48256076E-22      0.40471258E-13      0.36166511E-24
  222.000000000000         0.97932143E-10     -0.49339085E-22      0.42261439E-13     -0.21660188E-23
  223.000000000000         0.97963768E-10     -0.49719295E-22      0.63250100E-13     -0.76042010E-24
  224.000000000000         0.98014250E-10     -0.49435246E-22      0.10096544E-12      0.56809739E-24
  225.000000000000         0.98085815E-10     -0.48232926E-22      0.14312867E-12      0.24046413E-23
  226.000000000000         0.98172361E-10     -0.48283436E-22      0.17309213E-12     -0.10102074E-24
  227.000000000000         0.98260619E-10     -0.49516938E-22      0.17651744E-12     -0.24670039E-23
  228.000000000000         0.98335039E-10     -0.50196139E-22      0.14883815E-12     -0.13584019E-23
  229.000000000000         0.98385849E-10     -0.51108906E-22      0.10162025E-12     -0.18255336E-23
  230.000000000000         0.98413735E-10     -0.51703127E-22      0.55772222E-13     -0.11884430E-23
  231.000000000000         0.98427841E-10     -0.52364733E-22      0.28213251E-13     -0.13232116E-23
  232.000000000000         0.98439943E-10     -0.52163000E-22      0.24203802E-13      0.40346685E-24
  233.000000000000         0.98458005E-10     -0.51817478E-22      0.36122878E-13      0.69104294E-24
  234.000000000000         0.98482313E-10     -0.50835110E-22      0.48617155E-13      0.19647362E-23
  235.000000000000         0.98506920E-10     -0.51093812E-22      0.49213394E-13     -0.51740361E-24
  236.000000000000         0.98525249E-10     -0.51234336E-22      0.36657774E-13     -0.28104905E-24
  237.000000000000         0.98535915E-10     -0.50977983E-22      0.21332959E-13      0.51270692E-24
  238.000000000000         0.98543911E-10     -0.52320493E-22      0.15991456E-13     -0.26850198E-23
  239.000000000000         0.98556890E-10     -0.50871196E-22      0.25957165E-13      0.28985945E-23
  240.000000000000         0.98579844E-10     -0.49912852E-22      0.45908506E-13      0.19166867E-23
  241.000000000000         0.98611608E-10     -0.49908359E-22      0.63528365E-13      0.89874923E-26
  242.000000000000         0.98645725E-10     -0.50589672E-22      0.68233617E-13     -0.13626271E-23
  243.000000000000         0.98675221E-10     -0.49660761E-22      0.58993075E-13      0.18578214E-23
  244.000000000000         0.98697158E-10     -0.50565960E-22      0.43872133E-13     -0.18103977E-23
  245.000000000000         0.98714081E-10     -0.49678659E-22      0.33846213E-13      0.17746018E-23
  246.000000000000         0.98731685E-10     -0.50745563E-22      0.35208145E-13     -0.21338080E-23
  247.000000000000         0.98754067E-10     -0.50839029E-22      0.44765111E-13     -0.18693085E-24
  248.000000000000         0.98780395E-10     -0.50601065E-22      0.52655260E-13      0.47592688E-24
  249.000000000000         0.98805817E-10     -0.50860924E-22      0.50844698E-13     -0.51971655E-24
  250.000000000000         0.98824734E-10     -0.51616369E-22      0.37832974E-13     -0.15108903E-23
  251.000000000000         0.98834440E-10     -0.50837821E-22      0.19411849E-13      0.15570949E-23
  252.000000000000         0.98837394E-10     -0.50992598E-22      0.59092965E-14     -0.30955375E-24
  253.000000000000         0.98840604E-10     -0.51081693E-22      0.64184823E-14     -0.17819027E-24
  254.000000000000         0.98851197E-10     -0.51013638E-22      0.21186342E-13      0.13611085E-24
  255.000000000000         0.98870848E-10     -0.50495152E-22      0.39302896E-13      0.10369711E-23
  256.000000000000         0.98894501E-10     -0.51056504E-22      0.47305859E-13     -0.11227029E-23
  257.000000000000         0.98914548E-10     -0.51492629E-22      0.40092936E-13     -0.87225060E-24
  258.000000000000         0.98926569E-10     -0.51084881E-22      0.24043020E-13      0.81549546E-24
  259.000000000000         0.98932130E-10     -0.49833670E-22      0.11122254E-13      0.25024238E-23
  260.000000000000         0.98936398E-10     -0.50018654E-22      0.85357145E-14     -0.36996866E-24
  261.000000000000         0.98943765E-10     -0.51519233E-22      0.14733310E-13     -0.30011574E-23
  262.000000000000         0.98955343E-10     -0.51177073E-22      0.23155635E-13      0.68431869E-24
  263.000000000000         0.98969260E-10     -0.51782939E-22      0.27834743E-13     -0.12117322E-23
  264.000000000000         0.98982287E-10     -0.51870912E-22      0.26054690E-13     -0.17594596E-24
  265.000000000000         0.98991787E-10     -0.50221332E-22      0.19000383E-13      0.32991615E-23
  266.000000000000         0.98997511E-10     -0.50802921E-22      0.11446485E-13     -0.11631786E-23
  267.000000000000         0.99001235E-10     -0.51894071E-22      0.74484914E-14     -0.21823009E-23
  268.000000000000         0.99004463E-10     -0.53384695E-22      0.64560778E-14     -0.29812466E-23
  269.000000000000         0.99007253E-10     -0.53457178E-22      0.55806795E-14     -0.14496739E-24
  270.000000000000         0.99009139E-10     -0.53288228E-22      0.37704369E-14      0.33789989E-24
  271.000000000000         0.99010524E-10     -0.53055699E-22      0.27716590E-14      0.46505954E-24
  272.000000000000         0.99013154E-10     -0.53356158E-22      0.52590363E-14     -0.60091874E-24
  273.000000000000         0.99019128E-10     -0.54513109E-22      0.11948714E-13     -0.23139018E-23
  274.000000000000         0.99029660E-10     -0.54535290E-22      0.21064524E-13     -0.44361593E-25
  275.000000000000         0.99044797E-10     -0.55066557E-22      0.30272549E-13     -0.10625349E-23
  276.000000000000         0.99062830E-10     -0.55906105E-22      0.36067047E-13     -0.16790960E-23
  277.000000000000         0.99079929E-10     -0.56487904E-22      0.34198233E-13     -0.11635974E-23
  278.000000000000         0.99092232E-10     -0.56595871E-22      0.24604764E-13     -0.21593411E-24
  279.000000000000         0.99098346E-10     -0.56990302E-22      0.12229272E-13     -0.78886327E-24
  280.000000000000         0.99100091E-10     -0.56968817E-22      0.34890690E-14      0.42970042E-25
  281.000000000000         0.99100966E-10     -0.56447352E-22      0.17506269E-14      0.10429317E-23
  282.000000000000         0.99103890E-10     -0.58734144E-22      0.58476705E-14     -0.45735844E-23
  283.000000000000         0.99110034E-10     -0.58565622E-22      0.12286897E-13      0.33704319E-24
  284.000000000000         0.99118780E-10     -0.58199485E-22      0.17493752E-13      0.73227512E-24
  285.000000000000         0.99128494E-10     -0.57185167E-22      0.19426523E-13      0.20286355E-23
  286.000000000000         0.99137700E-10     -0.56122211E-22      0.18412145E-13      0.21259115E-23
  287.000000000000         0.99145463E-10     -0.57003721E-22      0.15526907E-13     -0.17630189E-23
  288.000000000000         0.99151576E-10     -0.56924811E-22      0.12226555E-13      0.15782010E-24
  289.000000000000         0.99156558E-10     -0.58818957E-22      0.99631322E-14     -0.37882925E-23
  290.000000000000         0.99160999E-10     -0.59804078E-22      0.88827839E-14     -0.19702422E-23
  291.000000000000         0.99165178E-10     -0.60807700E-22      0.83576299E-14     -0.20072432E-23
  292.000000000000         0.99169379E-10     -0.61185847E-22      0.84007486E-14     -0.75629436E-24
  293.000000000000         0.99174189E-10     -0.61134952E-22      0.96210958E-14      0.10178909E-24
  294.000000000000         0.99180524E-10     -0.61705833E-22      0.12669555E-13     -0.11417618E-23
  295.000000000000         0.99189327E-10     -0.61452108E-22      0.17605501E-13      0.50744977E-24
  296.000000000000         0.99200916E-10     -0.62323416E-22      0.23179031E-13     -0.17426150E-23
  297.000000000000         0.99214470E-10     -0.62572325E-22      0.27107826E-13     -0.49781777E-24
  298.000000000000         0.99228175E-10     -0.61571678E-22      0.27410371E-13      0.20012936E-23
  299.000000000000         0.99239980E-10     -0.60399984E-22      0.23609938E-13      0.23433878E-23
  300.000000000000         0.99248578E-10     -0.62132130E-22      0.17196120E-13     -0.34642913E-23
  301.000000000000         0.99254021E-10     -0.63169565E-22      0.10884591E-13     -0.20748706E-23
  302.000000000000         0.99257513E-10     -0.62325195E-22      0.69842072E-14      0.16887390E-23
  303.000000000000         0.99260526E-10     -0.61679154E-22      0.60267874E-14      0.12920824E-23
  304.000000000000         0.99264317E-10     -0.62026144E-22      0.75819021E-14     -0.69397908E-24
  305.000000000000         0.99269957E-10     -0.62543445E-22      0.11279711E-13     -0.10346029E-23
  306.000000000000         0.99278174E-10     -0.62685422E-22      0.16433654E-13     -0.28395443E-24
  307.000000000000         0.99289319E-10     -0.61698499E-22      0.22291399E-13      0.19738459E-23
  308.000000000000         0.99303541E-10     -0.62663792E-22      0.28443056E-13     -0.19305848E-23
  309.000000000000         0.99320820E-10     -0.62831924E-22      0.34557911E-13     -0.33626537E-24
  310.000000000000         0.99340720E-10     -0.63148087E-22      0.39799494E-13     -0.63232487E-24
  311.000000000000         0.99362136E-10     -0.64218787E-22      0.42832101E-13     -0.21414004E-23
  312.000000000000         0.99383359E-10     -0.64003777E-22      0.42445584E-13      0.43002070E-24
  313.000000000000         0.99402382E-10     -0.64947546E-22      0.38046224E-13     -0.18875383E-23
  314.000000000000         0.99417563E-10     -0.63798145E-22      0.30362313E-13      0.22988014E-23
  315.000000000000         0.99428494E-10     -0.63544326E-22      0.21861619E-13      0.50763751E-24
  316.000000000000         0.99436393E-10     -0.64144769E-22      0.15798973E-13     -0.12008853E-23
  317.000000000000         0.99443299E-10     -0.62870872E-22      0.13811970E-13      0.25477947E-23
  318.000000000000         0.99450662E-10     -0.63212407E-22      0.14726780E-13     -0.68307022E-24
  319.000000000000         0.99458666E-10     -0.63303308E-22      0.16006601E-13     -0.18180325E-24
  320.000000000000         0.99466653E-10     -0.63799860E-22      0.15974282E-13     -0.99310330E-24
  321.000000000000         0.99473829E-10     -0.62797418E-22      0.14351295E-13      0.20048845E-23
  322.000000000000         0.99479819E-10     -0.62409385E-22      0.11980334E-13      0.77606558E-24
  323.000000000000         0.99485198E-10     -0.62268639E-22      0.10759180E-13      0.28149298E-24
  324.000000000000         0.99491202E-10     -0.62586144E-22      0.12006327E-13     -0.63501173E-24
  325.000000000000         0.99498807E-10     -0.62967141E-22      0.15210730E-13     -0.76199388E-24
  326.000000000000         0.99507790E-10     -0.63573959E-22      0.17965371E-13     -0.12136349E-23
  327.000000000000         0.99516557E-10     -0.64243098E-22      0.17535219E-13     -0.13382781E-23
  328.000000000000         0.99523638E-10     -0.64815798E-22      0.14161010E-13     -0.11454008E-23
  329.000000000000         0.99529541E-10     -0.64299649E-22      0.11807613E-13      0.10322979E-23
  330.000000000000         0.99537071E-10     -0.63873459E-22      0.15058326E-13      0.85238156E-24
  331.000000000000         0.99549776E-10     -0.64162568E-22      0.25410029E-13     -0.57821848E-24
  332.000000000000         0.99569865E-10     -0.62868506E-22      0.40178796E-13      0.25881240E-23
  333.000000000000         0.99596285E-10     -0.62922090E-22      0.52840492E-13     -0.10716754E-24
  334.000000000000         0.99624032E-10     -0.63562283E-22      0.55493919E-13     -0.12803867E-23
  335.000000000000         0.99646864E-10     -0.64489057E-22      0.45663756E-13     -0.18535478E-23
  336.000000000000         0.99661700E-10     -0.64871591E-22      0.29670978E-13     -0.76506807E-24
  337.000000000000         0.99670335E-10     -0.64793518E-22      0.17271656E-13      0.15614476E-24
  338.000000000000         0.99678085E-10     -0.65280488E-22      0.15499964E-13     -0.97393951E-24
  339.000000000000         0.99690657E-10     -0.64598163E-22      0.25144031E-13      0.13646513E-23
  340.000000000000         0.99710468E-10     -0.64158749E-22      0.39621991E-13      0.87882655E-24
  341.000000000000         0.99734845E-10     -0.64070124E-22      0.48752839E-13      0.17725152E-24
  342.000000000000         0.99758151E-10     -0.63981091E-22      0.46612695E-13      0.17806563E-24
  343.000000000000         0.99775561E-10     -0.63212164E-22      0.34820183E-13      0.15378536E-23
  344.000000000000         0.99785948E-10     -0.63910544E-22      0.20773247E-13     -0.13967595E-23
  345.000000000000         0.99792712E-10     -0.64181710E-22      0.13527838E-13     -0.54233162E-24
  346.000000000000         0.99801022E-10     -0.63244333E-22      0.16619851E-13      0.18747540E-23
  347.000000000000         0.99813211E-10     -0.63722869E-22      0.24378179E-13     -0.95707366E-24
  348.000000000000         0.99827300E-10     -0.63124848E-22      0.28179210E-13      0.11960433E-23
  349.000000000000         0.99839627E-10     -0.63178436E-22      0.24653777E-13     -0.10717701E-24
  350.000000000000         0.99847895E-10     -0.63752280E-22      0.16535271E-13     -0.11476877E-23
  351.000000000000         0.99852401E-10     -0.65136919E-22      0.90111673E-14     -0.27692773E-23
  352.000000000000         0.99855755E-10     -0.66508400E-22      0.67087048E-14     -0.27429617E-23
  353.000000000000         0.99860818E-10     -0.65522534E-22      0.10125410E-13      0.19717302E-23
  354.000000000000         0.99868139E-10     -0.66172887E-22      0.14643102E-13     -0.13007046E-23
  355.000000000000         0.99875572E-10     -0.66666764E-22      0.14865646E-13     -0.98775404E-24
  356.000000000000         0.99880145E-10     -0.66458776E-22      0.91458921E-14      0.41597503E-24
  357.000000000000         0.99881285E-10     -0.65889023E-22      0.22801089E-14      0.11395072E-23
  358.000000000000         0.99882531E-10     -0.66870192E-22      0.24914654E-14     -0.19623380E-23
  359.000000000000         0.99889222E-10     -0.65803625E-22      0.13382104E-13      0.21331343E-23
  360.000000000000         0.99904014E-10     -0.65320442E-22      0.29584635E-13      0.96636486E-24
  361.000000000000         0.99924594E-10     -0.66106234E-22      0.41160638E-13     -0.15715837E-23
  362.000000000000         0.99945452E-10     -0.67439378E-22      0.41714857E-13     -0.26662891E-23
  363.000000000000         0.99961146E-10     -0.67861002E-22      0.31388973E-13     -0.84324734E-24
  364.000000000000         0.99969061E-10     -0.67946681E-22      0.15828777E-13     -0.17135715E-24
  365.000000000000         0.99971087E-10     -0.68289935E-22      0.40515794E-14     -0.68650857E-24
  366.000000000000         0.99972684E-10     -0.69029424E-22      0.31955482E-14     -0.14789777E-23
  367.000000000000         0.99979342E-10     -0.68811520E-22      0.13316281E-13      0.43580857E-24
  368.000000000000         0.99993170E-10     -0.69468850E-22      0.27655882E-13     -0.13146612E-23
  369.000000000000         0.10001160E-09     -0.70623816E-22      0.36862360E-13     -0.23099322E-23
  370.000000000000         0.10002896E-09     -0.72026201E-22      0.34716860E-13     -0.28047689E-23
  371.000000000000         0.10004066E-09     -0.70864932E-22      0.23408078E-13      0.23225382E-23
  372.000000000000         0.10004614E-09     -0.70526595E-22      0.10944071E-13      0.67667384E-24
  373.000000000000         0.10004813E-09     -0.71638911E-22      0.39909033E-14     -0.22246327E-23
  374.000000000000         0.10005022E-09     -0.71005678E-22      0.41731940E-14      0.12664665E-23
  375.000000000000         0.10005403E-09     -0.69452630E-22      0.76262114E-14      0.31060964E-23
  376.000000000000         0.10005822E-09     -0.69605367E-22      0.83786553E-14     -0.30547455E-24
  377.000000000000         0.10006012E-09     -0.69305464E-22      0.38019968E-14      0.59980644E-24
  378.000000000000         0.10005883E-09     -0.70349229E-22     -0.25826137E-14     -0.20875311E-23
  379.000000000000         0.10005736E-09     -0.70826949E-22     -0.29439955E-14     -0.95543914E-24
  380.000000000000         0.10006164E-09     -0.70234070E-22      0.85612354E-14      0.11857565E-23
  381.000000000000         0.10007657E-09     -0.70259350E-22      0.29871450E-13     -0.50558884E-25
  382.000000000000         0.10010164E-09     -0.69536777E-22      0.50133403E-13      0.14451466E-23
  383.000000000000         0.10012997E-09     -0.68830593E-22      0.56660016E-13      0.14123679E-23
  384.000000000000         0.10015247E-09     -0.69379095E-22      0.45002153E-13     -0.10970050E-23
  385.000000000000         0.10016365E-09     -0.68572586E-22      0.22349976E-13      0.16130178E-23
  386.000000000000         0.10016513E-09     -0.68243128E-22      0.29625996E-14      0.65891737E-24
  387.000000000000         0.10016507E-09     -0.67626047E-22     -0.11968335E-15      0.12341611E-23
  388.000000000000         0.10017333E-09     -0.69039785E-22      0.16520155E-13     -0.28274755E-23
  389.000000000000         0.10019520E-09     -0.70180154E-22      0.43742026E-13     -0.22807381E-23
  390.000000000000         0.10022819E-09     -0.71445693E-22      0.65973403E-13     -0.25310784E-23
  391.000000000000         0.10026392E-09     -0.71607319E-22      0.71465027E-13     -0.32325232E-24
  392.000000000000         0.10029323E-09     -0.72530253E-22      0.58616514E-13     -0.18458675E-23
  393.000000000000         0.10031114E-09     -0.71639195E-22      0.35816981E-13      0.17821165E-23
  394.000000000000         0.10031891E-09     -0.72326391E-22      0.15551387E-13     -0.13743929E-23
  395.000000000000         0.10032190E-09     -0.72094302E-22      0.59855034E-14      0.46417759E-24
  396.000000000000         0.10032545E-09     -0.73273611E-22      0.70886781E-14     -0.23586176E-23
  397.000000000000         0.10033157E-09     -0.73246392E-22      0.12247815E-13      0.54438502E-25
  398.000000000000         0.10033851E-09     -0.74140083E-22      0.13870266E-13     -0.17873813E-23
  399.000000000000         0.10034307E-09     -0.73338701E-22      0.91306704E-14      0.16027634E-23
  400.000000000000         0.10034420E-09     -0.71438547E-22      0.22596150E-14      0.38003082E-23
  401.000000000000         0.10034429E-09     -0.71779497E-22      0.17431234E-15     -0.68190004E-24
  402.000000000000         0.10034701E-09     -0.71686908E-22      0.54449676E-14      0.18517800E-24
  403.000000000000         0.10035433E-09     -0.71698537E-22      0.14629725E-13     -0.23257986E-25
  404.000000000000         0.10036508E-09     -0.73696290E-22      0.21502415E-13     -0.39955071E-23
  405.000000000000         0.10037570E-09     -0.73640615E-22      0.21234237E-13      0.11135008E-24
  406.000000000000         0.10038267E-09     -0.73821839E-22      0.13952853E-13     -0.36244766E-24
  407.000000000000         0.10038489E-09     -0.74721390E-22      0.44375809E-14     -0.17991022E-23
  408.000000000000         0.10038463E-09     -0.75506152E-22     -0.52230210E-15     -0.15695232E-23
  409.000000000000         0.10038662E-09     -0.76127539E-22      0.39872870E-14     -0.12427738E-23
  410.000000000000         0.10039537E-09     -0.77209037E-22      0.17500397E-13     -0.21629959E-23
  411.000000000000         0.10041224E-09     -0.78730230E-22      0.33731465E-13     -0.30423864E-23
  412.000000000000         0.10043430E-09     -0.79414492E-22      0.44118218E-13     -0.13685246E-23
  413.000000000000         0.10045615E-09     -0.79943257E-22      0.43707526E-13     -0.10575304E-23
  414.000000000000         0.10047353E-09     -0.81083562E-22      0.34765544E-13     -0.22806103E-23
  415.000000000000         0.10048547E-09     -0.84475652E-22      0.23873179E-13     -0.67841793E-23
  416.000000000000         0.10049396E-09     -0.84431302E-22      0.16978062E-13      0.88700309E-25
  417.000000000000         0.10050245E-09     -0.84191413E-22      0.16984897E-13      0.47977810E-24
  418.000000000000         0.10051369E-09     -0.83620904E-22      0.22483837E-13      0.11410187E-23
  419.000000000000         0.10052778E-09     -0.82103201E-22      0.28164795E-13      0.30354050E-23
  420.000000000000         0.10054223E-09     -0.81654216E-22      0.28899832E-13      0.89797062E-24
  421.000000000000         0.10055404E-09     -0.82684732E-22      0.23618658E-13     -0.20610329E-23
  422.000000000000         0.10056192E-09     -0.83520990E-22      0.15767487E-13     -0.16725157E-23
  423.000000000000         0.10056738E-09     -0.83860515E-22      0.10929074E-13     -0.67904989E-24
  424.000000000000         0.10057362E-09     -0.84391760E-22      0.12470167E-13     -0.10624891E-23
  425.000000000000         0.10058295E-09     -0.82291893E-22      0.18664033E-13      0.41997337E-23
  426.000000000000         0.10059500E-09     -0.82040428E-22      0.24095638E-13      0.50292959E-24
  427.000000000000         0.10060696E-09     -0.82077570E-22      0.23910852E-13     -0.74284270E-25
  428.000000000000         0.10061584E-09     -0.82403761E-22      0.17777172E-13     -0.65238245E-24
  429.000000000000         0.10062081E-09     -0.83681847E-22      0.99416969E-14     -0.25561720E-23
  430.000000000000         0.10062404E-09     -0.83178036E-22      0.64410492E-14      0.10076219E-23
  431.000000000000         0.10062932E-09     -0.83719284E-22      0.10569068E-13     -0.10824962E-23
  432.000000000000         0.10063911E-09     -0.83916302E-22      0.19581470E-13     -0.39403523E-24
  433.000000000000         0.10065257E-09     -0.84344634E-22      0.26916122E-13     -0.85666429E-24
  434.000000000000         0.10066640E-09     -0.85711373E-22      0.27665630E-13     -0.27334780E-23
  435.000000000000         0.10067710E-09     -0.86191877E-22      0.21401935E-13     -0.96100850E-24
  436.000000000000         0.10068313E-09     -0.85864772E-22      0.12048493E-13      0.65421024E-24
  437.000000000000         0.10068600E-09     -0.86471699E-22      0.57430158E-14     -0.12138526E-23
  438.000000000000         0.10068949E-09     -0.85532376E-22      0.69820928E-14      0.18786446E-23
  439.000000000000         0.10069729E-09     -0.85225280E-22      0.15605896E-13      0.61419211E-24
  440.000000000000         0.10071078E-09     -0.84766366E-22      0.26977466E-13      0.91782783E-24
  441.000000000000         0.10072813E-09     -0.82941590E-22      0.34701614E-13      0.36495522E-23
  442.000000000000         0.10074540E-09     -0.82924574E-22      0.34538805E-13      0.34032248E-25
  443.000000000000         0.10075913E-09     -0.82619982E-22      0.27468048E-13      0.60918442E-24
  444.000000000000         0.10076854E-09     -0.83654066E-22      0.18809073E-13     -0.20681685E-23
  445.000000000000         0.10077538E-09     -0.84848561E-22      0.13678074E-13     -0.23889887E-23
  446.000000000000         0.10078195E-09     -0.85636533E-22      0.13149959E-13     -0.15759445E-23
  447.000000000000         0.10078960E-09     -0.86277973E-22      0.15296709E-13     -0.12828795E-23
  448.000000000000         0.10079814E-09     -0.86602574E-22      0.17069264E-13     -0.64920334E-24
  449.000000000000         0.10080595E-09     -0.84664840E-22      0.15620362E-13      0.38754693E-23
  450.000000000000         0.10081131E-09     -0.85597935E-22      0.10722424E-13     -0.18661901E-23
  451.000000000000         0.10081382E-09     -0.85916496E-22      0.50288733E-14     -0.63712272E-24
  452.000000000000         0.10081483E-09     -0.84920328E-22      0.20162939E-14      0.19923353E-23
  453.000000000000         0.10081660E-09     -0.85643713E-22      0.35318259E-14     -0.14467701E-23
  454.000000000000         0.10082032E-09     -0.85165185E-22      0.74475376E-14      0.95705631E-24
  455.000000000000         0.10082499E-09     -0.87836948E-22      0.93440577E-14     -0.53435253E-23
  456.000000000000         0.10082824E-09     -0.87951209E-22      0.65002692E-14     -0.22852275E-24
  457.000000000000         0.10082863E-09     -0.86949032E-22      0.78371812E-15      0.20043544E-23
  458.000000000000         0.10082699E-09     -0.86800617E-22     -0.32908830E-14      0.29683021E-24
  459.000000000000         0.10082557E-09     -0.87840611E-22     -0.28415055E-14     -0.20799888E-23
  460.000000000000         0.10082660E-09     -0.88059013E-22      0.20609285E-14     -0.43680412E-24
  461.000000000000         0.10083109E-09     -0.89468277E-22      0.89799212E-14     -0.28185267E-23
  462.000000000000         0.10083829E-09     -0.90329124E-22      0.14408621E-13     -0.17216944E-23
  463.000000000000         0.10084662E-09     -0.90830610E-22      0.16646500E-13     -0.10029727E-23
  464.000000000000         0.10085499E-09     -0.92585691E-22      0.16742492E-13     -0.35101620E-23
  465.000000000000         0.10086336E-09     -0.93791498E-22      0.16748169E-13     -0.24116133E-23
  466.000000000000         0.10087234E-09     -0.92217403E-22      0.17967200E-13      0.31481900E-23
  467.000000000000         0.10088171E-09     -0.91997239E-22      0.18740094E-13      0.44032717E-24
  468.000000000000         0.10088923E-09     -0.92591092E-22      0.15030123E-13     -0.11877050E-23
  469.000000000000         0.10089235E-09     -0.92955531E-22      0.62400679E-14     -0.72887829E-24
  470.000000000000         0.10089129E-09     -0.92354060E-22     -0.21251985E-14      0.12029411E-23
  471.000000000000         0.10088970E-09     -0.93407800E-22     -0.31819473E-14     -0.21074790E-23
  472.000000000000         0.10089249E-09     -0.93606547E-22      0.55948761E-14     -0.39749360E-24
  473.000000000000         0.10090228E-09     -0.93926936E-22      0.19570614E-13     -0.64077830E-24
  474.000000000000         0.10091705E-09     -0.93026061E-22      0.29549908E-13      0.18017496E-23
  475.000000000000         0.10093114E-09     -0.92072680E-22      0.28172213E-13      0.19067628E-23
  476.000000000000         0.10093896E-09     -0.90219808E-22      0.15643085E-13      0.37057443E-23
  477.000000000000         0.10093911E-09     -0.90245485E-22      0.30098486E-15     -0.51354056E-25
  478.000000000000         0.10093508E-09     -0.91037543E-22     -0.80732211E-14     -0.15841171E-23
  479.000000000000         0.10093255E-09     -0.90977070E-22     -0.50548165E-14      0.12094579E-24
  480.000000000000         0.10093514E-09     -0.89868605E-22      0.51851210E-14      0.22169303E-23
  481.000000000000         0.10094166E-09     -0.89838210E-22      0.13045567E-13      0.60790410E-25
  482.000000000000         0.10094774E-09     -0.90873376E-22      0.12143937E-13     -0.20703331E-23
  483.000000000000         0.10094974E-09     -0.90388541E-22      0.40154563E-14      0.96967177E-24
  484.000000000000         0.10094761E-09     -0.90948668E-22     -0.42681874E-14     -0.11202543E-23
  485.000000000000         0.10094512E-09     -0.92184798E-22     -0.49862167E-14     -0.24722609E-23
  486.000000000000         0.10094744E-09     -0.89952945E-22      0.46503828E-14      0.44637071E-23
  487.000000000000         0.10095685E-09     -0.90257449E-22      0.18807518E-13     -0.60900930E-24
  488.000000000000         0.10097024E-09     -0.90831012E-22      0.26786558E-13     -0.11471260E-23
  489.000000000000         0.10098157E-09     -0.92186601E-22      0.22653926E-13     -0.27111785E-23
  490.000000000000         0.10098655E-09     -0.91433742E-22      0.99642636E-14      0.15057185E-23
  491.000000000000         0.10098573E-09     -0.91712214E-22     -0.16398375E-14     -0.55694448E-24
  492.000000000000         0.10098411E-09     -0.93365046E-22     -0.32307183E-14     -0.33056640E-23
  493.000000000000         0.10098806E-09     -0.93584455E-22      0.78973323E-14     -0.43881729E-24
  494.000000000000         0.10100101E-09     -0.93697084E-22      0.25902696E-13     -0.22525686E-24
  495.000000000000         0.10102149E-09     -0.93782859E-22      0.40956619E-13     -0.17155121E-24
  496.000000000000         0.10104433E-09     -0.96532239E-22      0.45679572E-13     -0.54987605E-23
  497.000000000000         0.10106323E-09     -0.94947760E-22      0.37796403E-13      0.31689592E-23
  498.000000000000         0.10107413E-09     -0.96059301E-22      0.21807932E-13     -0.22230818E-23
  499.000000000000         0.10107778E-09     -0.96905740E-22      0.72991839E-14     -0.16928789E-23
  500.000000000000         0.10107840E-09     -0.97449585E-22      0.12411052E-14     -0.10876901E-23
