 #            500
    0.000000000000         0.00000000E+00      0.00000000E+00      0.00000000E+00      0.00000000E+00
    1.000000000000        -0.23803962E-21     -0.11380631E-22     -0.47607925E-21     -0.22761262E-22
    2.000000000000         0.70289324E-18     -0.32203547E-22      0.14062626E-17     -0.41645832E-22
    3.000000000000         0.22111488E-15     -0.45671828E-23      0.44082398E-15      0.55272729E-22
    4.000000000000         0.12415530E-13     -0.73047560E-23      0.24388829E-13     -0.54751465E-23
    5.000000000000         0.22020485E-12     -0.13027359E-22      0.41557864E-12     -0.11445206E-22
    6.000000000000         0.18476947E-11     -0.12241392E-22      0.32549797E-11      0.15719331E-23
    7.000000000000         0.96779653E-11     -0.15733803E-22      0.15660541E-10     -0.69848222E-23
    8.000000000000         0.36292985E-10     -0.19533176E-22      0.53230039E-10     -0.75987453E-23
    9.000000000000         0.10879506E-09     -0.24080566E-22      0.14500415E-09     -0.90947790E-23
   10.000000000000         0.27546714E-09     -0.23302980E-22      0.33334416E-09      0.15551714E-23
   11.000000000000         0.60531934E-09     -0.34743906E-23      0.65970441E-09      0.39657178E-22
   12.000000000000         0.11764930E-08     -0.92884004E-23      0.11423474E-08     -0.11628020E-22
   13.000000000000         0.20452869E-08      0.52152136E-23      0.17375876E-08      0.29007228E-22
   14.000000000000         0.31203105E-08      0.54357016E-22      0.21500473E-08      0.98283604E-22
   15.000000000000         0.42689186E-08      0.44872392E-22      0.22972162E-08     -0.18969248E-22
   16.000000000000         0.54032961E-08      0.49243043E-22      0.22687550E-08      0.87413030E-23
   17.000000000000         0.64361935E-08      0.38621046E-22      0.20657949E-08     -0.21243994E-22
   18.000000000000         0.72798017E-08      0.15643039E-22      0.16872164E-08     -0.45956015E-22
   19.000000000000         0.78899435E-08      0.69282636E-22      0.12202835E-08      0.10727919E-21
   20.000000000000         0.82887242E-08      0.61736716E-22      0.79756148E-09     -0.15091838E-22
   21.000000000000         0.85452947E-08      0.63031290E-22      0.51314107E-09      0.25891472E-23
   22.000000000000         0.87352858E-08      0.64144918E-22      0.37998211E-09      0.22272557E-23
   23.000000000000         0.89070028E-08      0.47887753E-22      0.34343399E-09     -0.32514330E-22
   24.000000000000         0.90777140E-08      0.92299116E-22      0.34142253E-09      0.88822726E-22
   25.000000000000         0.92503601E-08      0.97729593E-22      0.34529203E-09      0.10860953E-22
   26.000000000000         0.94303330E-08      0.92174077E-22      0.35994589E-09     -0.11111032E-22
   27.000000000000         0.96310356E-08      0.10238669E-21      0.40140528E-09      0.20425229E-22
   28.000000000000         0.98605039E-08      0.12816064E-21      0.45893654E-09      0.51547900E-22
   29.000000000000         0.10106412E-07      0.13966573E-21      0.49181557E-09      0.23010169E-22
   30.000000000000         0.10339987E-07      0.11454222E-21      0.46715152E-09     -0.50247014E-22
   31.000000000000         0.10534153E-07      0.94769536E-22      0.38833025E-09     -0.39545365E-22
   32.000000000000         0.10675796E-07      0.10268155E-21      0.28328693E-09      0.15824037E-22
   33.000000000000         0.10772444E-07      0.96479803E-22      0.19329621E-09     -0.12403501E-22
   34.000000000000         0.10846015E-07      0.90846739E-22      0.14714086E-09     -0.11266128E-22
   35.000000000000         0.10914575E-07      0.49748307E-22      0.13712031E-09     -0.82196866E-22
   36.000000000000         0.10981266E-07      0.74022992E-22      0.13338222E-09      0.48549370E-22
   37.000000000000         0.11039733E-07      0.86665449E-22      0.11693392E-09      0.25284915E-22
   38.000000000000         0.11087295E-07      0.86770951E-22      0.95124464E-10      0.21100294E-24
   39.000000000000         0.11132097E-07      0.10701313E-21      0.89604000E-10      0.40484359E-22
   40.000000000000         0.11187309E-07      0.10132837E-21      0.11042302E-09     -0.11369526E-22
   41.000000000000         0.11260144E-07      0.10058084E-21      0.14567025E-09     -0.14950571E-23
   42.000000000000         0.11346002E-07      0.10324543E-21      0.17171684E-09      0.53291830E-23
   43.000000000000         0.11432525E-07      0.13270292E-21      0.17304681E-09      0.58914977E-22
   44.000000000000         0.11508100E-07      0.92354118E-22      0.15114824E-09     -0.80697601E-22
   45.000000000000         0.11565360E-07      0.88116922E-22      0.11452165E-09     -0.84743935E-23
   46.000000000000         0.11602027E-07      0.12093483E-21      0.73333689E-10      0.65635820E-22
   47.000000000000         0.11622209E-07      0.13158689E-21      0.40363174E-10      0.21304109E-22
   48.000000000000         0.11636207E-07      0.12547561E-21      0.27995368E-10     -0.12222556E-22
   49.000000000000         0.11655946E-07      0.10727974E-21      0.39478490E-10     -0.36391739E-22
   50.000000000000         0.11688807E-07      0.10591182E-21      0.65721432E-10     -0.27358280E-23
   51.000000000000         0.11733518E-07      0.82080787E-22      0.89422728E-10     -0.47662075E-22
   52.000000000000         0.11782330E-07      0.97566678E-22      0.97623792E-10      0.30971782E-22
   53.000000000000         0.11824844E-07      0.12089786E-21      0.85028244E-10      0.46662364E-22
   54.000000000000         0.11854570E-07      0.11558145E-21      0.59452985E-10     -0.10632818E-22
   55.000000000000         0.11873442E-07      0.12663094E-21      0.37743879E-10      0.22098977E-22
   56.000000000000         0.11888358E-07      0.13837513E-21      0.29830806E-10      0.23488382E-22
   57.000000000000         0.11906390E-07      0.14036764E-21      0.36065475E-10      0.39850145E-23
   58.000000000000         0.11931684E-07      0.15447059E-21      0.50587481E-10      0.28205897E-22
   59.000000000000         0.11962296E-07      0.15835010E-21      0.61222873E-10      0.77590260E-23
   60.000000000000         0.11991980E-07      0.18204317E-21      0.59368487E-10      0.47386147E-22
   61.000000000000         0.12015234E-07      0.15876467E-21      0.46508849E-10     -0.46557013E-22
   62.000000000000         0.12029099E-07      0.14925096E-21      0.27729638E-10     -0.19027409E-22
   63.000000000000         0.12034844E-07      0.17000367E-21      0.11490694E-10      0.41505410E-22
   64.000000000000         0.12038275E-07      0.20437900E-21      0.68620289E-11      0.68750672E-22
   65.000000000000         0.12045782E-07      0.19453249E-21      0.15013314E-10     -0.19693031E-22
   66.000000000000         0.12060312E-07      0.19020482E-21      0.29059535E-10     -0.86553393E-23
   67.000000000000         0.12079670E-07      0.20541283E-21      0.38715891E-10      0.30416020E-22
   68.000000000000         0.12098061E-07      0.21072052E-21      0.36781912E-10      0.10615384E-22
   69.000000000000         0.12111504E-07      0.20332647E-21      0.26886571E-10     -0.14788108E-22
   70.000000000000         0.12120844E-07      0.16564015E-21      0.18679145E-10     -0.75372626E-22
   71.000000000000         0.12130341E-07      0.16190056E-21      0.18995341E-10     -0.74791918E-23
   72.000000000000         0.12143487E-07      0.17946732E-21      0.26292109E-10      0.35133534E-22
   73.000000000000         0.12159132E-07      0.21543240E-21      0.31288549E-10      0.71930147E-22
   74.000000000000         0.12173344E-07      0.19315879E-21      0.28425618E-10     -0.44547223E-22
   75.000000000000         0.12184538E-07      0.22710438E-21      0.22386774E-10      0.67891179E-22
   76.000000000000         0.12193197E-07      0.19580609E-21      0.17318165E-10     -0.62596562E-22
   77.000000000000         0.12199701E-07      0.21001890E-21      0.13007087E-10      0.28425617E-22
   78.000000000000         0.12203862E-07      0.20968173E-21      0.83235575E-11     -0.67433881E-24
   79.000000000000         0.12205299E-07      0.18045464E-21      0.28736847E-11     -0.58454197E-22
   80.000000000000         0.12205159E-07      0.19736871E-21     -0.28122194E-12      0.33828140E-22
   81.000000000000         0.12206752E-07      0.20454402E-21      0.31876599E-11      0.14350622E-22
   82.000000000000         0.12213187E-07      0.21681812E-21      0.12868355E-10      0.24548208E-22
   83.000000000000         0.12224872E-07      0.19764644E-21      0.23369967E-10     -0.38343368E-22
   84.000000000000         0.12238864E-07      0.23562130E-21      0.27984477E-10      0.75949728E-22
   85.000000000000         0.12250829E-07      0.16235330E-21      0.23929887E-10     -0.14653601E-21
   86.000000000000         0.12259427E-07      0.17712510E-21      0.17197596E-10      0.29543603E-22
   87.000000000000         0.12267626E-07      0.18350554E-21      0.16397255E-10      0.12760884E-22
   88.000000000000         0.12279562E-07      0.17570113E-21      0.23871415E-10     -0.15608826E-22
   89.000000000000         0.12296716E-07      0.17736728E-21      0.34308382E-10      0.33323173E-23
   90.000000000000         0.12316656E-07      0.16876316E-21      0.39879699E-10     -0.17208258E-22
   91.000000000000         0.12335135E-07      0.16488058E-21      0.36957366E-10     -0.77651507E-23
   92.000000000000         0.12349452E-07      0.15371615E-21      0.28635648E-10     -0.22328861E-22
   93.000000000000         0.12359660E-07      0.15851332E-21      0.20414333E-10      0.95943330E-23
   94.000000000000         0.12367182E-07      0.18229363E-21      0.15044495E-10      0.47560631E-22
   95.000000000000         0.12373111E-07      0.16350323E-21      0.11858254E-10     -0.37580811E-22
   96.000000000000         0.12377380E-07      0.12042731E-21      0.85383613E-11     -0.86151823E-22
   97.000000000000         0.12379745E-07      0.10599738E-21      0.47303998E-11     -0.28859872E-22
   98.000000000000         0.12381545E-07      0.89667512E-22      0.35985837E-11     -0.32659733E-22
   99.000000000000         0.12385084E-07      0.12110894E-21      0.70789039E-11      0.62882859E-22
  100.000000000000         0.12391382E-07      0.11900755E-21      0.12595746E-10     -0.42027811E-23
  101.000000000000         0.12399294E-07      0.13701214E-21      0.15823238E-10      0.36009183E-22
  102.000000000000         0.12407118E-07      0.12523015E-21      0.15648128E-10     -0.23563977E-22
  103.000000000000         0.12414529E-07      0.13667546E-21      0.14823150E-10      0.22890615E-22
  104.000000000000         0.12423015E-07      0.16400522E-21      0.16971485E-10      0.54659521E-22
  105.000000000000         0.12434363E-07      0.13799960E-21      0.22695388E-10     -0.52011236E-22
  106.000000000000         0.12448300E-07      0.15546297E-21      0.27874184E-10      0.34926739E-22
  107.000000000000         0.12462114E-07      0.17023801E-21      0.27629008E-10      0.29550065E-22
  108.000000000000         0.12473194E-07      0.16920290E-21      0.22158743E-10     -0.20702061E-23
  109.000000000000         0.12481531E-07      0.16447134E-21      0.16675707E-10     -0.94631328E-23
  110.000000000000         0.12489113E-07      0.17779880E-21      0.15163739E-10      0.26654933E-22
  111.000000000000         0.12498065E-07      0.19736890E-21      0.17902930E-10      0.39140191E-22
  112.000000000000         0.12508224E-07      0.18744484E-21      0.20318327E-10     -0.19848127E-22
  113.000000000000         0.12516999E-07      0.18238611E-21      0.17550666E-10     -0.10117446E-22
  114.000000000000         0.12522184E-07      0.17365395E-21      0.10368988E-10     -0.17464328E-22
  115.000000000000         0.12524197E-07      0.15725784E-21      0.40257869E-11     -0.32792211E-22
  116.000000000000         0.12525462E-07      0.15206260E-21      0.25307189E-11     -0.10390480E-22
  117.000000000000         0.12527835E-07      0.14990951E-21      0.47450615E-11     -0.43061787E-23
  118.000000000000         0.12531174E-07      0.15600884E-21      0.66785942E-11      0.12198659E-22
  119.000000000000         0.12534476E-07      0.14580044E-21      0.66043993E-11     -0.20416814E-22
  120.000000000000         0.12536978E-07      0.13712684E-21      0.50047986E-11     -0.17347198E-22
  121.000000000000         0.12538833E-07      0.13851754E-21      0.37083334E-11      0.27814021E-23
  122.000000000000         0.12541106E-07      0.13008305E-21      0.45471764E-11     -0.16868984E-22
  123.000000000000         0.12544415E-07      0.14978885E-21      0.66171280E-11      0.39411609E-22
  124.000000000000         0.12548606E-07      0.15792705E-21      0.83823042E-11      0.16276401E-22
  125.000000000000         0.12554167E-07      0.20340470E-21      0.11123122E-10      0.90955301E-22
  126.000000000000         0.12561822E-07      0.24632326E-21      0.15309631E-10      0.85837121E-22
  127.000000000000         0.12571601E-07      0.25819024E-21      0.19556770E-10      0.23733952E-22
  128.000000000000         0.12582124E-07      0.30295057E-21      0.21046964E-10      0.89520660E-22
  129.000000000000         0.12590534E-07      0.30818717E-21      0.16820710E-10      0.10473212E-22
  130.000000000000         0.12595077E-07      0.33392235E-21      0.90844882E-11      0.51470352E-22
  131.000000000000         0.12596491E-07      0.32419054E-21      0.28277162E-11     -0.19463617E-22
  132.000000000000         0.12596599E-07      0.32298419E-21      0.21710984E-12     -0.24127106E-23
  133.000000000000         0.12596870E-07      0.31358357E-21      0.54082211E-12     -0.18801226E-22
  134.000000000000         0.12597628E-07      0.32879805E-21      0.15161801E-11      0.30428945E-22
  135.000000000000         0.12598066E-07      0.32380475E-21      0.87746830E-12     -0.99865831E-23
  136.000000000000         0.12598277E-07      0.30808396E-21      0.42161587E-12     -0.31441580E-22
  137.000000000000         0.12599338E-07      0.32104954E-21      0.21217664E-11      0.25931150E-22
  138.000000000000         0.12602116E-07      0.29505361E-21      0.55559092E-11     -0.51991849E-22
  139.000000000000         0.12606553E-07      0.28462549E-21      0.88739517E-11     -0.20856253E-22
  140.000000000000         0.12611072E-07      0.30927176E-21      0.90386100E-11      0.49292540E-22
  141.000000000000         0.12614037E-07      0.29302106E-21      0.59285382E-11     -0.32501405E-22
  142.000000000000         0.12615669E-07      0.26790078E-21      0.32647800E-11     -0.50240552E-22
  143.000000000000         0.12616791E-07      0.26886900E-21      0.22436742E-11      0.19364500E-23
  144.000000000000         0.12617764E-07      0.28265530E-21      0.19466292E-11      0.27572587E-22
  145.000000000000         0.12618808E-07      0.30554704E-21      0.20882741E-11      0.45783485E-22
  146.000000000000         0.12620023E-07      0.30539728E-21      0.24299743E-11     -0.29952260E-24
  147.000000000000         0.12621348E-07      0.26901959E-21      0.26493689E-11     -0.72755374E-22
  148.000000000000         0.12622784E-07      0.30569229E-21      0.28728165E-11      0.73345401E-22
  149.000000000000         0.12624170E-07      0.33692693E-21      0.27712225E-11      0.62469269E-22
  150.000000000000         0.12625065E-07      0.33751064E-21      0.17899992E-11      0.11674305E-23
  151.000000000000         0.12625084E-07      0.33766784E-21      0.38674362E-13      0.31440051E-24
  152.000000000000         0.12624960E-07      0.31404360E-21     -0.24834068E-12     -0.47248485E-22
  153.000000000000         0.12626616E-07      0.27664809E-21      0.33111146E-11     -0.74791014E-22
  154.000000000000         0.12630691E-07      0.33134105E-21      0.81498776E-11      0.10938592E-21
  155.000000000000         0.12635571E-07      0.35857549E-21      0.97608651E-11      0.54468881E-22
  156.000000000000         0.12639264E-07      0.33846031E-21      0.73851476E-11     -0.40230374E-22
  157.000000000000         0.12641023E-07      0.33643646E-21      0.35191907E-11     -0.40476847E-23
  158.000000000000         0.12641526E-07      0.31428241E-21      0.10057244E-11     -0.44308116E-22
  159.000000000000         0.12641835E-07      0.26063732E-21      0.61863402E-12     -0.10729016E-21
  160.000000000000         0.12642351E-07      0.23693553E-21      0.10314263E-11     -0.47403581E-22
  161.000000000000         0.12643221E-07      0.26835111E-21      0.17406641E-11      0.62831160E-22
  162.000000000000         0.12644660E-07      0.28003391E-21      0.28779724E-11      0.23365598E-22
  163.000000000000         0.12646806E-07      0.28655976E-21      0.42902851E-11      0.13051689E-22
  164.000000000000         0.12649672E-07      0.27561464E-21      0.57338473E-11     -0.21890229E-22
  165.000000000000         0.12653001E-07      0.29108761E-21      0.66562421E-11      0.30945933E-22
  166.000000000000         0.12656133E-07      0.25774561E-21      0.62649843E-11     -0.66683998E-22
  167.000000000000         0.12658663E-07      0.27519282E-21      0.50599495E-11      0.34894428E-22
  168.000000000000         0.12661125E-07      0.32908122E-21      0.49235164E-11      0.10777679E-21
  169.000000000000         0.12664607E-07      0.35221530E-21      0.69638252E-11      0.46268161E-22
  170.000000000000         0.12669503E-07      0.35600434E-21      0.97924303E-11      0.75780803E-23
  171.000000000000         0.12674933E-07      0.40231240E-21      0.10859353E-10      0.92616125E-22
  172.000000000000         0.12679634E-07      0.40802722E-21      0.94027471E-11      0.11429640E-22
  173.000000000000         0.12683145E-07      0.40622633E-21      0.70212864E-11     -0.36017827E-23
  174.000000000000         0.12686027E-07      0.39445242E-21      0.57638350E-11     -0.23547821E-22
  175.000000000000         0.12689048E-07      0.43309614E-21      0.60433136E-11      0.77287434E-22
  176.000000000000         0.12692293E-07      0.43025804E-21      0.64893757E-11     -0.56761966E-23
  177.000000000000         0.12695332E-07      0.43266414E-21      0.60782217E-11      0.48121951E-23
  178.000000000000         0.12698115E-07      0.41868172E-21      0.55669144E-11     -0.27964837E-22
  179.000000000000         0.12701468E-07      0.43667500E-21      0.67041499E-11      0.35986564E-22
  180.000000000000         0.12706574E-07      0.43835732E-21      0.10212232E-10      0.33646290E-23
  181.000000000000         0.12713686E-07      0.43001976E-21      0.14225435E-10     -0.16675114E-22
  182.000000000000         0.12721899E-07      0.43198642E-21      0.16424675E-10      0.39333157E-23
  183.000000000000         0.12730217E-07      0.43110964E-21      0.16637358E-10     -0.17535510E-23
  184.000000000000         0.12738190E-07      0.45512260E-21      0.15944819E-10      0.48025920E-22
  185.000000000000         0.12745982E-07      0.47958469E-21      0.15583626E-10      0.48924186E-22
  186.000000000000         0.12754354E-07      0.50108380E-21      0.16743949E-10      0.42998213E-22
  187.000000000000         0.12763753E-07      0.50198417E-21      0.18798738E-10      0.18007407E-23
  188.000000000000         0.12773755E-07      0.48145862E-21      0.20004667E-10     -0.41051092E-22
  189.000000000000         0.12783695E-07      0.48008425E-21      0.19879554E-10     -0.27487527E-23
  190.000000000000         0.12793334E-07      0.49898064E-21      0.19278541E-10      0.37792791E-22
  191.000000000000         0.12802918E-07      0.48289635E-21      0.19166988E-10     -0.32168594E-22
  192.000000000000         0.12812753E-07      0.47601605E-21      0.19671028E-10     -0.13760595E-22
  193.000000000000         0.12822527E-07      0.48660025E-21      0.19546408E-10      0.21168399E-22
  194.000000000000         0.12831188E-07      0.47155154E-21      0.17323601E-10     -0.30097412E-22
  195.000000000000         0.12837898E-07      0.50776542E-21      0.13419763E-10      0.72427748E-22
  196.000000000000         0.12842744E-07      0.49478143E-21      0.96921128E-11     -0.25967971E-22
  197.000000000000         0.12846620E-07      0.47667765E-21      0.77504974E-11     -0.36207562E-22
  198.000000000000         0.12850270E-07      0.46675682E-21      0.73015477E-11     -0.19841665E-22
  199.000000000000         0.12853737E-07      0.49602912E-21      0.69330924E-11      0.58544604E-22
  200.000000000000         0.12856745E-07      0.48714085E-21      0.60157313E-11     -0.17776540E-22
  201.000000000000         0.12859177E-07      0.50479405E-21      0.48638225E-11      0.35306402E-22
  202.000000000000         0.12861223E-07      0.52907358E-21      0.40924111E-11      0.48559064E-22
  203.000000000000         0.12863367E-07      0.49392859E-21      0.42880098E-11     -0.70289988E-22
  204.000000000000         0.12865866E-07      0.49966603E-21      0.49983404E-11      0.11474876E-22
  205.000000000000         0.12868735E-07      0.50988187E-21      0.57371170E-11      0.20431692E-22
  206.000000000000         0.12872103E-07      0.49699159E-21      0.67369088E-11     -0.25780563E-22
  207.000000000000         0.12876156E-07      0.51580236E-21      0.81063442E-11      0.37621539E-22
  208.000000000000         0.12880936E-07      0.52224581E-21      0.95600905E-11      0.12886900E-22
  209.000000000000         0.12886259E-07      0.50251029E-21      0.10645373E-10     -0.39471048E-22
  210.000000000000         0.12891264E-07      0.50336542E-21      0.10010356E-10      0.17102678E-23
  211.000000000000         0.12894928E-07      0.50563258E-21      0.73285026E-11      0.45343141E-23
  212.000000000000         0.12897012E-07      0.53555697E-21      0.41667705E-11      0.59848786E-22
  213.000000000000         0.12898012E-07      0.54068533E-21      0.20012559E-11      0.10256724E-22
  214.000000000000         0.12898715E-07      0.52855599E-21      0.14058782E-11     -0.24258680E-22
  215.000000000000         0.12899599E-07      0.53290241E-21      0.17681706E-11      0.86928354E-23
  216.000000000000         0.12900597E-07      0.52759731E-21      0.19942060E-11     -0.10610200E-22
  217.000000000000         0.12901790E-07      0.51991891E-21      0.23868483E-11     -0.15356795E-22
  218.000000000000         0.12903676E-07      0.52406500E-21      0.37717811E-11      0.82921698E-23
  219.000000000000         0.12906711E-07      0.49359390E-21      0.60707660E-11     -0.60942201E-22
  220.000000000000         0.12910930E-07      0.51288288E-21      0.84375681E-11      0.38577966E-22
  221.000000000000         0.12915532E-07      0.53034625E-21      0.92035012E-11      0.34926739E-22
  222.000000000000         0.12919434E-07      0.54308887E-21      0.78040865E-11      0.25485248E-22
  223.000000000000         0.12922218E-07      0.55833727E-21      0.55688647E-11      0.30496799E-22
  224.000000000000         0.12924366E-07      0.56429443E-21      0.42952066E-11      0.11914316E-22
  225.000000000000         0.12926469E-07      0.57184456E-21      0.42066679E-11      0.15100254E-22
  226.000000000000         0.12928706E-07      0.55572795E-21      0.44734530E-11     -0.32233218E-22
  227.000000000000         0.12931124E-07      0.57485053E-21      0.48368909E-11      0.38245155E-22
  228.000000000000         0.12934088E-07      0.56121707E-21      0.59264082E-11     -0.27266903E-22
  229.000000000000         0.12938027E-07      0.57378845E-21      0.78782247E-11      0.25142744E-22
  230.000000000000         0.12943085E-07      0.59806959E-21      0.10117286E-10      0.48562295E-22
  231.000000000000         0.12948478E-07      0.57988988E-21      0.10784668E-10     -0.36359427E-22
  232.000000000000         0.12952675E-07      0.57087055E-21      0.83950872E-11     -0.18038669E-22
  233.000000000000         0.12954784E-07      0.58084728E-21      0.42179253E-11      0.19953478E-22
  234.000000000000         0.12955356E-07      0.58814861E-21      0.11439799E-11      0.14602653E-22
  235.000000000000         0.12955809E-07      0.63223524E-21      0.90593931E-12      0.88173260E-22
  236.000000000000         0.12957431E-07      0.61110223E-21      0.32436377E-11     -0.42266014E-22
  237.000000000000         0.12960364E-07      0.61802551E-21      0.58662845E-11      0.13846558E-22
  238.000000000000         0.12963659E-07      0.60744229E-21      0.65891120E-11     -0.21166446E-22
  239.000000000000         0.12966661E-07      0.57911992E-21      0.60054519E-11     -0.56644739E-22
  240.000000000000         0.12969613E-07      0.57908648E-21      0.59033537E-11     -0.66878050E-25
  241.000000000000         0.12972665E-07      0.53390061E-21      0.61043451E-11     -0.90371736E-22
  242.000000000000         0.12975204E-07      0.51939313E-21      0.50767006E-11     -0.29014968E-22
  243.000000000000         0.12976540E-07      0.49172023E-21      0.26728879E-11     -0.55345807E-22
  244.000000000000         0.12976757E-07      0.48752019E-21      0.43472726E-12     -0.84000765E-23
  245.000000000000         0.12976656E-07      0.50144865E-21     -0.20251826E-12      0.27856930E-22
  246.000000000000         0.12977137E-07      0.47080630E-21      0.96253778E-12     -0.61284706E-22
  247.000000000000         0.12978818E-07      0.49737512E-21      0.33615536E-11      0.53137637E-22
  248.000000000000         0.12981502E-07      0.48816514E-21      0.53676558E-11     -0.18419948E-22
  249.000000000000         0.12984659E-07      0.47861913E-21      0.63139123E-11     -0.19092032E-22
  250.000000000000         0.12988258E-07      0.47260155E-21      0.71971649E-11     -0.12035148E-22
  251.000000000000         0.12992479E-07      0.45594049E-21      0.84426638E-11     -0.33322124E-22
  252.000000000000         0.12997046E-07      0.45616232E-21      0.91336088E-11      0.44364748E-24
  253.000000000000         0.13001131E-07      0.48818536E-21      0.81706293E-11      0.64046082E-22
  254.000000000000         0.13003649E-07      0.49159635E-21      0.50366923E-11      0.68219855E-23
  255.000000000000         0.13004324E-07      0.51933485E-21      0.13497848E-11      0.55477008E-22
  256.000000000000         0.13004030E-07      0.55495419E-21     -0.58873510E-12      0.71238676E-22
  257.000000000000         0.13003696E-07      0.54874598E-21     -0.66761089E-12     -0.12416426E-22
  258.000000000000         0.13003692E-07      0.54853806E-21     -0.89947915E-14     -0.41584487E-24
  259.000000000000         0.13004018E-07      0.58535293E-21      0.65216895E-12      0.73629745E-22
  260.000000000000         0.13004644E-07      0.60020551E-21      0.12530700E-11      0.29705162E-22
  261.000000000000         0.13005973E-07      0.61001746E-21      0.26576784E-11      0.19623898E-22
  262.000000000000         0.13008413E-07      0.61299870E-21      0.48803765E-11      0.59624931E-23
  263.000000000000         0.13011690E-07      0.61607689E-21      0.65535744E-11      0.61563636E-23
  264.000000000000         0.13014996E-07      0.61889657E-21      0.66127179E-11      0.56393757E-23
  265.000000000000         0.13017437E-07      0.61738326E-21      0.48822070E-11     -0.30266337E-23
  266.000000000000         0.13018844E-07      0.59932310E-21      0.28131224E-11     -0.36120321E-22
  267.000000000000         0.13019888E-07      0.59601163E-21      0.20874345E-11     -0.66229306E-23
  268.000000000000         0.13021061E-07      0.60244700E-21      0.23456101E-11      0.12870744E-22
  269.000000000000         0.13022059E-07      0.60645576E-21      0.19966159E-11      0.80175200E-23
  270.000000000000         0.13022404E-07      0.60874877E-21      0.69090956E-12      0.45860129E-23
  271.000000000000         0.13022059E-07      0.57751673E-21     -0.69082197E-12     -0.62464084E-22
  272.000000000000         0.13021546E-07      0.57374159E-21     -0.10260835E-11     -0.75502777E-23
  273.000000000000         0.13021615E-07      0.59542164E-21      0.13913434E-12      0.43360104E-22
  274.000000000000         0.13022761E-07      0.65908434E-21      0.22912654E-11      0.12732540E-21
  275.000000000000         0.13024863E-07      0.66829529E-21      0.42031148E-11      0.18421901E-22
  276.000000000000         0.13027301E-07      0.69818576E-21      0.48764332E-11      0.59780932E-22
  277.000000000000         0.13029697E-07      0.73966806E-21      0.47931417E-11      0.82964607E-22
  278.000000000000         0.13032477E-07      0.73458753E-21      0.55593568E-11     -0.10161066E-22
  279.000000000000         0.13036095E-07      0.75034161E-21      0.72357460E-11      0.31508157E-22
  280.000000000000         0.13040071E-07      0.75028232E-21      0.79513332E-11     -0.11857684E-24
  281.000000000000         0.13043366E-07      0.74712756E-21      0.65915083E-11     -0.63095067E-23
  282.000000000000         0.13045256E-07      0.78364517E-21      0.37802665E-11      0.73035209E-22
  283.000000000000         0.13045887E-07      0.80501180E-21      0.12613336E-11      0.42733256E-22
  284.000000000000         0.13046025E-07      0.78899374E-21      0.27581498E-12     -0.32036116E-22
  285.000000000000         0.13046356E-07      0.74558259E-21      0.66151521E-12     -0.86822292E-22
  286.000000000000         0.13047216E-07      0.77499323E-21      0.17207519E-11      0.58821273E-22
  287.000000000000         0.13048738E-07      0.76111421E-21      0.30437125E-11     -0.27758042E-22
  288.000000000000         0.13050881E-07      0.78604805E-21      0.42851006E-11      0.49867689E-22
  289.000000000000         0.13053668E-07      0.76676005E-21      0.55755998E-11     -0.38576013E-22
  290.000000000000         0.13057234E-07      0.75558229E-21      0.71318805E-11     -0.22355518E-22
  291.000000000000         0.13061408E-07      0.71920460E-21      0.83472716E-11     -0.72755374E-22
  292.000000000000         0.13065339E-07      0.73140600E-21      0.78619002E-11      0.24402805E-22
  293.000000000000         0.13068074E-07      0.71397350E-21      0.54707758E-11     -0.34865009E-22
  294.000000000000         0.13069443E-07      0.72669512E-21      0.27380581E-11      0.25443243E-22
  295.000000000000         0.13070074E-07      0.71888667E-21      0.12619257E-11     -0.15616904E-22
  296.000000000000         0.13070560E-07      0.71456708E-21      0.97182767E-12     -0.86391834E-23
  297.000000000000         0.13071067E-07      0.75380694E-21      0.10135072E-11      0.78479737E-22
  298.000000000000         0.13071501E-07      0.74581835E-21      0.86777237E-12     -0.15977180E-22
  299.000000000000         0.13071765E-07      0.73789277E-21      0.52737978E-12     -0.15851164E-22
  300.000000000000         0.13071945E-07      0.75395543E-21      0.36080568E-12      0.32125311E-22
  301.000000000000         0.13072225E-07      0.71666978E-21      0.55966224E-12     -0.74571294E-22
  302.000000000000         0.13072702E-07      0.72517795E-21      0.95505460E-12      0.17016340E-22
  303.000000000000         0.13073322E-07      0.66419810E-21      0.12394196E-11     -0.12195970E-21
  304.000000000000         0.13074018E-07      0.69119505E-21      0.13924636E-11      0.53993899E-22
  305.000000000000         0.13074980E-07      0.70116048E-21      0.19230065E-11      0.19930859E-22
  306.000000000000         0.13076663E-07      0.70929868E-21      0.33663734E-11      0.16276401E-22
  307.000000000000         0.13079004E-07      0.70727161E-21      0.46817849E-11     -0.40541471E-23
  308.000000000000         0.13081271E-07      0.69470768E-21      0.45342174E-11     -0.25127866E-22
  309.000000000000         0.13082796E-07      0.74188654E-21      0.30502423E-11      0.94357728E-22
  310.000000000000         0.13083418E-07      0.74833645E-21      0.12432896E-11      0.12899824E-22
  311.000000000000         0.13083474E-07      0.77232922E-21      0.11339279E-12      0.47985530E-22
  312.000000000000         0.13083446E-07      0.79892712E-21     -0.56645768E-13      0.53195799E-22
  313.000000000000         0.13083492E-07      0.78507879E-21      0.91718338E-13     -0.27696649E-22
  314.000000000000         0.13083590E-07      0.80792207E-21      0.19534399E-12      0.45686550E-22
  315.000000000000         0.13083747E-07      0.78060782E-21      0.31438365E-12     -0.54628487E-22
  316.000000000000         0.13084170E-07      0.76492581E-21      0.84728542E-12     -0.31364032E-22
  317.000000000000         0.13085312E-07      0.79388569E-21      0.22836524E-11      0.57919775E-22
  318.000000000000         0.13087285E-07      0.81691638E-21      0.39464619E-11      0.46061366E-22
  319.000000000000         0.13089312E-07      0.81394095E-21      0.40539041E-11     -0.59508464E-23
  320.000000000000         0.13090397E-07      0.80999618E-21      0.21688797E-11     -0.78895510E-23
  321.000000000000         0.13090339E-07      0.80726632E-21     -0.11566469E-12     -0.54597079E-23
  322.000000000000         0.13089891E-07      0.81678101E-21     -0.89701642E-12      0.19029362E-22
  323.000000000000         0.13089810E-07      0.86865961E-21     -0.16095037E-12      0.10375721E-21
  324.000000000000         0.13090116E-07      0.85456733E-21      0.61264377E-12     -0.28184557E-22
  325.000000000000         0.13090457E-07      0.86108995E-21      0.68149463E-12      0.13045227E-22
  326.000000000000         0.13090466E-07      0.85277501E-21      0.17464801E-13     -0.16629877E-22
  327.000000000000         0.13089973E-07      0.86518644E-21     -0.98655557E-12      0.24822857E-22
  328.000000000000         0.13089265E-07      0.86829693E-21     -0.14143731E-11      0.62209871E-23
  329.000000000000         0.13088648E-07      0.86956889E-21     -0.12349240E-11      0.25439108E-23
  330.000000000000         0.13088065E-07      0.89634127E-21     -0.11656814E-11      0.53544765E-22
  331.000000000000         0.13087597E-07      0.87109175E-21     -0.93623476E-12     -0.50499046E-22
  332.000000000000         0.13087713E-07      0.88187951E-21      0.23252072E-12      0.21575527E-22
  333.000000000000         0.13089048E-07      0.87718672E-21      0.26703007E-11     -0.93855846E-23
  334.000000000000         0.13092015E-07      0.84295453E-21      0.59331801E-11     -0.68464375E-22
  335.000000000000         0.13096176E-07      0.85000382E-21      0.83211725E-11      0.14098590E-22
  336.000000000000         0.13100398E-07      0.87996215E-21      0.84442063E-11      0.59916641E-22
  337.000000000000         0.13103719E-07      0.86839503E-21      0.66430061E-11     -0.23134231E-22
  338.000000000000         0.13105676E-07      0.85025409E-21      0.39131037E-11     -0.36281879E-22
  339.000000000000         0.13106226E-07      0.90915081E-21      0.11001977E-11      0.11779343E-21
  340.000000000000         0.13105544E-07      0.94278297E-21     -0.13626866E-11      0.67264331E-22
  341.000000000000         0.13103934E-07      0.96043698E-21     -0.32215404E-11      0.35308018E-22
  342.000000000000         0.13101960E-07      0.95396058E-21     -0.39477039E-11     -0.12952801E-22
  343.000000000000         0.13100473E-07      0.99463994E-21     -0.29735296E-11      0.81358713E-22
  344.000000000000         0.13100307E-07      0.10194736E-20     -0.33311922E-12      0.49667356E-22
  345.000000000000         0.13101818E-07      0.10348787E-20      0.30222823E-11      0.30810223E-22
  346.000000000000         0.13104541E-07      0.10142789E-20      0.54470120E-11     -0.41199726E-22
  347.000000000000         0.13107519E-07      0.10281459E-20      0.59554318E-11      0.27734145E-22
  348.000000000000         0.13109974E-07      0.10304486E-20      0.49102971E-11      0.46053999E-23
  349.000000000000         0.13111569E-07      0.10345673E-20      0.31902910E-11      0.82372398E-23
  350.000000000000         0.13112302E-07      0.10540372E-20      0.14658784E-11      0.38939858E-22
  351.000000000000         0.13112234E-07      0.10329688E-20     -0.13666895E-12     -0.42136767E-22
  352.000000000000         0.13111463E-07      0.10348644E-20     -0.15406347E-11      0.37911440E-23
  353.000000000000         0.13110376E-07      0.10524344E-20     -0.21749523E-11      0.35139997E-22
  354.000000000000         0.13109547E-07      0.10567889E-20     -0.16586701E-11      0.87089913E-23
  355.000000000000         0.13109375E-07      0.10200121E-20     -0.34246028E-12     -0.73553474E-22
  356.000000000000         0.13109898E-07      0.10324123E-20      0.10444704E-11      0.24800239E-22
  357.000000000000         0.13110792E-07      0.10053307E-20      0.17892678E-11     -0.54163198E-22
  358.000000000000         0.13111622E-07      0.10235760E-20      0.16594491E-11      0.36490628E-22
  359.000000000000         0.13112212E-07      0.10544552E-20      0.11792508E-11      0.61758410E-22
  360.000000000000         0.13112725E-07      0.10152954E-20      0.10265361E-11     -0.78319456E-22
  361.000000000000         0.13113426E-07      0.10117982E-20      0.14022345E-11     -0.69945157E-23
  362.000000000000         0.13114294E-07      0.10276831E-20      0.17362862E-11      0.31769882E-22
  363.000000000000         0.13114912E-07      0.10170288E-20      0.12348481E-11     -0.21308618E-22
  364.000000000000         0.13114905E-07      0.10410806E-20     -0.12541967E-13      0.48103468E-22
  365.000000000000         0.13114386E-07      0.10034330E-20     -0.10379230E-11     -0.75295077E-22
  366.000000000000         0.13113670E-07      0.10137167E-20     -0.14322609E-11      0.20567401E-22
  367.000000000000         0.13112874E-07      0.10014824E-20     -0.15925773E-11     -0.24468706E-22
  368.000000000000         0.13112005E-07      0.99783001E-21     -0.17380687E-11     -0.73047084E-23
  369.000000000000         0.13111254E-07      0.98582183E-21     -0.15019259E-11     -0.24016342E-22
  370.000000000000         0.13110938E-07      0.10258210E-20     -0.63196408E-12      0.79998389E-22
  371.000000000000         0.13111341E-07      0.10108838E-20      0.80553296E-12     -0.29874461E-22
  372.000000000000         0.13112632E-07      0.10015575E-20      0.25833844E-11     -0.18652592E-22
  373.000000000000         0.13114672E-07      0.98453617E-21      0.40799555E-11     -0.34042675E-22
  374.000000000000         0.13116918E-07      0.94721336E-21      0.44907840E-11     -0.74645611E-22
  375.000000000000         0.13118832E-07      0.96588842E-21      0.38279807E-11      0.37350120E-22
  376.000000000000         0.13120261E-07      0.94454862E-21      0.28593208E-11     -0.42679604E-22
  377.000000000000         0.13121362E-07      0.97118852E-21      0.22005942E-11      0.53279809E-22
  378.000000000000         0.13122309E-07      0.95696377E-21      0.18951430E-11     -0.28449513E-22
  379.000000000000         0.13123093E-07      0.95987231E-21      0.15664449E-11      0.58170903E-23
  380.000000000000         0.13123581E-07      0.93306698E-21      0.97669053E-12     -0.53610667E-22
  381.000000000000         0.13123820E-07      0.95391743E-21      0.47750743E-12      0.41700896E-22
  382.000000000000         0.13124049E-07      0.97937634E-21      0.45797667E-12      0.50917821E-22
  383.000000000000         0.13124478E-07      0.97182719E-21      0.85774010E-12     -0.15098301E-22
  384.000000000000         0.13125201E-07      0.95478484E-21      0.14461023E-11     -0.34084681E-22
  385.000000000000         0.13126151E-07      0.96349819E-21      0.19002115E-11      0.17426699E-22
  386.000000000000         0.13127172E-07      0.98394394E-21      0.20421183E-11      0.40891487E-22
  387.000000000000         0.13128200E-07      0.97621384E-21      0.20567124E-11     -0.15460192E-22
  388.000000000000         0.13129293E-07      0.10015241E-20      0.21857825E-11      0.50620553E-22
  389.000000000000         0.13130443E-07      0.10624686E-20      0.22992850E-11      0.12188895E-21
  390.000000000000         0.13131549E-07      0.10864363E-20      0.22125138E-11      0.47935447E-22
  391.000000000000         0.13132550E-07      0.11034401E-20      0.20022523E-11      0.34007470E-22
  392.000000000000         0.13133533E-07      0.11032192E-20      0.19663562E-11     -0.44169426E-24
  393.000000000000         0.13134645E-07      0.11230898E-20      0.22240692E-11      0.39741189E-22
  394.000000000000         0.13135869E-07      0.10882889E-20      0.24471788E-11     -0.69601748E-22
  395.000000000000         0.13136975E-07      0.10868806E-20      0.22129671E-11     -0.28166074E-23
  396.000000000000         0.13137692E-07      0.10899701E-20      0.14331632E-11      0.61789818E-23
  397.000000000000         0.13137944E-07      0.10902137E-20      0.50382544E-12      0.48726834E-24
  398.000000000000         0.13138026E-07      0.10885276E-20      0.16521314E-12     -0.33723693E-23
  399.000000000000         0.13138392E-07      0.10565685E-20      0.73195526E-12     -0.63918113E-22
  400.000000000000         0.13139394E-07      0.10686213E-20      0.20032140E-11      0.24105537E-22
  401.000000000000         0.13141075E-07      0.10541219E-20      0.33611832E-11     -0.28998812E-22
  402.000000000000         0.13143163E-07      0.10595394E-20      0.41768462E-11      0.10835104E-22
  403.000000000000         0.13145453E-07      0.10590342E-20      0.45803658E-11     -0.10103809E-23
  404.000000000000         0.13147890E-07      0.10678768E-20      0.48728762E-11      0.17685193E-22
  405.000000000000         0.13150246E-07      0.10854056E-20      0.47119634E-11      0.35057602E-22
  406.000000000000         0.13152111E-07      0.10391268E-20      0.37303833E-11     -0.92557626E-22
  407.000000000000         0.13153153E-07      0.10277633E-20      0.20835861E-11     -0.22727103E-22
  408.000000000000         0.13153366E-07      0.10239017E-20      0.42608481E-12     -0.77231455E-23
  409.000000000000         0.13153135E-07      0.10272246E-20     -0.46127563E-12      0.66458865E-23
  410.000000000000         0.13152914E-07      0.10398412E-20     -0.44184337E-12      0.25233216E-22
  411.000000000000         0.13152919E-07      0.10534498E-20      0.10347383E-13      0.27217157E-22
  412.000000000000         0.13153191E-07      0.10634363E-20      0.54331023E-12      0.19972865E-22
  413.000000000000         0.13153713E-07      0.10467978E-20      0.10446312E-11     -0.33276887E-22
  414.000000000000         0.13154475E-07      0.10346038E-20      0.15238539E-11     -0.24387927E-22
  415.000000000000         0.13155581E-07      0.10446000E-20      0.22112531E-11      0.19992252E-22
  416.000000000000         0.13157124E-07      0.10503099E-20      0.30863378E-11      0.11419946E-22
  417.000000000000         0.13158822E-07      0.10582187E-20      0.33952406E-11      0.15817575E-22
  418.000000000000         0.13160091E-07      0.10551609E-20      0.25381280E-11     -0.61156363E-23
  419.000000000000         0.13160695E-07      0.10747035E-20      0.12097603E-11      0.39085261E-22
  420.000000000000         0.13160934E-07      0.10488433E-20      0.47738548E-12     -0.51720430E-22
  421.000000000000         0.13161138E-07      0.10783089E-20      0.40720563E-12      0.58931133E-22
  422.000000000000         0.13161335E-07      0.10577575E-20      0.39537156E-12     -0.41102791E-22
  423.000000000000         0.13161411E-07      0.10729687E-20      0.15097342E-12      0.30422482E-22
  424.000000000000         0.13161267E-07      0.10718916E-20     -0.28804627E-12     -0.21542166E-23
  425.000000000000         0.13160953E-07      0.11089343E-20     -0.62761471E-12      0.74085340E-22
  426.000000000000         0.13160669E-07      0.11282023E-20     -0.56802276E-12      0.38535961E-22
  427.000000000000         0.13160622E-07      0.10938635E-20     -0.93846783E-13     -0.68677632E-22
  428.000000000000         0.13160916E-07      0.10971387E-20      0.58747083E-12      0.65505669E-23
  429.000000000000         0.13161418E-07      0.11172064E-20      0.10046414E-11      0.40135392E-22
  430.000000000000         0.13161959E-07      0.11363920E-20      0.10816475E-11      0.38371171E-22
  431.000000000000         0.13162660E-07      0.11504724E-20      0.14027293E-11      0.28160660E-22
  432.000000000000         0.13163625E-07      0.11215474E-20      0.19299937E-11     -0.57849967E-22
  433.000000000000         0.13164538E-07      0.11286823E-20      0.18256038E-11      0.14269842E-22
  434.000000000000         0.13164950E-07      0.10900557E-20      0.82444392E-12     -0.77253169E-22
  435.000000000000         0.13164707E-07      0.10909141E-20     -0.48698897E-12      0.17167301E-23
  436.000000000000         0.13163956E-07      0.10594332E-20     -0.15027814E-11     -0.62961685E-22
  437.000000000000         0.13162959E-07      0.10611414E-20     -0.19936637E-11      0.34163278E-23
  438.000000000000         0.13162025E-07      0.10399115E-20     -0.18673000E-11     -0.42459884E-22
  439.000000000000         0.13161520E-07      0.10260227E-20     -0.10110371E-11     -0.27777429E-22
  440.000000000000         0.13161666E-07      0.10700981E-20      0.29317225E-12      0.88150642E-22
  441.000000000000         0.13162484E-07      0.10355040E-20      0.16365296E-11     -0.69188158E-22
  442.000000000000         0.13163978E-07      0.10480527E-20      0.29878689E-11      0.25097507E-22
  443.000000000000         0.13166037E-07      0.10747960E-20      0.41170918E-11      0.53486604E-22
  444.000000000000         0.13168229E-07      0.10782232E-20      0.43843232E-11      0.68542972E-23
  445.000000000000         0.13169978E-07      0.10661762E-20      0.34984835E-11     -0.24093890E-22
  446.000000000000         0.13170980E-07      0.10540647E-20      0.20025042E-11     -0.24223137E-22
  447.000000000000         0.13171342E-07      0.10348768E-20      0.72426765E-12     -0.38375680E-22
  448.000000000000         0.13171278E-07      0.10657124E-20     -0.12811696E-12      0.61671169E-22
  449.000000000000         0.13170864E-07      0.10582295E-20     -0.82721034E-12     -0.14965823E-22
  450.000000000000         0.13170225E-07      0.10734181E-20     -0.12785534E-11      0.30377246E-22
  451.000000000000         0.13169596E-07      0.10675476E-20     -0.12572736E-11     -0.11741111E-22
  452.000000000000         0.13169213E-07      0.10692557E-20     -0.76649870E-12      0.34163278E-23
  453.000000000000         0.13169300E-07      0.10632479E-20      0.17512833E-12     -0.12015760E-22
  454.000000000000         0.13169920E-07      0.10499117E-20      0.12390398E-11     -0.26672367E-22
  455.000000000000         0.13170846E-07      0.10573099E-20      0.18515616E-11      0.14796524E-22
  456.000000000000         0.13171821E-07      0.10517900E-20      0.19509797E-11     -0.11039946E-22
  457.000000000000         0.13172760E-07      0.10616197E-20      0.18768129E-11      0.19659441E-22
  458.000000000000         0.13173732E-07      0.10721732E-20      0.19447762E-11      0.21107007E-22
  459.000000000000         0.13174790E-07      0.10684982E-20      0.21161115E-11     -0.73499448E-23
  460.000000000000         0.13175784E-07      0.10533978E-20      0.19869685E-11     -0.30200809E-22
  461.000000000000         0.13176418E-07      0.10724121E-20      0.12685943E-11      0.38028667E-22
  462.000000000000         0.13176528E-07      0.10545491E-20      0.21999163E-12     -0.35726117E-22
  463.000000000000         0.13176249E-07      0.10336229E-20     -0.55696595E-12     -0.41852424E-22
  464.000000000000         0.13175910E-07      0.10259655E-20     -0.67811855E-12     -0.15314789E-22
  465.000000000000         0.13175794E-07      0.10486359E-20     -0.23344317E-12      0.45340814E-22
  466.000000000000         0.13175971E-07      0.10450062E-20      0.35398145E-12     -0.72594720E-23
  467.000000000000         0.13176342E-07      0.10451698E-20      0.74285159E-12      0.32732521E-24
  468.000000000000         0.13176829E-07      0.10150396E-20      0.97421933E-12     -0.60260423E-22
  469.000000000000         0.13177520E-07      0.10141451E-20      0.13808167E-11     -0.17890939E-23
  470.000000000000         0.13178479E-07      0.99443053E-21      0.19193545E-11     -0.39429043E-22
  471.000000000000         0.13179554E-07      0.98284888E-21      0.21494202E-11     -0.23163312E-22
  472.000000000000         0.13180504E-07      0.96799081E-21      0.19000664E-11     -0.29716133E-22
  473.000000000000         0.13181206E-07      0.96177452E-21      0.14040983E-11     -0.12432582E-22
  474.000000000000         0.13181677E-07      0.96866953E-21      0.94155481E-12      0.13790013E-22
  475.000000000000         0.13182007E-07      0.94258232E-21      0.65976593E-12     -0.52174410E-22
  476.000000000000         0.13182300E-07      0.92833737E-21      0.58650599E-12     -0.28489902E-22
  477.000000000000         0.13182614E-07      0.94458743E-21      0.62769894E-12      0.32500127E-22
  478.000000000000         0.13182945E-07      0.91603565E-21      0.66316508E-12     -0.57103566E-22
  479.000000000000         0.13183288E-07      0.90979028E-21      0.68501179E-12     -0.12490743E-22
  480.000000000000         0.13183624E-07      0.89705833E-21      0.67162459E-12     -0.25463908E-22
  481.000000000000         0.13183944E-07      0.88956572E-21      0.64137905E-12     -0.14985210E-22
  482.000000000000         0.13184277E-07      0.87880963E-21      0.66583178E-12     -0.21512182E-22
  483.000000000000         0.13184644E-07      0.84400472E-21      0.73302859E-12     -0.69609826E-22
  484.000000000000         0.13185147E-07      0.79325881E-21      0.10073837E-11     -0.10149182E-21
  485.000000000000         0.13186031E-07      0.79368258E-21      0.17678901E-11      0.84754427E-24
  486.000000000000         0.13187491E-07      0.81637883E-21      0.29183602E-11      0.45392513E-22
  487.000000000000         0.13189459E-07      0.85609369E-21      0.39371429E-11      0.79429702E-22
  488.000000000000         0.13191619E-07      0.86140622E-21      0.43191223E-11      0.10625078E-22
  489.000000000000         0.13193608E-07      0.87678791E-21      0.39777382E-11      0.30763371E-22
  490.000000000000         0.13195196E-07      0.87592164E-21      0.31759017E-11     -0.17325484E-23
  491.000000000000         0.13196296E-07      0.87702799E-21      0.22000940E-11      0.22127154E-23
  492.000000000000         0.13196926E-07      0.90824890E-21      0.12615858E-11      0.62441804E-22
  493.000000000000         0.13197196E-07      0.91072487E-21      0.53926821E-12      0.49519434E-23
  494.000000000000         0.13197355E-07      0.94656796E-21      0.31778776E-12      0.71686193E-22
  495.000000000000         0.13197786E-07      0.96189391E-21      0.86311127E-12      0.30651896E-22
  496.000000000000         0.13198876E-07      0.97360741E-21      0.21785205E-11      0.23426990E-22
  497.000000000000         0.13200895E-07      0.94986684E-21      0.40384582E-11     -0.47481129E-22
  498.000000000000         0.13203822E-07      0.96775511E-21      0.58535526E-11      0.35776538E-22
  499.000000000000         0.13207139E-07      0.93605940E-21      0.66341712E-11     -0.63391431E-22
  500.000000000000         0.13210172E-07      0.93959156E-21      0.60667413E-11      0.70643236E-23
