 #            500
    0.000000000000         0.00000000E+00      0.00000000E+00      0.00000000E+00      0.00000000E+00
    1.000000000000         0.25013801E-17     -0.15738856E-20      0.50027602E-17     -0.31477712E-20
    2.000000000000         0.66461962E-15     -0.11204659E-19      0.13242365E-14     -0.19261547E-19
    3.000000000000         0.16469630E-13     -0.23821483E-19      0.31610021E-13     -0.25233649E-19
    4.000000000000         0.59608845E-12     -0.25099351E-19      0.11592376E-11     -0.25557361E-20
    5.000000000000         0.12130552E-10     -0.21024374E-19      0.23068928E-10      0.81499553E-20
    6.000000000000         0.10283284E-09     -0.20825682E-19      0.18140458E-09      0.39738274E-21
    7.000000000000         0.53480548E-09     -0.15031037E-19      0.86394527E-09      0.11589292E-19
    8.000000000000         0.20110308E-08     -0.94327428E-20      0.29524506E-08      0.11196588E-19
    9.000000000000         0.60475286E-08     -0.70817533E-20      0.80729955E-08      0.47019789E-20
   10.000000000000         0.15289032E-07     -0.12009540E-19      0.18483007E-07     -0.98555727E-20
   11.000000000000         0.33282008E-07     -0.16512155E-19      0.35985952E-07     -0.90052310E-20
   12.000000000000         0.63403504E-07     -0.12929907E-19      0.60242991E-07      0.71644956E-20
   13.000000000000         0.10566360E-06     -0.91855321E-20      0.84520198E-07      0.74887504E-20
   14.000000000000         0.15791058E-06     -0.83892286E-20      0.10449396E-06      0.15926070E-20
   15.000000000000         0.21596499E-06     -0.14587564E-19      0.11610882E-06     -0.12396671E-19
   16.000000000000         0.27248359E-06     -0.15528340E-19      0.11303719E-06     -0.18815516E-20
   17.000000000000         0.31998145E-06     -0.98450536E-20      0.94995727E-07      0.11366573E-19
   18.000000000000         0.35413981E-06     -0.76623953E-20      0.68316720E-07      0.43653164E-20
   19.000000000000         0.37518577E-06     -0.12179900E-19      0.42091918E-07     -0.90350095E-20
   20.000000000000         0.38715953E-06     -0.18983165E-20      0.23947520E-07      0.20563167E-19
   21.000000000000         0.39598164E-06     -0.78269914E-20      0.17644220E-07     -0.11857350E-19
   22.000000000000         0.40702440E-06     -0.27458923E-20      0.22085512E-07      0.10162198E-19
   23.000000000000         0.42280562E-06     -0.11455692E-20      0.31562454E-07      0.32006461E-20
   24.000000000000         0.44176828E-06      0.26186583E-20      0.37925314E-07      0.75284551E-20
   25.000000000000         0.45938761E-06      0.32908848E-20      0.35238657E-07      0.13444528E-20
   26.000000000000         0.47148439E-06      0.72370920E-20      0.24193566E-07      0.78924146E-20
   27.000000000000         0.47727105E-06      0.19577539E-20      0.11573320E-07     -0.10558676E-19
   28.000000000000         0.47986259E-06      0.32772492E-20      0.51830765E-08      0.26389905E-20
   29.000000000000         0.48422375E-06      0.68561883E-20      0.87223170E-08      0.71578782E-20
   30.000000000000         0.49423122E-06      0.11601452E-19      0.20014933E-07      0.94905275E-20
   31.000000000000         0.51075623E-06      0.61508876E-20      0.33050029E-07     -0.10901129E-19
   32.000000000000         0.53149571E-06      0.87835320E-20      0.41478966E-07      0.52652889E-20
   33.000000000000         0.55226408E-06      0.12211924E-19      0.41536734E-07      0.68567844E-20
   34.000000000000         0.56907497E-06      0.20686118E-19      0.33621776E-07      0.16948388E-19
   35.000000000000         0.57997512E-06      0.17125661E-19      0.21800314E-07     -0.71209136E-20
   36.000000000000         0.58569150E-06      0.14647881E-19      0.11432751E-07     -0.49555615E-20
   37.000000000000         0.58865065E-06      0.19326143E-19      0.59182923E-08      0.93565243E-20
   38.000000000000         0.59109646E-06      0.15279717E-19      0.48916235E-08     -0.80928508E-20
   39.000000000000         0.59383235E-06      0.20863329E-19      0.54717744E-08      0.11167223E-19
   40.000000000000         0.59643278E-06      0.19728993E-19      0.52008672E-08     -0.22686721E-20
   41.000000000000         0.59834079E-06      0.14350807E-19      0.38160233E-08     -0.10756372E-19
   42.000000000000         0.59961888E-06      0.18650013E-19      0.25561698E-08      0.85984132E-20
   43.000000000000         0.60081290E-06      0.18067613E-19      0.23880541E-08     -0.11647995E-20
   44.000000000000         0.60239360E-06      0.12399500E-19      0.31614039E-08     -0.11336226E-19
   45.000000000000         0.60444125E-06      0.12732169E-19      0.40953007E-08      0.66533756E-21
   46.000000000000         0.60677117E-06      0.23564655E-19      0.46598381E-08      0.21664972E-19
   47.000000000000         0.60916660E-06      0.34259829E-19      0.47908516E-08      0.21390348E-19
   48.000000000000         0.61141111E-06      0.40561123E-19      0.44890222E-08      0.12602588E-19
   49.000000000000         0.61327686E-06      0.36965472E-19      0.37315023E-08     -0.71913015E-20
   50.000000000000         0.61464315E-06      0.40649159E-19      0.27325787E-08      0.73673746E-20
   51.000000000000         0.61559683E-06      0.46130200E-19      0.19073528E-08      0.10962082E-19
   52.000000000000         0.61636960E-06      0.49932788E-19      0.15455455E-08      0.76051761E-20
   53.000000000000         0.61717973E-06      0.52434532E-19      0.16202571E-08      0.50034863E-20
   54.000000000000         0.61811684E-06      0.48572154E-19      0.18742210E-08     -0.77247554E-20
   55.000000000000         0.61914747E-06      0.54176755E-19      0.20612593E-08      0.11209202E-19
   56.000000000000         0.62018473E-06      0.50153284E-19      0.20745201E-08     -0.80469422E-20
   57.000000000000         0.62112761E-06      0.53153558E-19      0.18857590E-08      0.60005491E-20
   58.000000000000         0.62189397E-06      0.51514875E-19      0.15327318E-08     -0.32773671E-20
   59.000000000000         0.62246550E-06      0.63346873E-19      0.11430456E-08      0.23663996E-19
   60.000000000000         0.62289139E-06      0.66205803E-19      0.85179393E-09      0.57178601E-20
   61.000000000000         0.62323695E-06      0.65243805E-19      0.69110822E-09     -0.19239963E-20
   62.000000000000         0.62353167E-06      0.66522096E-19      0.58944963E-09      0.25565826E-20
   63.000000000000         0.62377697E-06      0.73407366E-19      0.49058497E-09      0.13770541E-19
   64.000000000000         0.62397900E-06      0.76559248E-19      0.40407480E-09      0.63037625E-20
   65.000000000000         0.62415069E-06      0.78520557E-19      0.34338134E-09      0.39226197E-20
   66.000000000000         0.62429864E-06      0.90887282E-19      0.29588796E-09      0.24733450E-19
   67.000000000000         0.62444088E-06      0.94396325E-19      0.28448275E-09      0.70180847E-20
   68.000000000000         0.62463517E-06      0.10389881E-18      0.38859088E-09      0.19004966E-19
   69.000000000000         0.62495757E-06      0.99667869E-19      0.64479487E-09     -0.84618767E-20
   70.000000000000         0.62542469E-06      0.11172681E-18      0.93424133E-09      0.24117872E-19
   71.000000000000         0.62594459E-06      0.11770012E-18      0.10398037E-08      0.11946634E-19
   72.000000000000         0.62638629E-06      0.12988082E-18      0.88338642E-09      0.24361403E-19
   73.000000000000         0.62669336E-06      0.12333916E-18      0.61413734E-09     -0.13083322E-19
   74.000000000000         0.62690306E-06      0.11352700E-18      0.41939897E-09     -0.19624317E-19
   75.000000000000         0.62707588E-06      0.11358743E-18      0.34565749E-09      0.12084592E-21
   76.000000000000         0.62723990E-06      0.12293885E-18      0.32802796E-09      0.18702838E-19
   77.000000000000         0.62741026E-06      0.12761385E-18      0.34072434E-09      0.93500102E-20
   78.000000000000         0.62763309E-06      0.12525467E-18      0.44566021E-09     -0.47183675E-20
   79.000000000000         0.62797690E-06      0.11551393E-18      0.68762505E-09     -0.19481473E-19
   80.000000000000         0.62848410E-06      0.12061964E-18      0.10143844E-08      0.10211415E-19
   81.000000000000         0.62914251E-06      0.12390632E-18      0.13168203E-08      0.65733717E-20
   82.000000000000         0.62990970E-06      0.12145217E-18      0.15343797E-08     -0.49083088E-20
   83.000000000000         0.63074369E-06      0.12122975E-18      0.16679842E-08     -0.44484222E-21
   84.000000000000         0.63158682E-06      0.12502613E-18      0.16862722E-08      0.75927684E-20
   85.000000000000         0.63235707E-06      0.12338021E-18      0.15405004E-08     -0.32918428E-20
   86.000000000000         0.63298521E-06      0.12234302E-18      0.12562682E-08     -0.20743880E-20
   87.000000000000         0.63345074E-06      0.12097862E-18      0.93106896E-09     -0.27287913E-20
   88.000000000000         0.63377680E-06      0.12199488E-18      0.65211011E-09      0.20325120E-20
   89.000000000000         0.63400225E-06      0.13269078E-18      0.45091260E-09      0.21391795E-19
   90.000000000000         0.63416910E-06      0.13234034E-18      0.33369345E-09     -0.70088047E-21
   91.000000000000         0.63432577E-06      0.13112231E-18      0.31334546E-09     -0.24360469E-20
   92.000000000000         0.63452137E-06      0.14740406E-18      0.39118472E-09      0.32563490E-19
   93.000000000000         0.63478163E-06      0.15323702E-18      0.52051972E-09      0.11665935E-19
   94.000000000000         0.63508949E-06      0.15671855E-18      0.61573805E-09      0.69630513E-20
   95.000000000000         0.63540641E-06      0.14484510E-18      0.63383075E-09     -0.23746895E-19
   96.000000000000         0.63571549E-06      0.14924355E-18      0.61816068E-09      0.87968849E-20
   97.000000000000         0.63604091E-06      0.15629364E-18      0.65084084E-09      0.14100198E-19
   98.000000000000         0.63644608E-06      0.16142003E-18      0.81033377E-09      0.10252774E-19
   99.000000000000         0.63703238E-06      0.15734636E-18      0.11726130E-08     -0.81473413E-20
  100.000000000000         0.63791923E-06      0.16434983E-18      0.17736921E-08      0.14006934E-19
  101.000000000000         0.63918769E-06      0.17495463E-18      0.25369288E-08      0.21209609E-19
  102.000000000000         0.64081046E-06      0.17205199E-18      0.32455405E-08     -0.58052828E-20
  103.000000000000         0.64262795E-06      0.17357311E-18      0.36349787E-08      0.30422410E-20
  104.000000000000         0.64440977E-06      0.18212279E-18      0.35636279E-08      0.17099348E-19
  105.000000000000         0.64595577E-06      0.18272729E-18      0.30920070E-08      0.12090020E-20
  106.000000000000         0.64715781E-06      0.19187238E-18      0.24040837E-08      0.18290178E-19
  107.000000000000         0.64800311E-06      0.19219189E-18      0.16905989E-08      0.63902287E-21
  108.000000000000         0.64855051E-06      0.20213094E-18      0.10947912E-08      0.19878107E-19
  109.000000000000         0.64889028E-06      0.20406367E-18      0.67953764E-09      0.38654667E-20
  110.000000000000         0.64910009E-06      0.20785462E-18      0.41963015E-09      0.75818858E-20
  111.000000000000         0.64922918E-06      0.20186366E-18      0.25818020E-09     -0.11981918E-19
  112.000000000000         0.64931975E-06      0.21436638E-18      0.18113654E-09      0.25005437E-19
  113.000000000000         0.64943197E-06      0.21689966E-18      0.22443307E-09      0.50665588E-20
  114.000000000000         0.64963046E-06      0.21719303E-18      0.39698180E-09      0.58675540E-21
  115.000000000000         0.64994656E-06      0.21943685E-18      0.63220818E-09      0.44876358E-20
  116.000000000000         0.65036368E-06      0.21331857E-18      0.83424194E-09     -0.12236560E-19
  117.000000000000         0.65084248E-06      0.21469881E-18      0.95759894E-09      0.27604826E-20
  118.000000000000         0.65135865E-06      0.22000664E-18      0.10323350E-08      0.10615648E-19
  119.000000000000         0.65192794E-06      0.22461066E-18      0.11385789E-08      0.92080453E-20
  120.000000000000         0.65260726E-06      0.22724501E-18      0.13586418E-08      0.52687011E-20
  121.000000000000         0.65347118E-06      0.21618688E-18      0.17278440E-08     -0.22116250E-19
  122.000000000000         0.65456018E-06      0.23199197E-18      0.21779947E-08      0.31610164E-19
  123.000000000000         0.65582113E-06      0.23670828E-18      0.25218955E-08      0.94326249E-20
  124.000000000000         0.65709590E-06      0.23999936E-18      0.25495487E-08      0.65821605E-20
  125.000000000000         0.65818451E-06      0.24650910E-18      0.21772068E-08      0.13019487E-19
  126.000000000000         0.65894788E-06      0.25902749E-18      0.15267486E-08      0.25036767E-19
  127.000000000000         0.65937451E-06      0.26040928E-18      0.85326542E-09      0.27635846E-20
  128.000000000000         0.65956311E-06      0.25987961E-18      0.37719178E-09     -0.10593344E-20
  129.000000000000         0.65964320E-06      0.25688136E-18      0.16018476E-09     -0.59965037E-20
  130.000000000000         0.65969242E-06      0.25706321E-18      0.98432598E-10      0.36370098E-21
  131.000000000000         0.65972098E-06      0.26627206E-18      0.57122421E-10      0.18417693E-19
  132.000000000000         0.65971849E-06      0.26771328E-18     -0.49861291E-11      0.28824401E-20
  133.000000000000         0.65970936E-06      0.26141046E-18     -0.18260214E-10     -0.12605638E-19
  134.000000000000         0.65977178E-06      0.26498386E-18      0.12485741E-09      0.71468146E-20
  135.000000000000         0.65999633E-06      0.26972422E-18      0.44909365E-09      0.94807047E-20
  136.000000000000         0.66041674E-06      0.26244031E-18      0.84082396E-09     -0.14567814E-19
  137.000000000000         0.66096875E-06      0.27091905E-18      0.11040108E-08      0.16957487E-19
  138.000000000000         0.66152434E-06      0.27559595E-18      0.11111926E-08      0.93537842E-20
  139.000000000000         0.66198280E-06      0.27904831E-18      0.91691000E-09      0.69047221E-20
  140.000000000000         0.66233145E-06      0.28648977E-18      0.69729976E-09      0.14882920E-19
  141.000000000000         0.66263596E-06      0.28679713E-18      0.60902520E-09      0.61472444E-21
  142.000000000000         0.66298008E-06      0.28739289E-18      0.68824592E-09      0.11915278E-20
  143.000000000000         0.66340447E-06      0.28711975E-18      0.84876827E-09     -0.54627525E-21
  144.000000000000         0.66388876E-06      0.28424948E-18      0.96858125E-09     -0.57405559E-20
  145.000000000000         0.66436788E-06      0.28895028E-18      0.95824352E-09      0.94016056E-20
  146.000000000000         0.66475569E-06      0.28822726E-18      0.77562581E-09     -0.14460410E-20
  147.000000000000         0.66498650E-06      0.29085520E-18      0.46162010E-09      0.52558798E-20
  148.000000000000         0.66506477E-06      0.28681203E-18      0.15652896E-09     -0.80863367E-20
  149.000000000000         0.66506516E-06      0.29060206E-18      0.78420088E-12      0.75800505E-20
  150.000000000000         0.66508077E-06      0.29088628E-18      0.31214934E-10      0.56845403E-21
  151.000000000000         0.66516387E-06      0.29156942E-18      0.16620586E-09      0.13662697E-20
  152.000000000000         0.66529014E-06      0.29333145E-18      0.25253555E-09      0.35240738E-20
  153.000000000000         0.66539236E-06      0.29690326E-18      0.20444149E-09      0.71436093E-20
  154.000000000000         0.66543136E-06      0.29721282E-18      0.78004004E-10      0.61911884E-21
  155.000000000000         0.66542230E-06      0.30836400E-18     -0.18124619E-10      0.22302366E-19
  156.000000000000         0.66540938E-06      0.31336993E-18     -0.25834307E-10      0.10011858E-19
  157.000000000000         0.66542909E-06      0.31051609E-18      0.39412570E-10     -0.57076755E-20
  158.000000000000         0.66549987E-06      0.31318415E-18      0.14156092E-09      0.53361163E-20
  159.000000000000         0.66562290E-06      0.31550242E-18      0.24606552E-09      0.46365283E-20
  160.000000000000         0.66577697E-06      0.31511016E-18      0.30814206E-09     -0.78450326E-21
  161.000000000000         0.66592569E-06      0.31411043E-18      0.29742935E-09     -0.19994765E-20
  162.000000000000         0.66603479E-06      0.31115028E-18      0.21819972E-09     -0.59202867E-20
  163.000000000000         0.66609169E-06      0.30828638E-18      0.11379997E-09     -0.57278122E-20
  164.000000000000         0.66611299E-06      0.31010502E-18      0.42606908E-10      0.36372941E-20
  165.000000000000         0.66612862E-06      0.31093245E-18      0.31252321E-10      0.16548524E-20
  166.000000000000         0.66616415E-06      0.30971002E-18      0.71057378E-10     -0.24448615E-20
  167.000000000000         0.66623267E-06      0.31810289E-18      0.13704587E-09      0.16785744E-19
  168.000000000000         0.66632010E-06      0.32446684E-18      0.17487200E-09      0.12727906E-19
  169.000000000000         0.66637966E-06      0.32563657E-18      0.11911024E-09      0.23394477E-20
  170.000000000000         0.66637555E-06      0.32666567E-18     -0.82182009E-11      0.20582063E-20
  171.000000000000         0.66633585E-06      0.33011200E-18     -0.79405871E-10      0.68926634E-20
  172.000000000000         0.66633838E-06      0.33028104E-18      0.50629679E-11      0.33808423E-21
  173.000000000000         0.66643938E-06      0.33333245E-18      0.20199675E-09      0.61028093E-20
  174.000000000000         0.66662222E-06      0.33721538E-18      0.36568963E-09      0.77658559E-20
  175.000000000000         0.66681171E-06      0.33595588E-18      0.37897366E-09     -0.25189976E-20
  176.000000000000         0.66693598E-06      0.33573532E-18      0.24854704E-09     -0.44111991E-21
  177.000000000000         0.66697633E-06      0.33985024E-18      0.80688433E-10      0.82298526E-20
  178.000000000000         0.66696375E-06      0.33559209E-18     -0.25147224E-10     -0.85163155E-20
  179.000000000000         0.66695910E-06      0.34552000E-18     -0.93048974E-11      0.19855824E-19
  180.000000000000         0.66704309E-06      0.35131651E-18      0.16798690E-09      0.11593014E-19
  181.000000000000         0.66727693E-06      0.35692018E-18      0.46767070E-09      0.11207341E-19
  182.000000000000         0.66765003E-06      0.36257772E-18      0.74620228E-09      0.11315081E-19
  183.000000000000         0.66807852E-06      0.36952142E-18      0.85697210E-09      0.13887406E-19
  184.000000000000         0.66846278E-06      0.36418519E-18      0.76852339E-09     -0.10672465E-19
  185.000000000000         0.66875119E-06      0.35873915E-18      0.57681356E-09     -0.10892072E-19
  186.000000000000         0.66895039E-06      0.36032124E-18      0.39840887E-09      0.31641726E-20
  187.000000000000         0.66909464E-06      0.35292445E-18      0.28850184E-09     -0.14793582E-19
  188.000000000000         0.66921348E-06      0.36615720E-18      0.23768382E-09      0.26465514E-19
  189.000000000000         0.66931552E-06      0.36269720E-18      0.20408286E-09     -0.69200121E-20
  190.000000000000         0.66939213E-06      0.36559144E-18      0.15320943E-09      0.57884807E-20
  191.000000000000         0.66943447E-06      0.37602564E-18      0.84682076E-10      0.20868397E-19
  192.000000000000         0.66945925E-06      0.37303361E-18      0.49569382E-10     -0.59840572E-20
  193.000000000000         0.66951755E-06      0.37152280E-18      0.11659072E-09     -0.30216132E-20
  194.000000000000         0.66965646E-06      0.37287352E-18      0.27782839E-09      0.27014426E-20
  195.000000000000         0.66986487E-06      0.38091748E-18      0.41682030E-09      0.16087913E-19
  196.000000000000         0.67007565E-06      0.38347992E-18      0.42156114E-09      0.51248750E-20
  197.000000000000         0.67022231E-06      0.38299189E-18      0.29330489E-09     -0.97604727E-21
  198.000000000000         0.67028794E-06      0.38782799E-18      0.13126746E-09      0.96721971E-20
  199.000000000000         0.67031771E-06      0.39387648E-18      0.59534625E-10      0.12096974E-19
  200.000000000000         0.67039115E-06      0.40480466E-18      0.14688488E-09      0.21856361E-19
  201.000000000000         0.67057917E-06      0.40556012E-18      0.37602965E-09      0.15109229E-20
  202.000000000000         0.67091564E-06      0.41734417E-18      0.67295087E-09      0.23568108E-19
  203.000000000000         0.67138278E-06      0.42572945E-18      0.93427225E-09      0.16770544E-19
  204.000000000000         0.67191614E-06      0.42275960E-18      0.10667212E-08     -0.59396996E-20
  205.000000000000         0.67242941E-06      0.43147305E-18      0.10265494E-08      0.17426912E-19
  206.000000000000         0.67285183E-06      0.43481354E-18      0.84484464E-09      0.66809827E-20
  207.000000000000         0.67315590E-06      0.44667082E-18      0.60812933E-09      0.23714551E-19
  208.000000000000         0.67335476E-06      0.45394276E-18      0.39773072E-09      0.14543881E-19
  209.000000000000         0.67347969E-06      0.46844053E-18      0.24984342E-09      0.28995550E-19
  210.000000000000         0.67355997E-06      0.46145559E-18      0.16056825E-09     -0.13969891E-19
  211.000000000000         0.67361279E-06      0.46524168E-18      0.10563596E-09      0.75721923E-20
  212.000000000000         0.67364602E-06      0.45870914E-18      0.66456340E-10     -0.13065085E-19
  213.000000000000         0.67366844E-06      0.46202271E-18      0.44837570E-10      0.66271384E-20
  214.000000000000         0.67369922E-06      0.46137817E-18      0.61570894E-10     -0.12890834E-20
  215.000000000000         0.67376750E-06      0.46500741E-18      0.13656097E-09      0.72584840E-20
  216.000000000000         0.67389829E-06      0.46597685E-18      0.26157488E-09      0.19388855E-20
  217.000000000000         0.67409326E-06      0.46531629E-18      0.38994826E-09     -0.13211367E-20
  218.000000000000         0.67432213E-06      0.46491694E-18      0.45774222E-09     -0.79869458E-21
  219.000000000000         0.67453964E-06      0.46603529E-18      0.43501056E-09      0.22367012E-20
  220.000000000000         0.67471582E-06      0.48376908E-18      0.35236504E-09      0.35467576E-19
  221.000000000000         0.67485545E-06      0.49466224E-18      0.27925915E-09      0.21786335E-19
  222.000000000000         0.67500150E-06      0.49955193E-18      0.29210297E-09      0.97793686E-20
  223.000000000000         0.67522000E-06      0.49986066E-18      0.43700002E-09      0.61746448E-21
  224.000000000000         0.67556831E-06      0.49564104E-18      0.69661876E-09     -0.84392327E-20
  225.000000000000         0.67606153E-06      0.49511396E-18      0.98642586E-09     -0.10541641E-20
  226.000000000000         0.67665738E-06      0.49785957E-18      0.11917018E-08      0.54912126E-20
  227.000000000000         0.67726453E-06      0.50531695E-18      0.12143076E-08      0.14914764E-19
  228.000000000000         0.67777656E-06      0.50411334E-18      0.10240609E-08     -0.24072248E-20
  229.000000000000         0.67812659E-06      0.49517820E-18      0.70006484E-09     -0.17870281E-19
  230.000000000000         0.67831900E-06      0.49017185E-18      0.38482025E-09     -0.10012695E-19
  231.000000000000         0.67841632E-06      0.48811763E-18      0.19462526E-09     -0.41084445E-20
  232.000000000000         0.67849967E-06      0.48849744E-18      0.16671673E-09      0.75962322E-21
  233.000000000000         0.67862437E-06      0.49188087E-18      0.24939426E-09      0.67668673E-20
  234.000000000000         0.67879271E-06      0.48320326E-18      0.33667240E-09     -0.17355232E-19
  235.000000000000         0.67896346E-06      0.47879222E-18      0.34149772E-09     -0.88220791E-20
  236.000000000000         0.67909065E-06      0.48716405E-18      0.25439252E-09      0.16743670E-19
  237.000000000000         0.67916436E-06      0.49038480E-18      0.14741682E-09      0.64414978E-20
  238.000000000000         0.67921942E-06      0.48356518E-18      0.11012253E-09     -0.13639252E-19
  239.000000000000         0.67930916E-06      0.48268887E-18      0.17948517E-09     -0.17526148E-20
  240.000000000000         0.67946777E-06      0.48638854E-18      0.31721969E-09      0.73993374E-20
  241.000000000000         0.67968663E-06      0.49044569E-18      0.43771581E-09      0.81143058E-20
  242.000000000000         0.67992124E-06      0.49605690E-18      0.46922036E-09      0.11222411E-19
  243.000000000000         0.68012381E-06      0.50301467E-18      0.40512937E-09      0.13915539E-19
  244.000000000000         0.68027430E-06      0.50641684E-18      0.30098187E-09      0.68043425E-20
  245.000000000000         0.68039052E-06      0.51018410E-18      0.23244446E-09      0.75345168E-20
  246.000000000000         0.68051183E-06      0.50586887E-18      0.24261501E-09     -0.86304406E-20
  247.000000000000         0.68066613E-06      0.50499701E-18      0.30860114E-09     -0.17437226E-20
  248.000000000000         0.68084754E-06      0.50587043E-18      0.36283194E-09      0.17468245E-20
  249.000000000000         0.68102283E-06      0.51131838E-18      0.35058023E-09      0.10895907E-19
  250.000000000000         0.68115349E-06      0.51002152E-18      0.26131318E-09     -0.25937282E-20
  251.000000000000         0.68122075E-06      0.50597147E-18      0.13452021E-09     -0.81000821E-20
  252.000000000000         0.68124165E-06      0.50429843E-18      0.41792901E-10     -0.33460813E-20
  253.000000000000         0.68126470E-06      0.50613415E-18      0.46112013E-10      0.36714411E-20
  254.000000000000         0.68133882E-06      0.51106931E-18      0.14823329E-09      0.98703068E-20
  255.000000000000         0.68147490E-06      0.50637360E-18      0.27215825E-09     -0.93914209E-20
  256.000000000000         0.68163792E-06      0.50845701E-18      0.32603968E-09      0.41668189E-20
  257.000000000000         0.68177559E-06      0.50902292E-18      0.27534850E-09      0.11318286E-20
  258.000000000000         0.68185772E-06      0.50685849E-18      0.16424785E-09     -0.43288672E-20
  259.000000000000         0.68189557E-06      0.51485552E-18      0.75706445E-10      0.15994061E-19
  260.000000000000         0.68192493E-06      0.50072878E-18      0.58708678E-10     -0.28253478E-19
  261.000000000000         0.68197553E-06      0.50288481E-18      0.10121022E-09      0.43120667E-20
  262.000000000000         0.68205470E-06      0.50770744E-18      0.15834850E-09      0.96452620E-20
  263.000000000000         0.68214981E-06      0.51015269E-18      0.19020716E-09      0.48904857E-20
  264.000000000000         0.68223906E-06      0.51059304E-18      0.17849693E-09      0.88070178E-21
  265.000000000000         0.68230453E-06      0.51657271E-18      0.13093858E-09      0.11959342E-19
  266.000000000000         0.68234440E-06      0.52275230E-18      0.79741574E-10      0.12359191E-19
  267.000000000000         0.68237070E-06      0.53038717E-18      0.52602358E-10      0.15269735E-19
  268.000000000000         0.68239366E-06      0.52932846E-18      0.45927393E-10     -0.21174143E-20
  269.000000000000         0.68241341E-06      0.52912942E-18      0.39504015E-10     -0.39808713E-21
  270.000000000000         0.68242651E-06      0.53002346E-18      0.26201365E-10      0.17880898E-20
  271.000000000000         0.68243605E-06      0.54060425E-18      0.19071813E-10      0.21161574E-19
  272.000000000000         0.68245430E-06      0.54030948E-18      0.36497031E-10     -0.58954713E-21
  273.000000000000         0.68249578E-06      0.54060265E-18      0.82972716E-10      0.58634181E-21
  274.000000000000         0.68256881E-06      0.54485845E-18      0.14605561E-09      0.85116110E-20
  275.000000000000         0.68267343E-06      0.55264947E-18      0.20923428E-09      0.15582041E-19
  276.000000000000         0.68279756E-06      0.55112432E-18      0.24826210E-09     -0.30503061E-20
  277.000000000000         0.68291474E-06      0.54642740E-18      0.23436570E-09     -0.93938508E-20
  278.000000000000         0.68299857E-06      0.54786043E-18      0.16765396E-09      0.28660774E-20
  279.000000000000         0.68303983E-06      0.55010896E-18      0.82512549E-10      0.44970449E-20
  280.000000000000         0.68305138E-06      0.55807137E-18      0.23098068E-10      0.15924829E-19
  281.000000000000         0.68305737E-06      0.56130582E-18      0.11990681E-10      0.64688884E-20
  282.000000000000         0.68307761E-06      0.55938721E-18      0.40480073E-10     -0.38372133E-20
  283.000000000000         0.68311997E-06      0.55825579E-18      0.84716204E-10     -0.22628301E-20
  284.000000000000         0.68318043E-06      0.55342368E-18      0.12092574E-09     -0.96642354E-20
  285.000000000000         0.68324780E-06      0.54489778E-18      0.13473942E-09     -0.17051785E-19
  286.000000000000         0.68331169E-06      0.55003106E-18      0.12777948E-09      0.10266552E-19
  287.000000000000         0.68336570E-06      0.54700114E-18      0.10800900E-09     -0.60598412E-20
  288.000000000000         0.68340846E-06      0.55072241E-18      0.85520804E-10      0.74425366E-20
  289.000000000000         0.68344326E-06      0.54687846E-18      0.69597959E-10     -0.76879022E-20
  290.000000000000         0.68347399E-06      0.55036634E-18      0.61459153E-10      0.69757724E-20
  291.000000000000         0.68350287E-06      0.54841119E-18      0.57761412E-10     -0.39103009E-20
  292.000000000000         0.68353180E-06      0.54789463E-18      0.57862717E-10     -0.10331163E-20
  293.000000000000         0.68356455E-06      0.54712011E-18      0.65511815E-10     -0.15490508E-20
  294.000000000000         0.68360763E-06      0.54683438E-18      0.86155401E-10     -0.57145256E-21
  295.000000000000         0.68366789E-06      0.54511094E-18      0.12052731E-09     -0.34468875E-20
  296.000000000000         0.68374748E-06      0.54080186E-18      0.15917388E-09     -0.86181622E-20
  297.000000000000         0.68384056E-06      0.54916971E-18      0.18614874E-09      0.16735699E-19
  298.000000000000         0.68393461E-06      0.54562095E-18      0.18810086E-09     -0.70975198E-20
  299.000000000000         0.68401559E-06      0.55096263E-18      0.16197226E-09      0.10683374E-19
  300.000000000000         0.68407468E-06      0.55773606E-18      0.11817683E-09      0.13546844E-19
  301.000000000000         0.68411221E-06      0.56510432E-18      0.75058360E-10      0.14736533E-19
  302.000000000000         0.68413633E-06      0.56673252E-18      0.48237823E-10      0.32564033E-20
  303.000000000000         0.68415729E-06      0.57127592E-18      0.41929958E-10      0.90867858E-20
  304.000000000000         0.68418394E-06      0.56614803E-18      0.53289956E-10     -0.10255773E-19
  305.000000000000         0.68422347E-06      0.57441213E-18      0.79064959E-10      0.16528206E-19
  306.000000000000         0.68428077E-06      0.56622965E-18      0.11460062E-09     -0.16364967E-19
  307.000000000000         0.68435824E-06      0.57639580E-18      0.15493257E-09      0.20332306E-19
  308.000000000000         0.68445659E-06      0.58304524E-18      0.19669514E-09      0.13298874E-19
  309.000000000000         0.68457539E-06      0.58552756E-18      0.23761135E-09      0.49646476E-20
  310.000000000000         0.68471189E-06      0.58580753E-18      0.27300426E-09      0.55993665E-21
  311.000000000000         0.68485901E-06      0.58504187E-18      0.29424164E-09     -0.15313213E-20
  312.000000000000         0.68500506E-06      0.59489539E-18      0.29210109E-09      0.19707042E-19
  313.000000000000         0.68513624E-06      0.59282508E-18      0.26234347E-09     -0.41406335E-20
  314.000000000000         0.68524115E-06      0.58866775E-18      0.20983505E-09     -0.83146515E-20
  315.000000000000         0.68531649E-06      0.58564019E-18      0.15067725E-09     -0.60551107E-20
  316.000000000000         0.68537042E-06      0.59012336E-18      0.10786189E-09      0.89663309E-20
  317.000000000000         0.68541757E-06      0.59582739E-18      0.94283910E-10      0.11408061E-19
  318.000000000000         0.68546827E-06      0.59244078E-18      0.10140822E-09     -0.67732291E-20
  319.000000000000         0.68552379E-06      0.59418807E-18      0.11104409E-09      0.34945925E-20
  320.000000000000         0.68557955E-06      0.59291375E-18      0.11152304E-09     -0.25486469E-20
  321.000000000000         0.68562961E-06      0.59674882E-18      0.10010910E-09      0.76701421E-20
  322.000000000000         0.68567096E-06      0.59319452E-18      0.82708469E-10     -0.71085995E-20
  323.000000000000         0.68570784E-06      0.59980197E-18      0.73748567E-10      0.13214893E-19
  324.000000000000         0.68574903E-06      0.60870041E-18      0.82396671E-10      0.17796894E-19
  325.000000000000         0.68580131E-06      0.60874300E-18      0.10454524E-09      0.85170523E-22
  326.000000000000         0.68586320E-06      0.61332334E-18      0.12377865E-09      0.91606892E-20
  327.000000000000         0.68592387E-06      0.61481975E-18      0.12135532E-09      0.29928041E-20
  328.000000000000         0.68597295E-06      0.61966966E-18      0.98160351E-10      0.96998301E-20
  329.000000000000         0.68601350E-06      0.61511735E-18      0.81083469E-10     -0.91046284E-20
  330.000000000000         0.68606478E-06      0.61656603E-18      0.10255810E-09      0.28973617E-20
  331.000000000000         0.68615175E-06      0.61108606E-18      0.17395129E-09     -0.10959930E-19
  332.000000000000         0.68628992E-06      0.60736368E-18      0.27633537E-09     -0.74447548E-20
  333.000000000000         0.68647219E-06      0.60187833E-18      0.36455033E-09     -0.10970716E-19
  334.000000000000         0.68666412E-06      0.61416629E-18      0.38385623E-09      0.24575924E-19
  335.000000000000         0.68682211E-06      0.61518105E-18      0.31598366E-09      0.20295135E-20
  336.000000000000         0.68692437E-06      0.61043230E-18      0.20451785E-09     -0.94974810E-20
  337.000000000000         0.68698375E-06      0.60757553E-18      0.11874595E-09     -0.57135562E-20
  338.000000000000         0.68703735E-06      0.60420442E-18      0.10720414E-09     -0.67422070E-20
  339.000000000000         0.68712428E-06      0.59946171E-18      0.17385552E-09     -0.94854352E-20
  340.000000000000         0.68726085E-06      0.60234778E-18      0.27315177E-09      0.57721439E-20
  341.000000000000         0.68742875E-06      0.60593320E-18      0.33578871E-09      0.71708546E-20
  342.000000000000         0.68758902E-06      0.60616105E-18      0.32054067E-09      0.45569897E-21
  343.000000000000         0.68770855E-06      0.60934155E-18      0.23905983E-09      0.63609931E-20
  344.000000000000         0.68778003E-06      0.60622367E-18      0.14296960E-09     -0.62357527E-20
  345.000000000000         0.68782688E-06      0.61267318E-18      0.93704490E-10      0.12899003E-19
  346.000000000000         0.68788421E-06      0.61092178E-18      0.11464739E-09     -0.35027997E-20
  347.000000000000         0.68796809E-06      0.61080699E-18      0.16776603E-09     -0.22956847E-21
  348.000000000000         0.68806518E-06      0.62529625E-18      0.19418939E-09      0.28978515E-19
  349.000000000000         0.68815027E-06      0.62847691E-18      0.17017353E-09      0.63613291E-20
  350.000000000000         0.68820749E-06      0.63709894E-18      0.11443454E-09      0.17244053E-19
  351.000000000000         0.68823897E-06      0.63496236E-18      0.62953606E-10     -0.42731537E-20
  352.000000000000         0.68826254E-06      0.63268447E-18      0.47144881E-10     -0.45557877E-20
  353.000000000000         0.68829767E-06      0.63147547E-18      0.70266722E-10     -0.24180040E-20
  354.000000000000         0.68834814E-06      0.62766237E-18      0.10094277E-09     -0.76261917E-20
  355.000000000000         0.68839918E-06      0.62594397E-18      0.10208033E-09     -0.34368062E-20
  356.000000000000         0.68843042E-06      0.62964115E-18      0.62471830E-10      0.73943614E-20
  357.000000000000         0.68843827E-06      0.63257584E-18      0.15699553E-10      0.58693893E-20
  358.000000000000         0.68844715E-06      0.64109988E-18      0.17762855E-10      0.17048063E-19
  359.000000000000         0.68849337E-06      0.64566034E-18      0.92434711E-10      0.91209329E-20
  360.000000000000         0.68859493E-06      0.65664040E-18      0.20312077E-09      0.21960120E-19
  361.000000000000         0.68873608E-06      0.65683377E-18      0.28231158E-09      0.38673279E-21
  362.000000000000         0.68887914E-06      0.65732885E-18      0.28611405E-09      0.99016104E-21
  363.000000000000         0.68898699E-06      0.64726551E-18      0.21569243E-09     -0.20126674E-19
  364.000000000000         0.68904180E-06      0.65532867E-18      0.10962947E-09      0.16126325E-19
  365.000000000000         0.68905633E-06      0.66110344E-18      0.29058764E-10      0.11549522E-19
  366.000000000000         0.68906768E-06      0.66425965E-18      0.22699199E-10      0.63124220E-20
  367.000000000000         0.68911363E-06      0.66125180E-18      0.91909753E-10     -0.60156969E-20
  368.000000000000         0.68920905E-06      0.66668887E-18      0.19083739E-09      0.10874142E-19
  369.000000000000         0.68933641E-06      0.67004481E-18      0.25471299E-09      0.67118727E-20
  370.000000000000         0.68945652E-06      0.66577106E-18      0.24021526E-09     -0.85474899E-20
  371.000000000000         0.68953762E-06      0.66818124E-18      0.16220513E-09      0.48203562E-20
  372.000000000000         0.68957557E-06      0.67312272E-18      0.75906921E-10      0.98829666E-20
  373.000000000000         0.68958935E-06      0.67308016E-18      0.27546889E-10     -0.85122055E-22
  374.000000000000         0.68960349E-06      0.67206076E-18      0.28279625E-10     -0.20387934E-20
  375.000000000000         0.68962922E-06      0.66889144E-18      0.51470133E-10     -0.63386592E-20
  376.000000000000         0.68965751E-06      0.66747113E-18      0.56583339E-10     -0.28406158E-20
  377.000000000000         0.68967030E-06      0.66468553E-18      0.25569378E-10     -0.55711907E-20
  378.000000000000         0.68966127E-06      0.65547509E-18     -0.18066764E-10     -0.18420879E-19
  379.000000000000         0.68965102E-06      0.65780105E-18     -0.20490086E-10      0.46519087E-20
  380.000000000000         0.68968042E-06      0.66238979E-18      0.58806451E-10      0.91774913E-20
  381.000000000000         0.68978303E-06      0.65566454E-18      0.20522224E-09     -0.13450500E-19
  382.000000000000         0.68995515E-06      0.65096713E-18      0.34422661E-09     -0.93948331E-20
  383.000000000000         0.69015006E-06      0.64646068E-18      0.38982590E-09     -0.90128824E-20
  384.000000000000         0.69030563E-06      0.64753531E-18      0.31113468E-09      0.21492479E-20
  385.000000000000         0.69038359E-06      0.65257193E-18      0.15592473E-09      0.10073237E-19
  386.000000000000         0.69039452E-06      0.65702096E-18      0.21851173E-10      0.88980594E-20
  387.000000000000         0.69039451E-06      0.65988904E-18     -0.10104575E-13      0.57361615E-20
  388.000000000000         0.69045174E-06      0.65979126E-18      0.11445562E-09     -0.19555067E-21
  389.000000000000         0.69060284E-06      0.66053969E-18      0.30219691E-09      0.14968609E-20
  390.000000000000         0.69083061E-06      0.66102844E-18      0.45554111E-09      0.97749484E-21
  391.000000000000         0.69107716E-06      0.66240879E-18      0.49310024E-09      0.27606894E-20
  392.000000000000         0.69127902E-06      0.66206394E-18      0.40372870E-09     -0.68968769E-21
  393.000000000000         0.69140195E-06      0.66722653E-18      0.24585731E-09      0.10325185E-19
  394.000000000000         0.69145500E-06      0.66846490E-18      0.10609002E-09      0.24767403E-20
  395.000000000000         0.69147521E-06      0.66883838E-18      0.40433973E-10      0.74694409E-21
  396.000000000000         0.69149925E-06      0.68075081E-18      0.48074729E-10      0.23824870E-19
  397.000000000000         0.69154095E-06      0.68325659E-18      0.83406036E-10      0.50115513E-20
  398.000000000000         0.69158828E-06      0.68127891E-18      0.94654320E-10     -0.39553450E-20
  399.000000000000         0.69161957E-06      0.67359729E-18      0.62572178E-10     -0.15363238E-19
  400.000000000000         0.69162755E-06      0.66527534E-18      0.15967211E-10     -0.16643914E-19
  401.000000000000         0.69162856E-06      0.65817289E-18      0.20201976E-11     -0.14204888E-19
  402.000000000000         0.69164772E-06      0.65316795E-18      0.38328880E-10     -0.10009894E-19
  403.000000000000         0.69169854E-06      0.65832804E-18      0.10163014E-09      0.10320190E-19
  404.000000000000         0.69177319E-06      0.66234477E-18      0.14929152E-09      0.80334489E-20
  405.000000000000         0.69184698E-06      0.66664137E-18      0.14758049E-09      0.85932175E-20
  406.000000000000         0.69189547E-06      0.66225931E-18      0.96984668E-10     -0.87641337E-20
  407.000000000000         0.69191098E-06      0.66649847E-18      0.31015903E-10      0.84783234E-20
  408.000000000000         0.69190934E-06      0.66939487E-18     -0.32663713E-11      0.57927975E-20
  409.000000000000         0.69192318E-06      0.67429493E-18      0.27671274E-10      0.98001257E-20
  410.000000000000         0.69198340E-06      0.67996206E-18      0.12044903E-09      0.11334261E-19
  411.000000000000         0.69209939E-06      0.67443227E-18      0.23196873E-09     -0.11059586E-19
  412.000000000000         0.69225093E-06      0.67413108E-18      0.30308023E-09     -0.60236843E-21
  413.000000000000         0.69240074E-06      0.68055590E-18      0.29963108E-09      0.12849630E-19
  414.000000000000         0.69251971E-06      0.68936112E-18      0.23792961E-09      0.17610443E-19
  415.000000000000         0.69260158E-06      0.68655288E-18      0.16374654E-09     -0.56164788E-20
  416.000000000000         0.69266021E-06      0.69125388E-18      0.11726709E-09      0.94019933E-20
  417.000000000000         0.69271917E-06      0.69319605E-18      0.11790731E-09      0.38843497E-20
  418.000000000000         0.69279732E-06      0.69002953E-18      0.15631199E-09     -0.63330369E-20
  419.000000000000         0.69289514E-06      0.70007017E-18      0.19562566E-09      0.20081270E-19
  420.000000000000         0.69299519E-06      0.69984319E-18      0.20010040E-09     -0.45396706E-21
  421.000000000000         0.69307674E-06      0.70507957E-18      0.16310554E-09      0.10472774E-19
  422.000000000000         0.69313122E-06      0.71306961E-18      0.10896351E-09      0.15980076E-19
  423.000000000000         0.69316927E-06      0.70849863E-18      0.76095165E-10     -0.91419710E-20
  424.000000000000         0.69321285E-06      0.70541068E-18      0.87160018E-10     -0.61758920E-20
  425.000000000000         0.69327763E-06      0.71128920E-18      0.12956713E-09      0.11757041E-19
  426.000000000000         0.69336064E-06      0.71895092E-18      0.16600802E-09      0.15323430E-19
  427.000000000000         0.69344240E-06      0.72804643E-18      0.16353596E-09      0.18191025E-19
  428.000000000000         0.69350266E-06      0.71937025E-18      0.12050439E-09     -0.17352349E-19
  429.000000000000         0.69353609E-06      0.71960864E-18      0.66856686E-10      0.47677915E-21
  430.000000000000         0.69355805E-06      0.73515451E-18      0.43929276E-10      0.31091742E-19
  431.000000000000         0.69359462E-06      0.74196303E-18      0.73130092E-10      0.13617034E-19
  432.000000000000         0.69366219E-06      0.73939354E-18      0.13514168E-09     -0.51389888E-20
  433.000000000000         0.69375485E-06      0.73942333E-18      0.18533100E-09      0.59582853E-22
  434.000000000000         0.69385001E-06      0.74292549E-18      0.19030879E-09      0.70043328E-20
  435.000000000000         0.69392370E-06      0.75105078E-18      0.14738216E-09      0.16250571E-19
  436.000000000000         0.69396552E-06      0.74687154E-18      0.83655103E-10     -0.83584791E-20
  437.000000000000         0.69398603E-06      0.75064372E-18      0.41010695E-10      0.75443654E-20
  438.000000000000         0.69401099E-06      0.75558472E-18      0.49925313E-10      0.98819907E-20
  439.000000000000         0.69406559E-06      0.74840230E-18      0.10919411E-09     -0.14364844E-19
  440.000000000000         0.69415907E-06      0.75168805E-18      0.18696819E-09      0.65715105E-20
  441.000000000000         0.69427876E-06      0.74366214E-18      0.23936383E-09     -0.16051828E-19
  442.000000000000         0.69439756E-06      0.74789310E-18      0.23761589E-09      0.84619284E-20
  443.000000000000         0.69449190E-06      0.74840098E-18      0.18866447E-09      0.10157519E-20
  444.000000000000         0.69455631E-06      0.75697975E-18      0.12883688E-09      0.17157535E-19
  445.000000000000         0.69460302E-06      0.75730333E-18      0.93410856E-10      0.64716543E-21
  446.000000000000         0.69464794E-06      0.75662304E-18      0.89831530E-10     -0.13605829E-20
  447.000000000000         0.69470020E-06      0.76393624E-18      0.10453227E-09      0.14626414E-19
  448.000000000000         0.69475859E-06      0.77126880E-18      0.11677711E-09      0.14665111E-19
  449.000000000000         0.69481228E-06      0.77353531E-18      0.10738302E-09      0.45330273E-20
  450.000000000000         0.69484947E-06      0.78438461E-18      0.74373869E-10      0.21698589E-19
  451.000000000000         0.69486712E-06      0.78622538E-18      0.35295558E-10      0.36815483E-20
  452.000000000000         0.69487428E-06      0.79048269E-18      0.14330861E-10      0.85146095E-20
  453.000000000000         0.69488668E-06      0.79576279E-18      0.24802930E-10      0.10560201E-19
  454.000000000000         0.69491278E-06      0.79476929E-18      0.52189089E-10     -0.19869912E-20
  455.000000000000         0.69494568E-06      0.80136103E-18      0.65804840E-10      0.13183475E-19
  456.000000000000         0.69496889E-06      0.80582928E-18      0.46428095E-10      0.89364974E-20
  457.000000000000         0.69497217E-06      0.80722606E-18      0.65488190E-11      0.27935699E-20
  458.000000000000         0.69496092E-06      0.80611979E-18     -0.22495436E-10     -0.22125530E-20
  459.000000000000         0.69495076E-06      0.80507561E-18     -0.20313871E-10     -0.20883467E-20
  460.000000000000         0.69495728E-06      0.81012267E-18      0.13033146E-10      0.10094111E-19
  461.000000000000         0.69498782E-06      0.81122947E-18      0.61073013E-10      0.22136129E-20
  462.000000000000         0.69503732E-06      0.81108863E-18      0.98997131E-10     -0.28168085E-21
  463.000000000000         0.69509436E-06      0.81189688E-18      0.11408926E-09      0.16164919E-20
  464.000000000000         0.69515135E-06      0.81615018E-18      0.11398337E-09      0.85065962E-20
  465.000000000000         0.69520820E-06      0.81334370E-18      0.11370419E-09     -0.56129633E-20
  466.000000000000         0.69526932E-06      0.81942930E-18      0.12223841E-09      0.12171213E-19
  467.000000000000         0.69533340E-06      0.81714506E-18      0.12815257E-09     -0.45684927E-20
  468.000000000000         0.69538537E-06      0.81337845E-18      0.10393676E-09     -0.75332114E-20
  469.000000000000         0.69540782E-06      0.82134401E-18      0.44894912E-10      0.15931111E-19
  470.000000000000         0.69540160E-06      0.83134474E-18     -0.12438312E-10      0.20001460E-19
  471.000000000000         0.69539135E-06      0.84751099E-18     -0.20500886E-10      0.32332500E-19
  472.000000000000         0.69541109E-06      0.84955794E-18      0.39486737E-10      0.40938978E-20
  473.000000000000         0.69547897E-06      0.85081358E-18      0.13577151E-09      0.25112945E-20
  474.000000000000         0.69558129E-06      0.85026112E-18      0.20462506E-09     -0.11049324E-20
  475.000000000000         0.69567893E-06      0.84424623E-18      0.19528697E-09     -0.12029765E-19
  476.000000000000         0.69573331E-06      0.85159675E-18      0.10876133E-09      0.14701042E-19
  477.000000000000         0.69573433E-06      0.86101718E-18      0.20420164E-11      0.18840848E-19
  478.000000000000         0.69570595E-06      0.86926162E-18     -0.56764280E-10      0.16488889E-19
  479.000000000000         0.69568766E-06      0.86831159E-18     -0.36576570E-10     -0.19000597E-20
  480.000000000000         0.69570458E-06      0.86859566E-18      0.33828566E-10      0.56814383E-21
  481.000000000000         0.69574872E-06      0.87537936E-18      0.88294559E-10      0.13567391E-19
  482.000000000000         0.69579001E-06      0.88343531E-18      0.82574665E-10      0.16111902E-19
  483.000000000000         0.69580341E-06      0.88697946E-18      0.26807827E-10      0.70882916E-20
  484.000000000000         0.69578833E-06      0.88427301E-18     -0.30175314E-10     -0.54128890E-20
  485.000000000000         0.69577089E-06      0.88946650E-18     -0.34884540E-10      0.10386985E-19
  486.000000000000         0.69578683E-06      0.89649303E-18      0.31893447E-10      0.14053049E-19
  487.000000000000         0.69585185E-06      0.89553302E-18      0.13004311E-09     -0.19200154E-20
  488.000000000000         0.69594488E-06      0.89974041E-18      0.18605097E-09      0.84147791E-20
  489.000000000000         0.69602414E-06      0.89968182E-18      0.15851634E-09     -0.11717530E-21
  490.000000000000         0.69605959E-06      0.89995597E-18      0.70915032E-10      0.54829150E-21
  491.000000000000         0.69605459E-06      0.89477439E-18     -0.10008690E-10     -0.10363151E-19
  492.000000000000         0.69604381E-06      0.89295691E-18     -0.21556391E-10     -0.36349677E-20
  493.000000000000         0.69607126E-06      0.89939195E-18      0.54893261E-10      0.12870077E-19
  494.000000000000         0.69616046E-06      0.89865812E-18      0.17840241E-09     -0.14676511E-20
  495.000000000000         0.69630111E-06      0.89563327E-18      0.28129590E-09     -0.60497147E-20
  496.000000000000         0.69645781E-06      0.90198590E-18      0.31341213E-09      0.12705262E-19
  497.000000000000         0.69658718E-06      0.90633039E-18      0.25873175E-09      0.86889895E-20
  498.000000000000         0.69666134E-06      0.90855454E-18      0.14832998E-09      0.44482930E-20
  499.000000000000         0.69668573E-06      0.90731709E-18      0.48763166E-10     -0.24748985E-20
  500.000000000000         0.69668959E-06      0.90050860E-18      0.77302703E-11     -0.13616970E-19
