 #            500
    0.000000000000         0.00000000E+00      0.00000000E+00      0.00000000E+00      0.00000000E+00
    1.000000000000         0.37722325E-34     -0.63596799E-36      0.75444651E-34     -0.12719360E-35
    2.000000000000        -0.27149721E-31     -0.33104609E-35     -0.54374886E-31     -0.53489857E-35
    3.000000000000         0.45621037E-29     -0.20243725E-35      0.91785069E-29      0.25721766E-35
    4.000000000000         0.41678947E-27     -0.67434554E-36      0.82445472E-27      0.27000540E-35
    5.000000000000         0.82473368E-26     -0.13159205E-35      0.15661095E-25     -0.12831499E-35
    6.000000000000         0.74736930E-25     -0.26902344E-35      0.13297919E-24     -0.27486278E-35
    7.000000000000         0.44102880E-24      0.10515785E-35      0.73258375E-24      0.74836258E-35
    8.000000000000         0.18883789E-23     -0.64146258E-35      0.28947001E-23     -0.14932409E-34
    9.000000000000         0.62344039E-23     -0.29051108E-35      0.86920501E-23      0.70190300E-35
   10.000000000000         0.16488941E-22     -0.43278966E-35      0.20509073E-22     -0.28455716E-35
   11.000000000000         0.35799188E-22     -0.52349343E-35      0.38620494E-22     -0.18140753E-35
   12.000000000000         0.65183401E-22     -0.67297191E-35      0.58768428E-22     -0.29895697E-35
   13.000000000000         0.99496789E-22     -0.39016235E-35      0.68626775E-22      0.56561913E-35
   14.000000000000         0.13295343E-21     -0.41533231E-35      0.66913292E-22     -0.50339914E-36
   15.000000000000         0.16343161E-21     -0.26447199E-35      0.60956352E-22      0.30172064E-35
   16.000000000000         0.18957463E-21     -0.28347060E-35      0.52286045E-22     -0.37997224E-36
   17.000000000000         0.21020108E-21     -0.12261858E-35      0.41252901E-22      0.32170405E-35
   18.000000000000         0.22541702E-21      0.16459909E-35      0.30431876E-22      0.57443533E-35
   19.000000000000         0.23713905E-21      0.47121241E-35      0.23444056E-22      0.61322665E-35
   20.000000000000         0.24828096E-21      0.77650331E-35      0.22283813E-22      0.61058178E-35
   21.000000000000         0.26124468E-21      0.72606022E-35      0.25927446E-22     -0.10088617E-35
   22.000000000000         0.27685166E-21      0.71999205E-35      0.31213960E-22     -0.12136348E-36
   23.000000000000         0.29411226E-21      0.88560879E-36      0.34521202E-22     -0.12628623E-34
   24.000000000000         0.31086756E-21      0.60452186E-36      0.33510599E-22     -0.56217386E-36
   25.000000000000         0.32522875E-21      0.34988355E-36      0.28722375E-22     -0.50927661E-36
   26.000000000000         0.33712504E-21      0.11620064E-35      0.23792594E-22      0.16242456E-35
   27.000000000000         0.34883465E-21      0.47453571E-35      0.23419204E-22      0.71667015E-35
   28.000000000000         0.36371875E-21     -0.14660640E-36      0.29768201E-22     -0.97839270E-35
   29.000000000000         0.38378562E-21      0.53033456E-36      0.40133753E-22      0.13538819E-35
   30.000000000000         0.40818040E-21     -0.58535335E-36      0.48789554E-22     -0.22313758E-35
   31.000000000000         0.43379677E-21      0.34255358E-38      0.51232742E-22      0.11775578E-35
   32.000000000000         0.45730639E-21      0.20527562E-35      0.47019233E-22      0.40986612E-35
   33.000000000000         0.47695932E-21      0.36054404E-35      0.39305855E-22      0.31053685E-35
   34.000000000000         0.49299930E-21      0.97336478E-36      0.32079968E-22     -0.52641513E-35
   35.000000000000         0.50693657E-21     -0.30604879E-35      0.27874542E-22     -0.80677053E-35
   36.000000000000         0.52030632E-21     -0.87597539E-36      0.26739497E-22      0.43690249E-35
   37.000000000000         0.53359305E-21     -0.57385516E-35      0.26573458E-22     -0.97251523E-35
   38.000000000000         0.54613106E-21     -0.54583399E-35      0.25076028E-22      0.56042325E-36
   39.000000000000         0.55685298E-21     -0.43611597E-35      0.21443832E-22      0.21943604E-35
   40.000000000000         0.56540385E-21     -0.84567258E-35      0.17101739E-22     -0.81911322E-35
   41.000000000000         0.57277359E-21     -0.49262723E-35      0.14739483E-22      0.70609070E-35
   42.000000000000         0.58067298E-21     -0.75554092E-35      0.15798781E-22     -0.52582738E-35
   43.000000000000         0.59002440E-21     -0.64023930E-35      0.18702850E-22      0.23060324E-35
   44.000000000000         0.59999578E-21     -0.81469704E-35      0.19942749E-22     -0.34891548E-35
   45.000000000000         0.60877565E-21     -0.91201297E-35      0.17559752E-22     -0.19463185E-35
   46.000000000000         0.61522412E-21     -0.83506185E-35      0.12896938E-22      0.15390223E-35
   47.000000000000         0.61958128E-21     -0.83789742E-35      0.87143247E-23     -0.56711289E-37
   48.000000000000         0.62291501E-21     -0.71546936E-35      0.66674570E-23      0.24485610E-35
   49.000000000000         0.62624024E-21     -0.14738539E-34      0.66504482E-23     -0.15167691E-34
   50.000000000000         0.62997029E-21     -0.15821901E-34      0.74601055E-23     -0.21667236E-35
   51.000000000000         0.63388326E-21     -0.13707184E-34      0.78259430E-23      0.42294350E-35
   52.000000000000         0.63744865E-21     -0.12549759E-34      0.71307732E-23      0.23148486E-35
   53.000000000000         0.64018534E-21     -0.15062081E-34      0.54733756E-23     -0.50246443E-35
   54.000000000000         0.64199752E-21     -0.14274203E-34      0.36243640E-23      0.15757565E-35
   55.000000000000         0.64334178E-21     -0.13752281E-34      0.26885275E-23      0.10438453E-35
   56.000000000000         0.64490448E-21     -0.17762623E-34      0.31254033E-23     -0.80206855E-35
   57.000000000000         0.64699478E-21     -0.16949031E-34      0.41805951E-23      0.16271844E-35
   58.000000000000         0.64926954E-21     -0.20182813E-34      0.45495217E-23     -0.64675636E-35
   59.000000000000         0.65111886E-21     -0.20499165E-34      0.36986289E-23     -0.63270352E-36
   60.000000000000         0.65225953E-21     -0.21470855E-34      0.22813401E-23     -0.19433797E-35
   61.000000000000         0.65289076E-21     -0.23075475E-34      0.12624715E-23     -0.32092402E-35
   62.000000000000         0.65343169E-21     -0.23825290E-34      0.10818531E-23     -0.14996306E-35
   63.000000000000         0.65418938E-21     -0.23664097E-34      0.15153796E-23      0.32238564E-36
   64.000000000000         0.65517862E-21     -0.24003959E-34      0.19784813E-23     -0.67972329E-36
   65.000000000000         0.65616403E-21     -0.24935976E-34      0.19708182E-23     -0.18640339E-35
   66.000000000000         0.65685852E-21     -0.25357755E-34      0.13889825E-23     -0.84355782E-36
   67.000000000000         0.65717446E-21     -0.25183705E-34      0.63188133E-24      0.34809958E-36
   68.000000000000         0.65734900E-21     -0.26370290E-34      0.34907977E-24     -0.23731698E-35
   69.000000000000         0.65776801E-21     -0.30523896E-34      0.83802652E-24     -0.83072123E-35
   70.000000000000         0.65859609E-21     -0.30580904E-34      0.16561498E-23     -0.11401664E-36
   71.000000000000         0.65961732E-21     -0.27832154E-34      0.20424733E-23      0.54974995E-35
   72.000000000000         0.66044349E-21     -0.28847558E-34      0.16523245E-23     -0.20308071E-35
   73.000000000000         0.66084735E-21     -0.30576523E-34      0.80772469E-24     -0.34579307E-35
   74.000000000000         0.66094390E-21     -0.27802060E-34      0.19310769E-24      0.55489274E-35
   75.000000000000         0.66102198E-21     -0.25024657E-34      0.15614407E-24      0.55548049E-35
   76.000000000000         0.66125871E-21     -0.27063108E-34      0.47347361E-24     -0.40769020E-35
   77.000000000000         0.66165759E-21     -0.27580763E-34      0.79776051E-24     -0.10353103E-35
   78.000000000000         0.66214337E-21     -0.27518753E-34      0.97155914E-24      0.12402097E-36
   79.000000000000         0.66262362E-21     -0.22139100E-34      0.96049923E-24      0.10759306E-34
   80.000000000000         0.66299849E-21     -0.23330828E-34      0.74973509E-24     -0.23834554E-35
   81.000000000000         0.66323188E-21     -0.23446978E-34      0.46678541E-24     -0.23230076E-36
   82.000000000000         0.66340846E-21     -0.21495911E-34      0.35315167E-24      0.39021333E-35
   83.000000000000         0.66365539E-21     -0.20300467E-34      0.49386086E-24      0.23908884E-35
   84.000000000000         0.66402380E-21     -0.23959080E-34      0.73683101E-24     -0.73172256E-35
   85.000000000000         0.66444172E-21     -0.32701338E-34      0.83583842E-24     -0.17484517E-34
   86.000000000000         0.66479457E-21     -0.29093008E-34      0.70569395E-24      0.72166600E-35
   87.000000000000         0.66505319E-21     -0.30104739E-34      0.51723915E-24     -0.20234603E-35
   88.000000000000         0.66528693E-21     -0.32110680E-34      0.46748613E-24     -0.40118824E-35
   89.000000000000         0.66558299E-21     -0.33123328E-34      0.59211101E-24     -0.20252970E-35
   90.000000000000         0.66598487E-21     -0.33171337E-34      0.80375524E-24     -0.96016881E-37
   91.000000000000         0.66650134E-21     -0.32668149E-34      0.10329477E-23      0.10063764E-35
   92.000000000000         0.66711185E-21     -0.32571149E-34      0.12210156E-23      0.19399962E-36
   93.000000000000         0.66773579E-21     -0.34723384E-34      0.12478843E-23     -0.43044703E-35
   94.000000000000         0.66826029E-21     -0.33230393E-34      0.10489917E-23      0.29859824E-35
   95.000000000000         0.66863002E-21     -0.29908084E-34      0.73947550E-24      0.66446167E-35
   96.000000000000         0.66889732E-21     -0.28336482E-34      0.53460023E-24      0.31432047E-35
   97.000000000000         0.66918322E-21     -0.26409201E-34      0.57178475E-24      0.38545625E-35
   98.000000000000         0.66958860E-21     -0.28043759E-34      0.81077839E-24     -0.32691169E-35
   99.000000000000         0.67013972E-21     -0.32906519E-34      0.11022246E-23     -0.97255197E-35
  100.000000000000         0.67080987E-21     -0.29027458E-34      0.13403102E-23      0.77581221E-35
  101.000000000000         0.67157945E-21     -0.32465160E-34      0.15391563E-23     -0.68754050E-35
  102.000000000000         0.67245011E-21     -0.30634858E-34      0.17413280E-23      0.36606059E-35
  103.000000000000         0.67340709E-21     -0.29813161E-34      0.19139510E-23      0.16433933E-35
  104.000000000000         0.67440301E-21     -0.27246177E-34      0.19918379E-23      0.51339687E-35
  105.000000000000         0.67537963E-21     -0.26116027E-34      0.19532517E-23      0.22602983E-35
  106.000000000000         0.67628725E-21     -0.28394008E-34      0.18152238E-23     -0.45559618E-35
  107.000000000000         0.67708621E-21     -0.29161617E-34      0.15979317E-23     -0.15352169E-35
  108.000000000000         0.67774659E-21     -0.31436705E-34      0.13207512E-23     -0.45501762E-35
  109.000000000000         0.67826406E-21     -0.26303469E-34      0.10349438E-23      0.10266471E-34
  110.000000000000         0.67867464E-21     -0.30933495E-34      0.82116252E-24     -0.92600515E-35
  111.000000000000         0.67904091E-21     -0.33539466E-34      0.73254614E-24     -0.52119428E-35
  112.000000000000         0.67941898E-21     -0.33084102E-34      0.75612309E-24      0.91072975E-36
  113.000000000000         0.67983852E-21     -0.34111834E-34      0.83908894E-24     -0.20554649E-35
  114.000000000000         0.68030506E-21     -0.34134955E-34      0.93307616E-24     -0.46242042E-37
  115.000000000000         0.68079786E-21     -0.32574786E-34      0.98559664E-24      0.31203377E-35
  116.000000000000         0.68126954E-21     -0.34565506E-34      0.94335801E-24     -0.39814390E-35
  117.000000000000         0.68168383E-21     -0.33669491E-34      0.82859537E-24      0.17920291E-35
  118.000000000000         0.68206283E-21     -0.31203250E-34      0.75799104E-24      0.49324816E-35
  119.000000000000         0.68248069E-21     -0.32688714E-34      0.83572814E-24     -0.29709271E-35
  120.000000000000         0.68302156E-21     -0.34122796E-34      0.10817424E-23     -0.28681632E-35
  121.000000000000         0.68374196E-21     -0.33435936E-34      0.14407860E-23      0.13737184E-35
  122.000000000000         0.68465194E-21     -0.33585331E-34      0.18199683E-23     -0.29878966E-36
  123.000000000000         0.68572071E-21     -0.32882309E-34      0.21375358E-23      0.14060445E-35
  124.000000000000         0.68687661E-21     -0.32295367E-34      0.23118036E-23      0.11738844E-35
  125.000000000000         0.68798857E-21     -0.30654153E-34      0.22239231E-23      0.32824274E-35
  126.000000000000         0.68888897E-21     -0.29235640E-34      0.18007962E-23      0.28370252E-35
  127.000000000000         0.68946465E-21     -0.27735670E-34      0.11513644E-23      0.29999414E-35
  128.000000000000         0.68974806E-21     -0.27815729E-34      0.56681574E-24     -0.16011806E-36
  129.000000000000         0.68988523E-21     -0.30642036E-34      0.27433993E-24     -0.56526154E-35
  130.000000000000         0.69001203E-21     -0.26526866E-34      0.25359427E-24      0.82303402E-35
  131.000000000000         0.69018176E-21     -0.29357490E-34      0.33946807E-24     -0.56612479E-35
  132.000000000000         0.69036370E-21     -0.32075524E-34      0.36387846E-24     -0.54360673E-35
  133.000000000000         0.69049405E-21     -0.27293904E-34      0.26068940E-24      0.95632406E-35
  134.000000000000         0.69052954E-21     -0.28460652E-34      0.70995149E-25     -0.23334969E-35
  135.000000000000         0.69048494E-21     -0.24565428E-34     -0.89214834E-25      0.77904482E-35
  136.000000000000         0.69043718E-21     -0.19705013E-34     -0.95505652E-25      0.97208303E-35
  137.000000000000         0.69046206E-21     -0.20897659E-34      0.49757820E-25     -0.23852921E-35
  138.000000000000         0.69057566E-21     -0.20795976E-34      0.22718880E-24      0.20336684E-36
  139.000000000000         0.69072139E-21     -0.22346780E-34      0.29146855E-24     -0.31016090E-35
  140.000000000000         0.69081859E-21     -0.21732287E-34      0.19439922E-24      0.12289857E-35
  141.000000000000         0.69084687E-21     -0.17582862E-34      0.56558031E-25      0.82988495E-35
  142.000000000000         0.69086964E-21     -0.19749883E-34      0.45549488E-25     -0.43340414E-35
  143.000000000000         0.69098641E-21     -0.20865571E-34      0.23352500E-24     -0.22313758E-35
  144.000000000000         0.69127458E-21     -0.21339145E-34      0.57635444E-24     -0.94714826E-36
  145.000000000000         0.69173921E-21     -0.21411582E-34      0.92925186E-24     -0.14487337E-36
  146.000000000000         0.69226989E-21     -0.22461148E-34      0.10613513E-23     -0.20991327E-35
  147.000000000000         0.69267129E-21     -0.23927648E-34      0.80281679E-24     -0.29329990E-35
  148.000000000000         0.69278524E-21     -0.28269333E-34      0.22788482E-24     -0.86833705E-35
  149.000000000000         0.69260971E-21     -0.24871857E-34     -0.35105855E-24      0.67949514E-35
  150.000000000000         0.69232827E-21     -0.26969818E-34     -0.56287912E-24     -0.41959208E-35
  151.000000000000         0.69216683E-21     -0.22255054E-34     -0.32287645E-24      0.94295281E-35
  152.000000000000         0.69221054E-21     -0.25231696E-34      0.87418397E-25     -0.59532848E-35
  153.000000000000         0.69237468E-21     -0.21890791E-34      0.32828389E-24      0.66818101E-35
  154.000000000000         0.69248664E-21     -0.21758618E-34      0.22390997E-24      0.26434561E-36
  155.000000000000         0.69242023E-21     -0.22420271E-34     -0.13280078E-24     -0.13233065E-35
  156.000000000000         0.69217973E-21     -0.24357336E-34     -0.48100612E-24     -0.38741292E-35
  157.000000000000         0.69187160E-21     -0.26699946E-34     -0.61626270E-24     -0.46852203E-35
  158.000000000000         0.69162843E-21     -0.23721975E-34     -0.48634313E-24      0.59559423E-35
  159.000000000000         0.69152383E-21     -0.21779908E-34     -0.20919535E-24      0.38841335E-35
  160.000000000000         0.69153938E-21     -0.20101593E-34      0.31097141E-25      0.33566304E-35
  161.000000000000         0.69156312E-21     -0.15657927E-34      0.47479474E-25      0.88873314E-35
  162.000000000000         0.69144298E-21     -0.15544856E-34     -0.24027095E-24      0.22614204E-36
  163.000000000000         0.69113865E-21     -0.12239951E-34     -0.60866483E-24      0.66098110E-35
  164.000000000000         0.69078654E-21     -0.13782490E-34     -0.70423278E-24     -0.30850786E-35
  165.000000000000         0.69057986E-21     -0.11498061E-34     -0.41335427E-24      0.45688590E-35
  166.000000000000         0.69059744E-21     -0.11828371E-34      0.35169195E-25     -0.66062151E-36
  167.000000000000         0.69074934E-21     -0.74574394E-35      0.30379294E-24      0.87418639E-35
  168.000000000000         0.69085396E-21     -0.91226709E-35      0.20924495E-24     -0.33304631E-35
  169.000000000000         0.69077442E-21     -0.77588005E-35     -0.15909123E-24      0.27277410E-35
  170.000000000000         0.69052501E-21     -0.11500249E-34     -0.49880333E-24     -0.74828969E-35
  171.000000000000         0.69027131E-21     -0.58068858E-35     -0.50740226E-24      0.11386726E-34
  172.000000000000         0.69022958E-21     -0.80819050E-35     -0.83465184E-25     -0.45500384E-35
  173.000000000000         0.69051985E-21     -0.11802782E-34      0.58053173E-24     -0.74417545E-35
  174.000000000000         0.69105141E-21     -0.13958783E-34      0.10631256E-23     -0.43120008E-35
  175.000000000000         0.69154701E-21     -0.14259706E-34      0.99119742E-24     -0.60184679E-36
  176.000000000000         0.69175724E-21     -0.10115424E-34      0.42046080E-24      0.82885639E-35
  177.000000000000         0.69167705E-21     -0.14246622E-34     -0.16036983E-24     -0.82623965E-35
  178.000000000000         0.69152230E-21     -0.18084682E-34     -0.30950435E-24     -0.76761187E-35
  179.000000000000         0.69153256E-21     -0.20925408E-34      0.20515908E-25     -0.56814518E-35
  180.000000000000         0.69181111E-21     -0.23643441E-34      0.55710360E-24     -0.54360673E-35
  181.000000000000         0.69229098E-21     -0.19967520E-34      0.95974394E-24      0.73518419E-35
  182.000000000000         0.69280731E-21     -0.20813579E-34      0.10326577E-23     -0.16921178E-35
  183.000000000000         0.69319306E-21     -0.18307275E-34      0.77149261E-24      0.50126081E-35
  184.000000000000         0.69337316E-21     -0.14608212E-34      0.36020377E-24      0.73981269E-35
  185.000000000000         0.69341371E-21     -0.14527099E-34      0.81095989E-25      0.16222453E-36
  186.000000000000         0.69346496E-21     -0.16404287E-34      0.10250275E-24     -0.37543757E-35
  187.000000000000         0.69363645E-21     -0.18338413E-34      0.34298247E-24     -0.38682517E-35
  188.000000000000         0.69390481E-21     -0.20215234E-34      0.53671785E-24     -0.37536410E-35
  189.000000000000         0.69414953E-21     -0.21641326E-34      0.48943227E-24     -0.28521838E-35
  190.000000000000         0.69427975E-21     -0.19964480E-34      0.26043863E-24      0.33536917E-35
  191.000000000000         0.69431322E-21     -0.19792267E-34      0.66950517E-25      0.34442616E-36
  192.000000000000         0.69436109E-21     -0.13989068E-34      0.95740058E-25      0.11606397E-34
  193.000000000000         0.69455756E-21     -0.13143150E-34      0.39294009E-24      0.16918366E-35
  194.000000000000         0.69496975E-21     -0.12684043E-34      0.82437092E-24      0.91821434E-36
  195.000000000000         0.69554641E-21     -0.10305206E-34      0.11533233E-23      0.47576728E-35
  196.000000000000         0.69615423E-21     -0.11570035E-34      0.12156382E-23     -0.25296575E-35
  197.000000000000         0.69665446E-21     -0.74505489E-35      0.10004569E-23      0.82389728E-35
  198.000000000000         0.69698324E-21     -0.19649177E-35      0.65757406E-24      0.10971262E-34
  199.000000000000         0.69720450E-21     -0.12490384E-35      0.44250604E-24      0.14317584E-35
  200.000000000000         0.69746248E-21     -0.56126089E-36      0.51597857E-24      0.13755551E-35
  201.000000000000         0.69788302E-21     -0.14473601E-35      0.84107220E-24     -0.17721984E-35
  202.000000000000         0.69850313E-21     -0.49748400E-36      0.12402188E-23      0.18997521E-35
  203.000000000000         0.69926030E-21     -0.11132195E-35      0.15143347E-23     -0.12314710E-35
  204.000000000000         0.70003722E-21      0.27823720E-35      0.15538492E-23      0.77911829E-35
  205.000000000000         0.70072098E-21      0.47191123E-35      0.13675200E-23      0.38734806E-35
  206.000000000000         0.70125346E-21      0.23913795E-35      0.10649506E-23     -0.46554656E-35
  207.000000000000         0.70164605E-21      0.39976458E-36      0.78517883E-24     -0.39832298E-35
  208.000000000000         0.70195018E-21      0.42262957E-35      0.60827386E-24      0.76530623E-35
  209.000000000000         0.70222122E-21      0.71700122E-35      0.54207532E-24      0.58874330E-35
  210.000000000000         0.70249170E-21      0.47376788E-35      0.54094955E-24     -0.48646669E-35
  211.000000000000         0.70275947E-21      0.89865614E-35      0.53554457E-24      0.84977652E-35
  212.000000000000         0.70300235E-21      0.83931419E-35      0.48577336E-24     -0.11868389E-35
  213.000000000000         0.70320593E-21      0.14790700E-34      0.40715620E-24      0.12795115E-34
  214.000000000000         0.70338177E-21      0.10938957E-34      0.35167402E-24     -0.77034857E-35
  215.000000000000         0.70356511E-21      0.10155622E-34      0.36667268E-24     -0.15666705E-35
  216.000000000000         0.70379654E-21      0.11134885E-34      0.46286864E-24      0.19585268E-35
  217.000000000000         0.70409256E-21      0.14005868E-34      0.59204703E-24      0.57419656E-35
  218.000000000000         0.70442289E-21      0.13655170E-34      0.66065543E-24     -0.70139647E-36
  219.000000000000         0.70472617E-21      0.10565845E-34      0.60656150E-24     -0.61786491E-35
  220.000000000000         0.70495413E-21      0.10346426E-34      0.45591087E-24     -0.43883879E-36
  221.000000000000         0.70511155E-21      0.12414123E-34      0.31484786E-24      0.41353954E-35
  222.000000000000         0.70526786E-21      0.81529778E-35      0.31261129E-24     -0.85222910E-35
  223.000000000000         0.70552472E-21      0.37464567E-35      0.51373220E-24     -0.88130422E-35
  224.000000000000         0.70595189E-21      0.10410521E-34      0.85433701E-24      0.13328129E-34
  225.000000000000         0.70654104E-21      0.73244107E-35      0.11782862E-23     -0.61722206E-35
  226.000000000000         0.70722328E-21      0.10942843E-34      0.13644878E-23      0.72368638E-35
  227.000000000000         0.70790046E-21      0.12843400E-34      0.13543605E-23      0.38011142E-35
  228.000000000000         0.70847513E-21      0.91265632E-35      0.11493434E-23     -0.74336730E-35
  229.000000000000         0.70890503E-21      0.48647748E-35      0.85980266E-24     -0.85235767E-35
  230.000000000000         0.70922120E-21      0.67192305E-35      0.63233384E-24      0.37089114E-35
  231.000000000000         0.70949241E-21      0.70372784E-35      0.54242233E-24      0.63609569E-36
  232.000000000000         0.70977501E-21      0.43673665E-35      0.56520815E-24     -0.53398237E-35
  233.000000000000         0.71006856E-21      0.44299280E-35      0.58708088E-24      0.12512299E-36
  234.000000000000         0.71032023E-21      0.60865701E-35      0.50334841E-24      0.33132841E-35
  235.000000000000         0.71048287E-21      0.58097076E-35      0.32527169E-24     -0.55372499E-36
  236.000000000000         0.71056629E-21      0.73401676E-35      0.16685189E-24      0.30609201E-35
  237.000000000000         0.71063280E-21      0.28317091E-35      0.13302391E-24     -0.90169170E-35
  238.000000000000         0.71074840E-21      0.39553380E-35      0.23119292E-24      0.22472576E-35
  239.000000000000         0.71093970E-21      0.32220530E-35      0.38259637E-24     -0.14665698E-35
  240.000000000000         0.71116556E-21      0.22143637E-35      0.45172787E-24     -0.20153788E-35
  241.000000000000         0.71133185E-21      0.47236065E-35      0.33258326E-24      0.50184856E-35
  242.000000000000         0.71137617E-21      0.23244256E-35      0.88624051E-25     -0.47983616E-35
  243.000000000000         0.71132771E-21     -0.67095121E-36     -0.96912724E-25     -0.59907537E-35
  244.000000000000         0.71127501E-21      0.79809842E-35     -0.10539102E-24      0.17303871E-34
  245.000000000000         0.71131479E-21      0.10641205E-34      0.79551029E-25      0.53204407E-35
  246.000000000000         0.71150167E-21      0.82306362E-35      0.37376433E-24     -0.48211368E-35
  247.000000000000         0.71179814E-21      0.80182422E-35      0.59293879E-24     -0.42478796E-36
  248.000000000000         0.71210417E-21      0.11361351E-34      0.61205130E-24      0.66862182E-35
  249.000000000000         0.71233279E-21      0.12027639E-34      0.45724914E-24      0.13325761E-35
  250.000000000000         0.71245257E-21      0.14489128E-34      0.23956336E-24      0.49229767E-35
  251.000000000000         0.71249563E-21      0.16959800E-34      0.86116964E-25      0.49413438E-35
  252.000000000000         0.71252511E-21      0.15977089E-34      0.58949220E-25     -0.19654202E-35
  253.000000000000         0.71259987E-21      0.16131670E-34      0.14952378E-24      0.30916133E-36
  254.000000000000         0.71274714E-21      0.15348059E-34      0.29453613E-24     -0.15672215E-35
  255.000000000000         0.71295174E-21      0.13603482E-34      0.40921344E-24     -0.34891548E-35
  256.000000000000         0.71316060E-21      0.18384368E-34      0.41770636E-24      0.95617712E-35
  257.000000000000         0.71329452E-21      0.23581084E-34      0.26784286E-24      0.10393433E-34
  258.000000000000         0.71331260E-21      0.26089592E-34      0.36171740E-25      0.50170162E-35
  259.000000000000         0.71325379E-21      0.29159032E-34     -0.11763097E-24      0.61388786E-35
  260.000000000000         0.71318897E-21      0.28457706E-34     -0.12963661E-24     -0.14026523E-35
  261.000000000000         0.71315570E-21      0.23225583E-34     -0.66532783E-25     -0.10464244E-34
  262.000000000000         0.71314360E-21      0.22965068E-34     -0.24211910E-25     -0.52103156E-36
  263.000000000000         0.71312718E-21      0.24629424E-34     -0.32839366E-25      0.33287124E-35
  264.000000000000         0.71308943E-21      0.31870031E-34     -0.75494626E-25      0.14481215E-34
  265.000000000000         0.71301702E-21      0.34992735E-34     -0.14481310E-24      0.62454078E-35
  266.000000000000         0.71289897E-21      0.31091126E-34     -0.23609863E-24     -0.78032191E-35
  267.000000000000         0.71274298E-21      0.32616627E-34     -0.31199035E-24      0.30510019E-35
  268.000000000000         0.71258146E-21      0.31741915E-34     -0.32302970E-24     -0.17494232E-35
  269.000000000000         0.71244062E-21      0.31491685E-34     -0.28168128E-24     -0.50046041E-36
  270.000000000000         0.71231515E-21      0.37814672E-34     -0.25094966E-24      0.12645975E-34
  271.000000000000         0.71218378E-21      0.38227127E-34     -0.26272956E-24      0.82490947E-36
  272.000000000000         0.71204159E-21      0.42327695E-34     -0.28438800E-24      0.82011365E-35
  273.000000000000         0.71189393E-21      0.43621036E-34     -0.29531431E-24      0.25866816E-35
  274.000000000000         0.71173712E-21      0.41029368E-34     -0.31361620E-24     -0.51833360E-35
  275.000000000000         0.71158268E-21      0.41236846E-34     -0.30888094E-24      0.41495582E-36
  276.000000000000         0.71146494E-21      0.39559859E-34     -0.23548348E-24     -0.33539729E-35
  277.000000000000         0.71142060E-21      0.39859173E-34     -0.88678458E-25      0.59862681E-36
  278.000000000000         0.71146232E-21      0.44831811E-34      0.83435012E-25      0.99452763E-35
  279.000000000000         0.71154417E-21      0.46303680E-34      0.16369847E-24      0.29437380E-35
  280.000000000000         0.71158776E-21      0.47184496E-34      0.87175505E-25      0.17616315E-35
  281.000000000000         0.71154137E-21      0.53108917E-34     -0.92781963E-25      0.11848842E-34
  282.000000000000         0.71141056E-21      0.52993134E-34     -0.26160709E-24     -0.23156607E-36
  283.000000000000         0.71125418E-21      0.49605068E-34     -0.31277207E-24     -0.67761309E-35
  284.000000000000         0.71114223E-21      0.44420333E-34     -0.22389731E-24     -0.10369470E-34
  285.000000000000         0.71112131E-21      0.47680056E-34     -0.41826680E-25      0.65194449E-35
  286.000000000000         0.71119023E-21      0.46744365E-34      0.13783411E-24     -0.18713807E-35
  287.000000000000         0.71129339E-21      0.47840444E-34      0.20630689E-24      0.21921563E-35
  288.000000000000         0.71135966E-21      0.47566336E-34      0.13255450E-24     -0.54821486E-36
  289.000000000000         0.71134920E-21      0.48061443E-34     -0.20931008E-25      0.99021337E-36
  290.000000000000         0.71127177E-21      0.45331287E-34     -0.15486168E-24     -0.54603119E-35
  291.000000000000         0.71117471E-21      0.46613240E-34     -0.19410686E-24      0.25639064E-35
  292.000000000000         0.71110339E-21      0.41712828E-34     -0.14265402E-24     -0.98008248E-35
  293.000000000000         0.71106868E-21      0.41329620E-34     -0.69405516E-25     -0.76641600E-36
  294.000000000000         0.71105588E-21      0.42380515E-34     -0.25601413E-25      0.21017902E-35
  295.000000000000         0.71104637E-21      0.39795092E-34     -0.19017495E-25     -0.51708464E-35
  296.000000000000         0.71103252E-21      0.44004026E-34     -0.27709668E-25      0.84178683E-35
  297.000000000000         0.71102415E-21      0.47947004E-34     -0.16732852E-25      0.78859571E-35
  298.000000000000         0.71103957E-21      0.48844718E-34      0.30827397E-25      0.17954270E-35
  299.000000000000         0.71109285E-21      0.50315118E-34      0.10656187E-24      0.29407993E-35
  300.000000000000         0.71118351E-21      0.45517561E-34      0.18132390E-24     -0.95951133E-35
  301.000000000000         0.71129381E-21      0.47490484E-34      0.22059894E-24      0.39458470E-35
  302.000000000000         0.71140264E-21      0.45760601E-34      0.21766787E-24     -0.34597674E-35
  303.000000000000         0.71149613E-21      0.45178293E-34      0.18696825E-24     -0.11646147E-35
  304.000000000000         0.71157502E-21      0.44851105E-34      0.15777878E-24     -0.65437670E-36
  305.000000000000         0.71165806E-21      0.48008155E-34      0.16607986E-24      0.63141008E-35
  306.000000000000         0.71177274E-21      0.47437236E-34      0.22936248E-24     -0.11418395E-35
  307.000000000000         0.71194458E-21      0.45651700E-34      0.34367726E-24     -0.35710721E-35
  308.000000000000         0.71218188E-21      0.42633364E-34      0.47460276E-24     -0.60366715E-35
  309.000000000000         0.71246778E-21      0.44362372E-34      0.57180411E-24      0.34580168E-35
  310.000000000000         0.71277062E-21      0.45827445E-34      0.60567675E-24      0.29301464E-35
  311.000000000000         0.71305857E-21      0.44804603E-34      0.57591024E-24     -0.20456845E-35
  312.000000000000         0.71331051E-21      0.44222939E-34      0.50387599E-24     -0.11633290E-35
  313.000000000000         0.71352152E-21      0.42643665E-34      0.42202917E-24     -0.31585470E-35
  314.000000000000         0.71370231E-21      0.42446240E-34      0.36156648E-24     -0.39484959E-36
  315.000000000000         0.71387059E-21      0.43114273E-34      0.33656376E-24      0.13360658E-35
  316.000000000000         0.71403749E-21      0.39770013E-34      0.33379283E-24     -0.66885198E-35
  317.000000000000         0.71419888E-21      0.41492042E-34      0.32277913E-24      0.34440578E-35
  318.000000000000         0.71434402E-21      0.42134821E-34      0.29029228E-24      0.12855563E-35
  319.000000000000         0.71447381E-21      0.40535940E-34      0.25956978E-24     -0.31977608E-35
  320.000000000000         0.71460711E-21      0.42929562E-34      0.26661020E-24      0.47872438E-35
  321.000000000000         0.71477119E-21      0.46280385E-34      0.32815950E-24      0.67016465E-35
  322.000000000000         0.71497767E-21      0.45125300E-34      0.41296356E-24     -0.23101707E-35
  323.000000000000         0.71520860E-21      0.49495773E-34      0.46185732E-24      0.87409456E-35
  324.000000000000         0.71543064E-21      0.48931649E-34      0.44407124E-24     -0.11282479E-35
  325.000000000000         0.71561485E-21      0.52732190E-34      0.36841493E-24      0.76010834E-35
  326.000000000000         0.71575282E-21      0.52697911E-34      0.27595689E-24     -0.68558068E-37
  327.000000000000         0.71587032E-21      0.57116093E-34      0.23498335E-24      0.88363627E-35
  328.000000000000         0.71602094E-21      0.59283524E-34      0.30125375E-24      0.43348621E-35
  329.000000000000         0.71626136E-21      0.57662098E-34      0.48083218E-24     -0.32428520E-35
  330.000000000000         0.71661511E-21      0.53227200E-34      0.70749796E-24     -0.88697965E-35
  331.000000000000         0.71704722E-21      0.56201957E-34      0.86423316E-24      0.59495138E-35
  332.000000000000         0.71748284E-21      0.53676318E-34      0.87122853E-24     -0.50512766E-35
  333.000000000000         0.71784752E-21      0.53583586E-34      0.72936090E-24     -0.18546465E-36
  334.000000000000         0.71810605E-21      0.55935055E-34      0.51707208E-24      0.47029388E-35
  335.000000000000         0.71828585E-21      0.53745810E-34      0.35958421E-24     -0.43784897E-35
  336.000000000000         0.71845601E-21      0.56731863E-34      0.34032257E-24      0.59721054E-35
  337.000000000000         0.71867717E-21      0.59373441E-34      0.44232357E-24      0.52831555E-35
  338.000000000000         0.71896230E-21      0.57510579E-34      0.57026015E-24     -0.37257230E-35
  339.000000000000         0.71926851E-21      0.55489944E-34      0.61241183E-24     -0.40412698E-35
  340.000000000000         0.71952497E-21      0.57266799E-34      0.51292159E-24      0.35537094E-35
  341.000000000000         0.71968483E-21      0.58318062E-34      0.31972513E-24      0.21025249E-35
  342.000000000000         0.71975715E-21      0.58254717E-34      0.14463656E-24     -0.12668994E-36
  343.000000000000         0.71979505E-21      0.64788742E-34      0.75803456E-25      0.13068050E-34
  344.000000000000         0.71986487E-21      0.66596545E-34      0.13964361E-24      0.36156065E-35
  345.000000000000         0.72000451E-21      0.68460919E-34      0.27926807E-24      0.37287479E-35
  346.000000000000         0.72018901E-21      0.67771715E-34      0.36900097E-24     -0.13784077E-35
  347.000000000000         0.72033827E-21      0.60863412E-34      0.29853515E-24     -0.13816607E-34
  348.000000000000         0.72038103E-21      0.63524367E-34      0.85508623E-25      0.53219101E-35
  349.000000000000         0.72032075E-21      0.65636696E-34     -0.12054665E-24      0.42246595E-35
  350.000000000000         0.72023429E-21      0.62261304E-34     -0.17292262E-24     -0.67507843E-35
  351.000000000000         0.72022158E-21      0.63392280E-34     -0.25422348E-25      0.22619513E-35
  352.000000000000         0.72033158E-21      0.64801701E-34      0.21999572E-24      0.28188418E-35
  353.000000000000         0.72052008E-21      0.64274127E-34      0.37699264E-24     -0.10551468E-35
  354.000000000000         0.72069020E-21      0.62608528E-34      0.34025580E-24     -0.33311977E-35
  355.000000000000         0.72075564E-21      0.64657492E-34      0.13086946E-24      0.40979266E-35
  356.000000000000         0.72068844E-21      0.65490920E-34     -0.13440637E-24      0.16668573E-35
  357.000000000000         0.72055118E-21      0.62703826E-34     -0.27451285E-24     -0.55741879E-35
  358.000000000000         0.72046293E-21      0.62010949E-34     -0.17648963E-24     -0.13857546E-35
  359.000000000000         0.72050849E-21      0.66162578E-34      0.91102177E-25      0.83032576E-35
  360.000000000000         0.72067057E-21      0.71760065E-34      0.32416222E-24      0.11194974E-34
  361.000000000000         0.72084708E-21      0.70984168E-34      0.35302307E-24     -0.15517932E-35
  362.000000000000         0.72092861E-21      0.62368092E-34      0.16305607E-24     -0.17232153E-34
  363.000000000000         0.72086949E-21      0.63999020E-34     -0.11823692E-24      0.32618562E-35
  364.000000000000         0.72071310E-21      0.64822897E-34     -0.31276982E-24      0.16477555E-35
  365.000000000000         0.72054664E-21      0.65218087E-34     -0.33291993E-24      0.79037933E-36
  366.000000000000         0.72042882E-21      0.58840960E-34     -0.23564796E-24     -0.12754254E-34
  367.000000000000         0.72036736E-21      0.63838945E-34     -0.12292217E-24      0.99959695E-35
  368.000000000000         0.72033097E-21      0.64179768E-34     -0.72771833E-25      0.68164610E-36
  369.000000000000         0.72026147E-21      0.62639065E-34     -0.13900564E-24     -0.30814052E-35
  370.000000000000         0.72011609E-21      0.61211504E-34     -0.29075061E-24     -0.28551225E-35
  371.000000000000         0.71990332E-21      0.63179285E-34     -0.42554269E-24      0.39355614E-35
  372.000000000000         0.71966645E-21      0.59397429E-34     -0.47373886E-24     -0.75637121E-35
  373.000000000000         0.71945425E-21      0.63510486E-34     -0.42440505E-24      0.82261158E-35
  374.000000000000         0.71928441E-21      0.65721815E-34     -0.33967046E-24      0.44226569E-35
  375.000000000000         0.71912846E-21      0.64390130E-34     -0.31190255E-24     -0.26633700E-35
  376.000000000000         0.71894878E-21      0.65204089E-34     -0.35937082E-24      0.16279191E-35
  377.000000000000         0.71873682E-21      0.63564572E-34     -0.42392139E-24     -0.32790352E-35
  378.000000000000         0.71852226E-21      0.61926524E-34     -0.42911210E-24     -0.32760964E-35
  379.000000000000         0.71835088E-21      0.60867406E-34     -0.34275964E-24     -0.21182345E-35
  380.000000000000         0.71825866E-21      0.64862180E-34     -0.18443521E-24      0.79895475E-35
  381.000000000000         0.71824937E-21      0.67249098E-34     -0.18588150E-25      0.47738358E-35
  382.000000000000         0.71827548E-21      0.65421501E-34      0.52225352E-25     -0.36551934E-35
  383.000000000000         0.71826315E-21      0.64446505E-34     -0.24672460E-25     -0.19499919E-35
  384.000000000000         0.71816704E-21      0.63491346E-34     -0.19222053E-24     -0.19103189E-35
  385.000000000000         0.71800270E-21      0.60602866E-34     -0.32866410E-24     -0.57769607E-35
  386.000000000000         0.71784206E-21      0.62918886E-34     -0.32128984E-24      0.46320418E-35
  387.000000000000         0.71776305E-21      0.64786015E-34     -0.15802267E-24      0.37342580E-35
  388.000000000000         0.71778535E-21      0.62977521E-34      0.44609709E-25     -0.36169898E-35
  389.000000000000         0.71785992E-21      0.65110238E-34      0.14912639E-24      0.42654345E-35
  390.000000000000         0.71791079E-21      0.64456299E-34      0.10173870E-24     -0.13078781E-35
  391.000000000000         0.71788573E-21      0.67390924E-34     -0.50110333E-25      0.58692496E-35
  392.000000000000         0.71779077E-21      0.72700047E-34     -0.18991977E-24      0.10618247E-34
  393.000000000000         0.71768014E-21      0.71626603E-34     -0.22125501E-24     -0.21468872E-35
  394.000000000000         0.71760283E-21      0.71073316E-34     -0.15462782E-24     -0.11065747E-35
  395.000000000000         0.71756438E-21      0.70334521E-34     -0.76901189E-25     -0.14775901E-35
  396.000000000000         0.71753218E-21      0.71131215E-34     -0.64399457E-25      0.15933889E-35
  397.000000000000         0.71747284E-21      0.70023609E-34     -0.11867507E-24     -0.22152128E-35
  398.000000000000         0.71738260E-21      0.68697434E-34     -0.18048409E-24     -0.26523498E-35
  399.000000000000         0.71729485E-21      0.67729050E-34     -0.17549967E-24     -0.19367676E-35
  400.000000000000         0.71726679E-21      0.68288809E-34     -0.56115582E-25      0.11195177E-35
  401.000000000000         0.71733270E-21      0.70974009E-34      0.13181507E-24      0.53703992E-35
  402.000000000000         0.71747557E-21      0.70143746E-34      0.28573689E-24     -0.16605264E-35
  403.000000000000         0.71763823E-21      0.70605424E-34      0.32531844E-24      0.92335713E-36
  404.000000000000         0.71775538E-21      0.66305616E-34      0.23431501E-24     -0.85996165E-35
  405.000000000000         0.71780492E-21      0.69505462E-34      0.99080841E-25      0.63996914E-35
  406.000000000000         0.71782443E-21      0.69548003E-34      0.39009248E-25      0.85082717E-37
  407.000000000000         0.71787382E-21      0.72190224E-34      0.98777535E-25      0.52844412E-35
  408.000000000000         0.71799369E-21      0.75170399E-34      0.23973924E-24      0.59603504E-35
  409.000000000000         0.71818949E-21      0.77140016E-34      0.39160586E-24      0.39392348E-35
  410.000000000000         0.71843816E-21      0.74829916E-34      0.49733462E-24     -0.46202008E-35
  411.000000000000         0.71870167E-21      0.73085706E-34      0.52702685E-24     -0.34884201E-35
  412.000000000000         0.71894254E-21      0.74281517E-34      0.48174664E-24      0.23916230E-35
  413.000000000000         0.71914154E-21      0.68267875E-34      0.39799885E-24     -0.12027285E-34
  414.000000000000         0.71930390E-21      0.66561318E-34      0.32470932E-24     -0.34131150E-35
  415.000000000000         0.71944889E-21      0.61986554E-34      0.28998011E-24     -0.91495274E-35
  416.000000000000         0.71959740E-21      0.64558245E-34      0.29702224E-24      0.51433818E-35
  417.000000000000         0.71976082E-21      0.63437781E-34      0.32684159E-24     -0.22409267E-35
  418.000000000000         0.71993721E-21      0.63362957E-34      0.35276902E-24     -0.14964881E-36
  419.000000000000         0.72011909E-21      0.59921260E-34      0.36377706E-24     -0.68833947E-35
  420.000000000000         0.72029777E-21      0.62182179E-34      0.35735350E-24      0.45218392E-35
  421.000000000000         0.72046478E-21      0.60799342E-34      0.33401115E-24     -0.27656748E-35
  422.000000000000         0.72061985E-21      0.58603118E-34      0.31014628E-24     -0.43924487E-35
  423.000000000000         0.72077129E-21      0.60996372E-34      0.30288271E-24      0.47865091E-35
  424.000000000000         0.72092886E-21      0.59255284E-34      0.31514248E-24     -0.34821753E-35
  425.000000000000         0.72109844E-21      0.58380848E-34      0.33916158E-24     -0.17488721E-35
  426.000000000000         0.72127735E-21      0.56112809E-34      0.35781100E-24     -0.45360794E-35
  427.000000000000         0.72145710E-21      0.53044101E-34      0.35951223E-24     -0.61374150E-35
  428.000000000000         0.72163049E-21      0.56153443E-34      0.34677795E-24      0.62186837E-35
  429.000000000000         0.72179955E-21      0.55739332E-34      0.33810760E-24     -0.82822129E-36
  430.000000000000         0.72197910E-21      0.54195507E-34      0.35910826E-24     -0.30876500E-35
  431.000000000000         0.72218462E-21      0.55475073E-34      0.41103335E-24      0.25591310E-35
  432.000000000000         0.72241882E-21      0.56361628E-34      0.46841428E-24      0.17731110E-35
  433.000000000000         0.72267142E-21      0.55256731E-34      0.50519277E-24     -0.22097945E-35
  434.000000000000         0.72292537E-21      0.51458712E-34      0.50789720E-24     -0.75960382E-35
  435.000000000000         0.72316803E-21      0.53323407E-34      0.48532132E-24      0.37293907E-35
  436.000000000000         0.72339965E-21      0.56046719E-34      0.46324612E-24      0.54466227E-35
  437.000000000000         0.72362699E-21      0.55398198E-34      0.45467945E-24     -0.12970415E-35
  438.000000000000         0.72385101E-21      0.55481790E-34      0.44803289E-24      0.16718365E-36
  439.000000000000         0.72406643E-21      0.57814111E-34      0.43085060E-24      0.46646434E-35
  440.000000000000         0.72426611E-21      0.61021763E-34      0.39934401E-24      0.64153035E-35
  441.000000000000         0.72444562E-21      0.57348273E-34      0.35903378E-24     -0.73469803E-35
  442.000000000000         0.72460976E-21      0.54695121E-34      0.32827831E-24     -0.53063038E-35
  443.000000000000         0.72477235E-21      0.55083699E-34      0.32516978E-24      0.77715502E-36
  444.000000000000         0.72494686E-21      0.51110549E-34      0.34901995E-24     -0.79462988E-35
  445.000000000000         0.72513057E-21      0.57117255E-34      0.36741777E-24      0.12013412E-34
  446.000000000000         0.72529968E-21      0.57905776E-34      0.33823349E-24      0.15770422E-35
  447.000000000000         0.72542550E-21      0.57400427E-34      0.25163969E-24     -0.10106984E-35
  448.000000000000         0.72549552E-21      0.59568042E-34      0.14003475E-24      0.43352295E-35
  449.000000000000         0.72552876E-21      0.58833104E-34      0.66483931E-25     -0.14698759E-35
  450.000000000000         0.72556377E-21      0.60569918E-34      0.70005918E-25      0.34736289E-35
  451.000000000000         0.72562443E-21      0.57337238E-34      0.12133355E-24     -0.64653596E-35
  452.000000000000         0.72570674E-21      0.58896351E-34      0.16462288E-24      0.31182255E-35
  453.000000000000         0.72578565E-21      0.56165828E-34      0.15780245E-24     -0.54610466E-35
  454.000000000000         0.72583476E-21      0.56086595E-34      0.98238438E-25     -0.15846502E-36
  455.000000000000         0.72584547E-21      0.51559586E-34      0.21413344E-25     -0.90540185E-35
  456.000000000000         0.72582443E-21      0.54893328E-34     -0.42076391E-25      0.66674837E-35
  457.000000000000         0.72578957E-21      0.59253974E-34     -0.69726764E-25      0.87212928E-35
  458.000000000000         0.72576396E-21      0.59237557E-34     -0.51228599E-25     -0.32834060E-37
  459.000000000000         0.72575945E-21      0.60962525E-34     -0.90009935E-26      0.34499353E-35
  460.000000000000         0.72576807E-21      0.61277083E-34      0.17237490E-25      0.62911620E-36
  461.000000000000         0.72576807E-21      0.59777523E-34     -0.90328088E-29     -0.29991206E-35
  462.000000000000         0.72574340E-21      0.60349220E-34     -0.49340042E-25      0.11433950E-35
  463.000000000000         0.72570205E-21      0.61125160E-34     -0.82696117E-25      0.15518793E-35
  464.000000000000         0.72566899E-21      0.67365863E-34     -0.66130629E-25      0.12481405E-34
  465.000000000000         0.72566001E-21      0.68790712E-34     -0.17958807E-25      0.28496985E-35
  466.000000000000         0.72567046E-21      0.68020325E-34      0.20917864E-25     -0.15407729E-35
  467.000000000000         0.72567735E-21      0.65929712E-34      0.13760658E-25     -0.41812271E-35
  468.000000000000         0.72565071E-21      0.65888132E-34     -0.53271243E-25     -0.83159912E-37
  469.000000000000         0.72557150E-21      0.64926360E-34     -0.15840932E-24     -0.19235433E-35
  470.000000000000         0.72544600E-21      0.60081049E-34     -0.25101460E-24     -0.96906222E-35
  471.000000000000         0.72531282E-21      0.61123128E-34     -0.26635565E-24      0.20841578E-35
  472.000000000000         0.72521720E-21      0.55664356E-34     -0.19124149E-24     -0.10917544E-34
  473.000000000000         0.72517057E-21      0.54612585E-34     -0.93250940E-25     -0.21035408E-35
  474.000000000000         0.72513841E-21      0.51191092E-34     -0.64336572E-25     -0.68429871E-35
  475.000000000000         0.72506244E-21      0.50534949E-34     -0.15192234E-24     -0.13122862E-35
  476.000000000000         0.72491027E-21      0.47481165E-34     -0.30434092E-24     -0.61075685E-35
  477.000000000000         0.72470592E-21      0.48831443E-34     -0.40870890E-24      0.27005576E-35
  478.000000000000         0.72450604E-21      0.48678191E-34     -0.39976356E-24     -0.30650384E-36
  479.000000000000         0.72435654E-21      0.44319976E-34     -0.29899258E-24     -0.87164312E-35
  480.000000000000         0.72425466E-21      0.40864319E-34     -0.20376827E-24     -0.69113127E-35
  481.000000000000         0.72415226E-21      0.37128749E-34     -0.20478926E-24     -0.74711419E-35
  482.000000000000         0.72400958E-21      0.38422089E-34     -0.28536514E-24      0.25866816E-35
  483.000000000000         0.72383832E-21      0.38029330E-34     -0.34251458E-24     -0.78551779E-36
  484.000000000000         0.72369773E-21      0.33681400E-34     -0.28117748E-24     -0.86958601E-35
  485.000000000000         0.72364879E-21      0.32513183E-34     -0.97882739E-25     -0.23364356E-35
  486.000000000000         0.72370285E-21      0.29795884E-34      0.10811428E-24     -0.54345979E-35
  487.000000000000         0.72380404E-21      0.32132108E-34      0.20237822E-24      0.46724494E-35
  488.000000000000         0.72386228E-21      0.27842953E-34      0.11647693E-24     -0.85783106E-35
  489.000000000000         0.72381646E-21      0.27808353E-34     -0.91644214E-25     -0.69200916E-37
  490.000000000000         0.72368285E-21      0.31190400E-34     -0.26721946E-24      0.67640947E-35
  491.000000000000         0.72354578E-21      0.30405320E-34     -0.27412519E-24     -0.15701603E-35
  492.000000000000         0.72349819E-21      0.36547942E-34     -0.95185428E-25      0.12285245E-34
  493.000000000000         0.72357237E-21      0.38678455E-34      0.14835422E-24      0.42610264E-35
  494.000000000000         0.72371078E-21      0.39499394E-34      0.27681934E-24      0.16418780E-35
  495.000000000000         0.72381699E-21      0.38722396E-34      0.21242221E-24     -0.15539972E-35
  496.000000000000         0.72382820E-21      0.39384276E-34      0.22427434E-25      0.13237599E-35
  497.000000000000         0.72374271E-21      0.32329035E-34     -0.17099189E-24     -0.14110481E-34
  498.000000000000         0.72361320E-21      0.33302054E-34     -0.25900256E-24      0.19460372E-35
  499.000000000000         0.72350703E-21      0.30359942E-34     -0.21235354E-24     -0.58842245E-35
  500.000000000000         0.72346072E-21      0.29318089E-34     -0.92606586E-25     -0.20837044E-35
