 #            500
    0.000000000000         0.00000000E+00      0.00000000E+00      0.00000000E+00      0.00000000E+00
    1.000000000000        -0.13863566E-18     -0.57975183E-21     -0.27727133E-18     -0.11595037E-20
    2.000000000000         0.19512374E-15     -0.22309465E-20      0.39052474E-15     -0.33023893E-20
    3.000000000000         0.45590984E-14     -0.91861315E-21      0.87279494E-14      0.26246667E-20
    4.000000000000         0.16923887E-12     -0.22253953E-20      0.32935954E-12     -0.26135644E-20
    5.000000000000         0.34776051E-11     -0.26030332E-20      0.66167324E-11     -0.75527568E-21
    6.000000000000         0.29438330E-10     -0.38563548E-20      0.51921451E-10     -0.25066432E-20
    7.000000000000         0.15325805E-09     -0.30760319E-20      0.24763945E-09      0.15606459E-20
    8.000000000000         0.57622938E-09     -0.58817049E-20      0.84594265E-09     -0.56113461E-20
    9.000000000000         0.17327614E-08     -0.69257934E-20      0.23130641E-08     -0.20881771E-20
   10.000000000000         0.43809383E-08     -0.96363407E-20      0.52963537E-08     -0.54210945E-20
   11.000000000000         0.95366128E-08     -0.10599883E-19      0.10311349E-07     -0.19270836E-20
   12.000000000000         0.18168501E-07     -0.12516750E-19      0.17263776E-07     -0.38337350E-20
   13.000000000000         0.30278248E-07     -0.16182277E-19      0.24219496E-07     -0.73310546E-20
   14.000000000000         0.45248801E-07     -0.16115566E-19      0.29941104E-07      0.13342326E-21
   15.000000000000         0.61883495E-07     -0.17926554E-19      0.33269388E-07     -0.36219767E-20
   16.000000000000         0.78078466E-07     -0.17130269E-19      0.32389943E-07      0.15925699E-20
   17.000000000000         0.91688732E-07     -0.17717857E-19      0.27220532E-07     -0.11751765E-20
   18.000000000000         0.10147661E-06     -0.15888424E-19      0.19575763E-07      0.36588670E-20
   19.000000000000         0.10750723E-06     -0.15339052E-19      0.12061233E-07      0.10987430E-20
   20.000000000000         0.11093835E-06     -0.14105189E-19      0.68622330E-08      0.24677270E-20
   21.000000000000         0.11346630E-06     -0.12882906E-19      0.50558979E-08      0.24445659E-20
   22.000000000000         0.11663025E-06     -0.14467660E-19      0.63279034E-08     -0.31695089E-20
   23.000000000000         0.12115190E-06     -0.14707833E-19      0.90432997E-08     -0.48034475E-21
   24.000000000000         0.12658524E-06     -0.18746418E-19      0.10866693E-07     -0.80771715E-20
   25.000000000000         0.13163381E-06     -0.21278708E-19      0.10097126E-07     -0.50645797E-20
   26.000000000000         0.13510005E-06     -0.22336962E-19      0.69324955E-08     -0.21165080E-20
   27.000000000000         0.13675823E-06     -0.21481224E-19      0.33163509E-08      0.17114771E-20
   28.000000000000         0.13750081E-06     -0.23119952E-19      0.14851672E-08     -0.32774560E-20
   29.000000000000         0.13875049E-06     -0.27502231E-19      0.24993599E-08     -0.87645586E-20
   30.000000000000         0.14161826E-06     -0.29915407E-19      0.57355379E-08     -0.48263517E-20
   31.000000000000         0.14635369E-06     -0.29466538E-19      0.94708604E-08      0.89773815E-21
   32.000000000000         0.15229653E-06     -0.31648103E-19      0.11885666E-07     -0.43631305E-20
   33.000000000000         0.15824740E-06     -0.32296076E-19      0.11901744E-07     -0.12959448E-20
   34.000000000000         0.16306416E-06     -0.32655982E-19      0.96335283E-08     -0.71981354E-21
   35.000000000000         0.16618721E-06     -0.34066512E-19      0.62460942E-08     -0.28210591E-20
   36.000000000000         0.16782500E-06     -0.34646268E-19      0.32755742E-08     -0.11595117E-20
   37.000000000000         0.16867289E-06     -0.33446577E-19      0.16957846E-08      0.23993812E-20
   38.000000000000         0.16937366E-06     -0.34684743E-19      0.14015415E-08     -0.24763316E-20
   39.000000000000         0.17015748E-06     -0.35114340E-19      0.15676344E-08     -0.85919347E-21
   40.000000000000         0.17090254E-06     -0.36070747E-19      0.14901218E-08     -0.19128148E-20
   41.000000000000         0.17144930E-06     -0.38324794E-19      0.10935224E-08     -0.45080939E-20
   42.000000000000         0.17181560E-06     -0.41843393E-19      0.73261199E-09     -0.70371987E-20
   43.000000000000         0.17215782E-06     -0.40996340E-19      0.68443816E-09      0.16941063E-20
   44.000000000000         0.17261085E-06     -0.42465703E-19      0.90606154E-09     -0.29387255E-20
   45.000000000000         0.17319771E-06     -0.41657217E-19      0.11737021E-08      0.16169717E-20
   46.000000000000         0.17386542E-06     -0.43260583E-19      0.13354343E-08     -0.32067321E-20
   47.000000000000         0.17455184E-06     -0.43964700E-19      0.13728420E-08     -0.14082346E-20
   48.000000000000         0.17519494E-06     -0.42366593E-19      0.12861972E-08      0.31962146E-20
   49.000000000000         0.17572946E-06     -0.42692243E-19      0.10690416E-08     -0.65129972E-21
   50.000000000000         0.17612087E-06     -0.44039765E-19      0.78281812E-09     -0.26950433E-20
   51.000000000000         0.17639411E-06     -0.47606069E-19      0.54646967E-09     -0.71326088E-20
   52.000000000000         0.17661554E-06     -0.46606711E-19      0.44285815E-09      0.19987155E-20
   53.000000000000         0.17684765E-06     -0.46772489E-19      0.46423345E-09     -0.33155564E-21
   54.000000000000         0.17711612E-06     -0.48071556E-19      0.53693217E-09     -0.25981339E-20
   55.000000000000         0.17741134E-06     -0.51823265E-19      0.59044851E-09     -0.75034183E-20
   56.000000000000         0.17770848E-06     -0.54457893E-19      0.59427946E-09     -0.52692552E-20
   57.000000000000         0.17797868E-06     -0.51088701E-19      0.54039100E-09      0.67383829E-20
   58.000000000000         0.17819835E-06     -0.52051859E-19      0.43934258E-09     -0.19263146E-20
   59.000000000000         0.17836219E-06     -0.51434579E-19      0.32767409E-09      0.12345590E-20
   60.000000000000         0.17848429E-06     -0.51706921E-19      0.24421615E-09     -0.54468389E-21
   61.000000000000         0.17858336E-06     -0.50898532E-19      0.19812303E-09      0.16167778E-20
   62.000000000000         0.17866781E-06     -0.50356235E-19      0.16891694E-09      0.10845937E-20
   63.000000000000         0.17873811E-06     -0.50407360E-19      0.14059523E-09     -0.10224889E-21
   64.000000000000         0.17879602E-06     -0.51012707E-19      0.11581717E-09     -0.12106935E-20
   65.000000000000         0.17884522E-06     -0.55114591E-19      0.98391891E-10     -0.82037689E-20
   66.000000000000         0.17888761E-06     -0.56427862E-19      0.84781663E-10     -0.26265424E-20
   67.000000000000         0.17892839E-06     -0.58796202E-19      0.81557710E-10     -0.47366801E-20
   68.000000000000         0.17898407E-06     -0.58674470E-19      0.11136153E-09      0.24346413E-21
   69.000000000000         0.17907641E-06     -0.60120077E-19      0.18468100E-09     -0.28912143E-20
   70.000000000000         0.17921018E-06     -0.62333916E-19      0.26753839E-09     -0.44276765E-20
   71.000000000000         0.17935907E-06     -0.64033790E-19      0.29779210E-09     -0.33997495E-20
   72.000000000000         0.17948558E-06     -0.63536097E-19      0.25301693E-09      0.99538585E-21
   73.000000000000         0.17957356E-06     -0.64734690E-19      0.17596039E-09     -0.23971848E-20
   74.000000000000         0.17963368E-06     -0.67566852E-19      0.12023933E-09     -0.56643244E-20
   75.000000000000         0.17968322E-06     -0.68606146E-19      0.99078476E-10     -0.20785869E-20
   76.000000000000         0.17973021E-06     -0.69397724E-19      0.93975627E-10     -0.15831575E-20
   77.000000000000         0.17977902E-06     -0.69906019E-19      0.97630691E-10     -0.10165904E-20
   78.000000000000         0.17984288E-06     -0.70261338E-19      0.12772121E-09     -0.71063700E-21
   79.000000000000         0.17994144E-06     -0.71919285E-19      0.19710406E-09     -0.33158940E-20
   80.000000000000         0.18008683E-06     -0.72627125E-19      0.29079770E-09     -0.14156792E-20
   81.000000000000         0.18027555E-06     -0.72072519E-19      0.37743814E-09      0.11092120E-20
   82.000000000000         0.18049542E-06     -0.73474389E-19      0.43973327E-09     -0.28037400E-20
   83.000000000000         0.18073442E-06     -0.72397496E-19      0.47800285E-09      0.21537861E-20
   84.000000000000         0.18097600E-06     -0.73944129E-19      0.48315076E-09     -0.30932661E-20
   85.000000000000         0.18119664E-06     -0.74725109E-19      0.44127631E-09     -0.15619610E-20
   86.000000000000         0.18137658E-06     -0.76100949E-19      0.35988550E-09     -0.27516793E-20
   87.000000000000         0.18150998E-06     -0.77294014E-19      0.26680399E-09     -0.23861301E-20
   88.000000000000         0.18160341E-06     -0.79373493E-19      0.18685374E-09     -0.41589591E-20
   89.000000000000         0.18166798E-06     -0.79967764E-19      0.12914900E-09     -0.11885406E-20
   90.000000000000         0.18171577E-06     -0.81310009E-19      0.95576638E-10     -0.26844903E-20
   91.000000000000         0.18176067E-06     -0.82013418E-19      0.89806457E-10     -0.14068193E-20
   92.000000000000         0.18181673E-06     -0.82500356E-19      0.11210701E-09     -0.97387431E-21
   93.000000000000         0.18189129E-06     -0.83942195E-19      0.14911816E-09     -0.28836792E-20
   94.000000000000         0.18197950E-06     -0.83530882E-19      0.17643592E-09      0.82262627E-21
   95.000000000000         0.18207035E-06     -0.86461915E-19      0.18169429E-09     -0.58620658E-20
   96.000000000000         0.18215895E-06     -0.87631464E-19      0.17720750E-09     -0.23390971E-20
   97.000000000000         0.18225221E-06     -0.87785338E-19      0.18651515E-09     -0.30774835E-21
   98.000000000000         0.18236832E-06     -0.86550066E-19      0.23220901E-09      0.24705445E-20
   99.000000000000         0.18253633E-06     -0.86711009E-19      0.33603635E-09     -0.32188796E-21
  100.000000000000         0.18279045E-06     -0.85967276E-19      0.50822876E-09      0.14874662E-20
  101.000000000000         0.18315391E-06     -0.85240009E-19      0.72692658E-09      0.14545341E-20
  102.000000000000         0.18361892E-06     -0.82890848E-19      0.93002440E-09      0.46983229E-20
  103.000000000000         0.18413972E-06     -0.82890156E-19      0.10415820E-08      0.13845582E-23
  104.000000000000         0.18465022E-06     -0.83368272E-19      0.10210063E-08     -0.95623210E-21
  105.000000000000         0.18509313E-06     -0.82718760E-19      0.88582263E-09      0.12990241E-20
  106.000000000000         0.18543754E-06     -0.81975375E-19      0.68882580E-09      0.14867683E-20
  107.000000000000         0.18567977E-06     -0.82235749E-19      0.48446338E-09     -0.52074735E-21
  108.000000000000         0.18583662E-06     -0.82959745E-19      0.31369136E-09     -0.14479910E-20
  109.000000000000         0.18593395E-06     -0.84365036E-19      0.19466813E-09     -0.28105836E-20
  110.000000000000         0.18599407E-06     -0.85182946E-19      0.12023413E-09     -0.16358191E-20
  111.000000000000         0.18603108E-06     -0.86288296E-19      0.74020605E-10     -0.22107000E-20
  112.000000000000         0.18605706E-06     -0.85570228E-19      0.51957941E-10      0.14361358E-20
  113.000000000000         0.18608923E-06     -0.85937528E-19      0.64338695E-10     -0.73459939E-21
  114.000000000000         0.18614612E-06     -0.84908747E-19      0.11377811E-09      0.20575617E-20
  115.000000000000         0.18623674E-06     -0.87739546E-19      0.18123819E-09     -0.56615973E-20
  116.000000000000         0.18635630E-06     -0.90265308E-19      0.23913042E-09     -0.50515258E-20
  117.000000000000         0.18649350E-06     -0.92223781E-19      0.27438888E-09     -0.39169442E-20
  118.000000000000         0.18664138E-06     -0.93917787E-19      0.29577383E-09     -0.33880139E-20
  119.000000000000         0.18680450E-06     -0.96193096E-19      0.32622773E-09     -0.45506162E-20
  120.000000000000         0.18699913E-06     -0.95820405E-19      0.38926089E-09      0.74538182E-21
  121.000000000000         0.18724667E-06     -0.93282052E-19      0.49507946E-09      0.50767063E-20
  122.000000000000         0.18755874E-06     -0.93345879E-19      0.62413985E-09     -0.12765562E-21
  123.000000000000         0.18792006E-06     -0.94606637E-19      0.72264768E-09     -0.25215163E-20
  124.000000000000         0.18828528E-06     -0.92829213E-19      0.73042484E-09      0.35548491E-20
  125.000000000000         0.18859713E-06     -0.94296740E-19      0.62370347E-09     -0.29350549E-20
  126.000000000000         0.18881585E-06     -0.96298368E-19      0.43743756E-09     -0.40032553E-20
  127.000000000000         0.18893812E-06     -0.98616652E-19      0.24453958E-09     -0.46365687E-20
  128.000000000000         0.18899216E-06     -0.98665961E-19      0.10809867E-09     -0.98616347E-22
  129.000000000000         0.18901513E-06     -0.97104357E-19      0.45940302E-10      0.31232062E-20
  130.000000000000         0.18902929E-06     -0.96599350E-19      0.28304531E-10      0.10100150E-20
  131.000000000000         0.18903751E-06     -0.95286875E-19      0.16452992E-10      0.26249494E-20
  132.000000000000         0.18903681E-06     -0.96878541E-19     -0.13976719E-11     -0.31833319E-20
  133.000000000000         0.18903421E-06     -0.99303789E-19     -0.52019851E-11     -0.48504950E-20
  134.000000000000         0.18905212E-06     -0.97573022E-19      0.35814474E-10      0.34615328E-20
  135.000000000000         0.18911649E-06     -0.98978666E-19      0.12873761E-09     -0.28112880E-20
  136.000000000000         0.18923699E-06     -0.98224955E-19      0.24099374E-09      0.15074220E-20
  137.000000000000         0.18939516E-06     -0.95685878E-19      0.31633820E-09      0.50781539E-20
  138.000000000000         0.18955430E-06     -0.94752999E-19      0.31828705E-09      0.18657592E-20
  139.000000000000         0.18968558E-06     -0.96504953E-19      0.26256966E-09     -0.35039080E-20
  140.000000000000         0.18978543E-06     -0.10027254E-18      0.19968446E-09     -0.75351816E-20
  141.000000000000         0.18987267E-06     -0.10207686E-18      0.17448007E-09     -0.36086255E-20
  142.000000000000         0.18997129E-06     -0.10368356E-18      0.19724577E-09     -0.32134012E-20
  143.000000000000         0.19009290E-06     -0.10313039E-18      0.24322549E-09      0.11063428E-20
  144.000000000000         0.19023164E-06     -0.10479470E-18      0.27747490E-09     -0.33286378E-20
  145.000000000000         0.19036889E-06     -0.10594276E-18      0.27449755E-09     -0.22961096E-20
  146.000000000000         0.19048001E-06     -0.10887631E-18      0.22225001E-09     -0.58671000E-20
  147.000000000000         0.19054619E-06     -0.10974741E-18      0.13235978E-09     -0.17422088E-20
  148.000000000000         0.19056868E-06     -0.11207275E-18      0.44976960E-10     -0.46506792E-20
  149.000000000000         0.19056888E-06     -0.11182491E-18      0.38955546E-12      0.49567667E-21
  150.000000000000         0.19057342E-06     -0.11371270E-18      0.90928550E-11     -0.37755738E-20
  151.000000000000         0.19059727E-06     -0.11458639E-18      0.47685456E-10     -0.17473787E-20
  152.000000000000         0.19063345E-06     -0.11457045E-18      0.72367947E-10      0.31886843E-22
  153.000000000000         0.19066273E-06     -0.11579708E-18      0.58558400E-10     -0.24532739E-20
  154.000000000000         0.19067386E-06     -0.11649325E-18      0.22272155E-10     -0.13923372E-20
  155.000000000000         0.19067123E-06     -0.11805859E-18     -0.52600165E-11     -0.31306831E-20
  156.000000000000         0.19066753E-06     -0.11556518E-18     -0.74182051E-11      0.49868280E-20
  157.000000000000         0.19067314E-06     -0.11723358E-18      0.11234545E-10     -0.33368062E-20
  158.000000000000         0.19069336E-06     -0.11981310E-18      0.40425469E-10     -0.51590334E-20
  159.000000000000         0.19072853E-06     -0.12340149E-18      0.70346287E-10     -0.71767854E-20
  160.000000000000         0.19077260E-06     -0.12534027E-18      0.88140110E-10     -0.38775497E-20
  161.000000000000         0.19081517E-06     -0.12529903E-18      0.85139541E-10      0.82474108E-22
  162.000000000000         0.19084646E-06     -0.12755688E-18      0.62572443E-10     -0.45156937E-20
  163.000000000000         0.19086282E-06     -0.12600945E-18      0.32733430E-10      0.30948656E-20
  164.000000000000         0.19086897E-06     -0.12626519E-18      0.12305933E-10     -0.51148035E-21
  165.000000000000         0.19087348E-06     -0.12748910E-18      0.90092912E-11     -0.24478197E-20
  166.000000000000         0.19088368E-06     -0.12886300E-18      0.20397233E-10     -0.27478019E-20
  167.000000000000         0.19090333E-06     -0.12969083E-18      0.39302325E-10     -0.16556650E-20
  168.000000000000         0.19092842E-06     -0.12997781E-18      0.50177825E-10     -0.57397126E-21
  169.000000000000         0.19094554E-06     -0.13264429E-18      0.34245755E-10     -0.53329481E-20
  170.000000000000         0.19094440E-06     -0.13320772E-18     -0.22885296E-11     -0.11268639E-20
  171.000000000000         0.19093301E-06     -0.13606946E-18     -0.22775127E-10     -0.57234808E-20
  172.000000000000         0.19093372E-06     -0.13697970E-18      0.14314576E-11     -0.18204807E-20
  173.000000000000         0.19096266E-06     -0.13980505E-18      0.57860923E-10     -0.56506889E-20
  174.000000000000         0.19101499E-06     -0.13898164E-18      0.10466946E-09      0.16468019E-20
  175.000000000000         0.19106920E-06     -0.13795985E-18      0.10842242E-09      0.20435901E-20
  176.000000000000         0.19110475E-06     -0.13962204E-18      0.71093704E-10     -0.33243726E-20
  177.000000000000         0.19111626E-06     -0.14222176E-18      0.23027236E-10     -0.51994489E-20
  178.000000000000         0.19111263E-06     -0.14194211E-18     -0.72655862E-11      0.55929203E-21
  179.000000000000         0.19111131E-06     -0.14352558E-18     -0.26439713E-11     -0.31669240E-20
  180.000000000000         0.19113539E-06     -0.14423037E-18      0.48176039E-10     -0.14095788E-20
  181.000000000000         0.19120239E-06     -0.14599537E-18      0.13398167E-09     -0.35300046E-20
  182.000000000000         0.19130929E-06     -0.14624296E-18      0.21381151E-09     -0.49518230E-21
  183.000000000000         0.19143212E-06     -0.14711300E-18      0.24566491E-09     -0.17400891E-20
  184.000000000000         0.19154230E-06     -0.14678019E-18      0.22036102E-09      0.66563644E-21
  185.000000000000         0.19162500E-06     -0.14974669E-18      0.16539132E-09     -0.59330046E-20
  186.000000000000         0.19168212E-06     -0.15341443E-18      0.11423406E-09     -0.73354942E-20
  187.000000000000         0.19172347E-06     -0.15445032E-18      0.82707913E-10     -0.20717627E-20
  188.000000000000         0.19175753E-06     -0.15727366E-18      0.68108141E-10     -0.56466822E-20
  189.000000000000         0.19178675E-06     -0.15942418E-18      0.58450795E-10     -0.43010403E-20
  190.000000000000         0.19180868E-06     -0.15986623E-18      0.43850166E-10     -0.88411229E-21
  191.000000000000         0.19182077E-06     -0.15998411E-18      0.24181369E-10     -0.23575778E-21
  192.000000000000         0.19182783E-06     -0.15894621E-18      0.14124072E-10      0.20757984E-20
  193.000000000000         0.19184451E-06     -0.16095247E-18      0.33362258E-10     -0.40125094E-20
  194.000000000000         0.19188428E-06     -0.16181633E-18      0.79537703E-10     -0.17277331E-20
  195.000000000000         0.19194395E-06     -0.16332341E-18      0.11933516E-09     -0.30141541E-20
  196.000000000000         0.19200431E-06     -0.16451467E-18      0.12072984E-09     -0.23825241E-20
  197.000000000000         0.19204631E-06     -0.16493285E-18      0.84007128E-10     -0.83635553E-21
  198.000000000000         0.19206511E-06     -0.16454402E-18      0.37591482E-10      0.77766771E-21
  199.000000000000         0.19207367E-06     -0.16441155E-18      0.17119866E-10      0.26494498E-21
  200.000000000000         0.19209476E-06     -0.16570187E-18      0.42184401E-10     -0.25806597E-20
  201.000000000000         0.19214866E-06     -0.16619485E-18      0.10780261E-09     -0.98595890E-21
  202.000000000000         0.19224512E-06     -0.16737269E-18      0.19291544E-09     -0.23556666E-20
  203.000000000000         0.19237906E-06     -0.16745104E-18      0.26787193E-09     -0.15671034E-21
  204.000000000000         0.19253195E-06     -0.16645228E-18      0.30578725E-09      0.19975265E-20
  205.000000000000         0.19267904E-06     -0.16784796E-18      0.29418208E-09     -0.27913581E-20
  206.000000000000         0.19280007E-06     -0.17087878E-18      0.24204919E-09     -0.60616490E-20
  207.000000000000         0.19288716E-06     -0.17403808E-18      0.17418588E-09     -0.63185936E-20
  208.000000000000         0.19294411E-06     -0.17349514E-18      0.11390109E-09      0.10858797E-20
  209.000000000000         0.19297988E-06     -0.17438832E-18      0.71545385E-10     -0.17863531E-20
  210.000000000000         0.19300287E-06     -0.17297582E-18      0.45968121E-10      0.28249979E-20
  211.000000000000         0.19301797E-06     -0.17469941E-18      0.30203358E-10     -0.34471896E-20
  212.000000000000         0.19302744E-06     -0.17631968E-18      0.18952362E-10     -0.32405431E-20
  213.000000000000         0.19303382E-06     -0.17739277E-18      0.12759147E-10     -0.21461702E-20
  214.000000000000         0.19304262E-06     -0.17590515E-18      0.17593371E-10      0.29752410E-20
  215.000000000000         0.19306220E-06     -0.17816718E-18      0.39158589E-10     -0.45240689E-20
  216.000000000000         0.19309972E-06     -0.17982313E-18      0.75032173E-10     -0.33118874E-20
  217.000000000000         0.19315561E-06     -0.18193739E-18      0.11179483E-09     -0.42285328E-20
  218.000000000000         0.19322123E-06     -0.18063405E-18      0.13122802E-09      0.26066804E-20
  219.000000000000         0.19328361E-06     -0.18164232E-18      0.12475846E-09     -0.20165371E-20
  220.000000000000         0.19333413E-06     -0.18153583E-18      0.10103773E-09      0.21297962E-21
  221.000000000000         0.19337414E-06     -0.18109404E-18      0.80031991E-10      0.88357914E-21
  222.000000000000         0.19341601E-06     -0.17999581E-18      0.83741422E-10      0.21964634E-20
  223.000000000000         0.19347865E-06     -0.18073706E-18      0.12528011E-09     -0.14824999E-20
  224.000000000000         0.19357847E-06     -0.18248544E-18      0.19964222E-09     -0.34967623E-20
  225.000000000000         0.19371979E-06     -0.18624871E-18      0.28264221E-09     -0.75265277E-20
  226.000000000000         0.19389049E-06     -0.18672605E-18      0.34138773E-09     -0.95468113E-21
  227.000000000000         0.19406439E-06     -0.18823647E-18      0.34780246E-09     -0.30208491E-20
  228.000000000000         0.19421105E-06     -0.19003707E-18      0.29331967E-09     -0.36012003E-20
  229.000000000000         0.19431133E-06     -0.18880555E-18      0.20057006E-09      0.24630436E-20
  230.000000000000         0.19436648E-06     -0.18726057E-18      0.11029030E-09      0.30899574E-20
  231.000000000000         0.19439437E-06     -0.18585566E-18      0.55781634E-10      0.28098146E-20
  232.000000000000         0.19441825E-06     -0.18700198E-18      0.47766216E-10     -0.22926361E-20
  233.000000000000         0.19445400E-06     -0.18737852E-18      0.71483750E-10     -0.75308817E-21
  234.000000000000         0.19450227E-06     -0.19017541E-18      0.96556440E-10     -0.55937717E-20
  235.000000000000         0.19455126E-06     -0.19216916E-18      0.97979658E-10     -0.39875040E-20
  236.000000000000         0.19458776E-06     -0.19200638E-18      0.72992184E-10      0.32557473E-21
  237.000000000000         0.19460889E-06     -0.19419668E-18      0.42263992E-10     -0.43806124E-20
  238.000000000000         0.19462467E-06     -0.19718633E-18      0.31552350E-10     -0.59792896E-20
  239.000000000000         0.19465040E-06     -0.19550572E-18      0.51467943E-10      0.33612113E-20
  240.000000000000         0.19469587E-06     -0.19880888E-18      0.90938339E-10     -0.66063216E-20
  241.000000000000         0.19475857E-06     -0.19921757E-18      0.12540654E-09     -0.81737561E-21
  242.000000000000         0.19482576E-06     -0.20001421E-18      0.13437877E-09     -0.15932872E-20
  243.000000000000         0.19488376E-06     -0.20047687E-18      0.11599198E-09     -0.92530451E-21
  244.000000000000         0.19492684E-06     -0.20332096E-18      0.86158675E-10     -0.56881834E-20
  245.000000000000         0.19496012E-06     -0.20244134E-18      0.66559891E-10      0.17592274E-20
  246.000000000000         0.19499488E-06     -0.20244833E-18      0.69513071E-10     -0.13969982E-22
  247.000000000000         0.19503909E-06     -0.20311750E-18      0.88428360E-10     -0.13383508E-20
  248.000000000000         0.19509107E-06     -0.20538368E-18      0.10395677E-09     -0.45323536E-20
  249.000000000000         0.19514130E-06     -0.20766628E-18      0.10045419E-09     -0.45651953E-20
  250.000000000000         0.19517875E-06     -0.20537145E-18      0.74903254E-10      0.45896520E-20
  251.000000000000         0.19519804E-06     -0.20782122E-18      0.38585864E-10     -0.48995402E-20
  252.000000000000         0.19520406E-06     -0.20723754E-18      0.12035736E-10      0.11673716E-20
  253.000000000000         0.19521072E-06     -0.20890840E-18      0.13326154E-10     -0.33417240E-20
  254.000000000000         0.19523202E-06     -0.20760001E-18      0.42604123E-10      0.26167746E-20
  255.000000000000         0.19527105E-06     -0.20887466E-18      0.78053827E-10     -0.25493044E-20
  256.000000000000         0.19531776E-06     -0.21075259E-18      0.93418953E-10     -0.37558507E-20
  257.000000000000         0.19535718E-06     -0.21107392E-18      0.78837066E-10     -0.64265956E-21
  258.000000000000         0.19538067E-06     -0.21246833E-18      0.46977571E-10     -0.27888184E-20
  259.000000000000         0.19539149E-06     -0.21397342E-18      0.21639563E-10     -0.30101813E-20
  260.000000000000         0.19539989E-06     -0.21150500E-18      0.16815734E-10      0.49368449E-20
  261.000000000000         0.19541438E-06     -0.21143770E-18      0.28980851E-10      0.13459941E-21
  262.000000000000         0.19543703E-06     -0.21163533E-18      0.45297249E-10     -0.39526793E-21
  263.000000000000         0.19546423E-06     -0.21337360E-18      0.54402217E-10     -0.34765319E-20
  264.000000000000         0.19548978E-06     -0.21436222E-18      0.51082781E-10     -0.19772420E-20
  265.000000000000         0.19550853E-06     -0.21320344E-18      0.37517977E-10      0.23175476E-20
  266.000000000000         0.19551998E-06     -0.21474364E-18      0.22897504E-10     -0.30803879E-20
  267.000000000000         0.19552756E-06     -0.21505289E-18      0.15147226E-10     -0.61850007E-21
  268.000000000000         0.19553418E-06     -0.21544305E-18      0.13240592E-10     -0.78033020E-21
  269.000000000000         0.19553986E-06     -0.21471846E-18      0.11374174E-10      0.14491897E-20
  270.000000000000         0.19554362E-06     -0.21508999E-18      0.75199523E-11     -0.74307395E-21
  271.000000000000         0.19554635E-06     -0.21401705E-18      0.54595637E-11      0.21458891E-20
  272.000000000000         0.19555159E-06     -0.21478713E-18      0.10468492E-10     -0.15401570E-20
  273.000000000000         0.19556349E-06     -0.21534492E-18      0.23810791E-10     -0.11155807E-20
  274.000000000000         0.19558444E-06     -0.21574414E-18      0.41899472E-10     -0.79843447E-21
  275.000000000000         0.19561444E-06     -0.21447474E-18      0.59983597E-10      0.25387869E-20
  276.000000000000         0.19564999E-06     -0.21720605E-18      0.71112972E-10     -0.54626087E-20
  277.000000000000         0.19568353E-06     -0.22028593E-18      0.67071186E-10     -0.61597668E-20
  278.000000000000         0.19570749E-06     -0.21872926E-18      0.47923606E-10      0.31133317E-20
  279.000000000000         0.19571926E-06     -0.21906037E-18      0.23541371E-10     -0.66220978E-21
  280.000000000000         0.19572254E-06     -0.21590576E-18      0.65654034E-11      0.63092119E-20
  281.000000000000         0.19572426E-06     -0.21644594E-18      0.34320178E-11     -0.10803480E-20
  282.000000000000         0.19573006E-06     -0.21715001E-18      0.11608171E-10     -0.14081441E-20
  283.000000000000         0.19574220E-06     -0.21711217E-18      0.24269588E-10      0.75688642E-22
  284.000000000000         0.19575953E-06     -0.21660212E-18      0.34663116E-10      0.10200833E-20
  285.000000000000         0.19577886E-06     -0.21698153E-18      0.38653756E-10     -0.75881381E-21
  286.000000000000         0.19579719E-06     -0.22067100E-18      0.36664555E-10     -0.73789374E-20
  287.000000000000         0.19581269E-06     -0.22225838E-18      0.31007437E-10     -0.31747555E-20
  288.000000000000         0.19582498E-06     -0.22062187E-18      0.24583427E-10      0.32730143E-20
  289.000000000000         0.19583498E-06     -0.22082454E-18      0.19995666E-10     -0.40533668E-21
  290.000000000000         0.19584379E-06     -0.22215297E-18      0.17622082E-10     -0.26568686E-20
  291.000000000000         0.19585207E-06     -0.22197364E-18      0.16553493E-10      0.35867246E-21
  292.000000000000         0.19586036E-06     -0.22310959E-18      0.16574650E-10     -0.22719097E-20
  293.000000000000         0.19586972E-06     -0.22389233E-18      0.18722131E-10     -0.15654829E-20
  294.000000000000         0.19588203E-06     -0.22602956E-18      0.24618981E-10     -0.42744542E-20
  295.000000000000         0.19589927E-06     -0.22542528E-18      0.34490089E-10      0.12085642E-20
  296.000000000000         0.19592206E-06     -0.22640921E-18      0.45573259E-10     -0.19678740E-20
  297.000000000000         0.19594871E-06     -0.22701183E-18      0.53294454E-10     -0.12052393E-20
  298.000000000000         0.19597563E-06     -0.22679448E-18      0.53845864E-10      0.43471088E-21
  299.000000000000         0.19599881E-06     -0.22475170E-18      0.46362161E-10      0.40855501E-20
  300.000000000000         0.19601573E-06     -0.22459838E-18      0.33839973E-10      0.30665298E-21
  301.000000000000         0.19602649E-06     -0.22701764E-18      0.21511349E-10     -0.48385187E-20
  302.000000000000         0.19603340E-06     -0.22613298E-18      0.13829268E-10      0.17693151E-20
  303.000000000000         0.19603942E-06     -0.22689707E-18      0.12037830E-10     -0.15281887E-20
  304.000000000000         0.19604708E-06     -0.22968234E-18      0.15328651E-10     -0.55705428E-20
  305.000000000000         0.19605845E-06     -0.23142150E-18      0.22726558E-10     -0.34783187E-20
  306.000000000000         0.19607490E-06     -0.23216973E-18      0.32910667E-10     -0.14964521E-20
  307.000000000000         0.19609714E-06     -0.23421237E-18      0.44468659E-10     -0.40852754E-20
  308.000000000000         0.19612534E-06     -0.23392449E-18      0.56398487E-10      0.57575083E-21
  309.000000000000         0.19615936E-06     -0.23348309E-18      0.68054025E-10      0.88281012E-21
  310.000000000000         0.19619844E-06     -0.23443998E-18      0.78156101E-10     -0.19137761E-20
  311.000000000000         0.19624057E-06     -0.23506614E-18      0.84250851E-10     -0.12523308E-20
  312.000000000000         0.19628240E-06     -0.23606879E-18      0.83667109E-10     -0.20053071E-20
  313.000000000000         0.19631999E-06     -0.23788670E-18      0.75175349E-10     -0.36358061E-20
  314.000000000000         0.19635007E-06     -0.23763132E-18      0.60156000E-10      0.51075333E-21
  315.000000000000         0.19637165E-06     -0.23947472E-18      0.43176224E-10     -0.36868005E-20
  316.000000000000         0.19638708E-06     -0.23939697E-18      0.30849354E-10      0.15549622E-21
  317.000000000000         0.19640056E-06     -0.23757046E-18      0.26959694E-10      0.36530243E-20
  318.000000000000         0.19641508E-06     -0.23852021E-18      0.29050939E-10     -0.18994924E-20
  319.000000000000         0.19643101E-06     -0.23985762E-18      0.31860939E-10     -0.26748331E-20
  320.000000000000         0.19644703E-06     -0.23904568E-18      0.32036045E-10      0.16238816E-20
  321.000000000000         0.19646141E-06     -0.23990545E-18      0.28754475E-10     -0.17195259E-20
  322.000000000000         0.19647326E-06     -0.24036167E-18      0.23707205E-10     -0.91243918E-21
  323.000000000000         0.19648382E-06     -0.24150803E-18      0.21106601E-10     -0.22927382E-20
  324.000000000000         0.19649561E-06     -0.24148704E-18      0.23592591E-10      0.41980527E-22
  325.000000000000         0.19651058E-06     -0.24367911E-18      0.29941845E-10     -0.43841348E-20
  326.000000000000         0.19652831E-06     -0.24364085E-18      0.35461851E-10      0.76531978E-22
  327.000000000000         0.19654571E-06     -0.24662304E-18      0.34799933E-10     -0.59643907E-20
  328.000000000000         0.19655979E-06     -0.24609037E-18      0.28158443E-10      0.10653396E-20
  329.000000000000         0.19657140E-06     -0.24664509E-18      0.23217369E-10     -0.11094398E-20
  330.000000000000         0.19658606E-06     -0.24521460E-18      0.29320972E-10      0.28609786E-20
  331.000000000000         0.19661095E-06     -0.24358489E-18      0.49773801E-10      0.32594204E-20
  332.000000000000         0.19665052E-06     -0.24308397E-18      0.79142856E-10      0.10018401E-20
  333.000000000000         0.19670276E-06     -0.24393014E-18      0.10447419E-09     -0.16923453E-20
  334.000000000000         0.19675779E-06     -0.24197119E-18      0.11006376E-09      0.39179167E-20
  335.000000000000         0.19680310E-06     -0.24078737E-18      0.90610148E-10      0.23676381E-20
  336.000000000000         0.19683240E-06     -0.24301975E-18      0.58602743E-10     -0.44647704E-20
  337.000000000000         0.19684940E-06     -0.24222418E-18      0.34006677E-10      0.15911481E-20
  338.000000000000         0.19686477E-06     -0.24554514E-18      0.30743174E-10     -0.66419259E-20
  339.000000000000         0.19688970E-06     -0.24618997E-18      0.49847770E-10     -0.12896634E-20
  340.000000000000         0.19692883E-06     -0.24827778E-18      0.78270684E-10     -0.41756190E-20
  341.000000000000         0.19697693E-06     -0.24902596E-18      0.96198573E-10     -0.14963552E-20
  342.000000000000         0.19702283E-06     -0.24842797E-18      0.91800906E-10      0.11959885E-20
  343.000000000000         0.19705705E-06     -0.24837492E-18      0.68441496E-10      0.10608107E-21
  344.000000000000         0.19707753E-06     -0.25037522E-18      0.40954075E-10     -0.40005863E-20
  345.000000000000         0.19709097E-06     -0.25288788E-18      0.26873944E-10     -0.50253209E-20
  346.000000000000         0.19710739E-06     -0.25480273E-18      0.32856505E-10     -0.38297089E-20
  347.000000000000         0.19713142E-06     -0.25690033E-18      0.48057814E-10     -0.41952000E-20
  348.000000000000         0.19715924E-06     -0.25520471E-18      0.55639919E-10      0.33912483E-20
  349.000000000000         0.19718363E-06     -0.25620655E-18      0.48774718E-10     -0.20036883E-20
  350.000000000000         0.19720004E-06     -0.25774837E-18      0.32817294E-10     -0.30836437E-20
  351.000000000000         0.19720908E-06     -0.25905883E-18      0.18085473E-10     -0.26209161E-20
  352.000000000000         0.19721586E-06     -0.25771701E-18      0.13561120E-10      0.26836534E-20
  353.000000000000         0.19722594E-06     -0.25700758E-18      0.20162369E-10      0.14188555E-20
  354.000000000000         0.19724040E-06     -0.25819748E-18      0.28924324E-10     -0.23797970E-20
  355.000000000000         0.19725502E-06     -0.26202486E-18      0.29228160E-10     -0.76547730E-20
  356.000000000000         0.19726395E-06     -0.26265329E-18      0.17866567E-10     -0.12568509E-20
  357.000000000000         0.19726620E-06     -0.26495918E-18      0.44972353E-11     -0.46117823E-20
  358.000000000000         0.19726876E-06     -0.26858063E-18      0.51268973E-11     -0.72429017E-20
  359.000000000000         0.19728201E-06     -0.27040847E-18      0.26496627E-10     -0.36556714E-20
  360.000000000000         0.19731109E-06     -0.26983397E-18      0.58156001E-10      0.11489943E-20
  361.000000000000         0.19735150E-06     -0.26790162E-18      0.80812412E-10      0.38647058E-20
  362.000000000000         0.19739245E-06     -0.26738300E-18      0.81898287E-10      0.10372344E-20
  363.000000000000         0.19742333E-06     -0.26934611E-18      0.61762864E-10     -0.39262241E-20
  364.000000000000         0.19743905E-06     -0.27056765E-18      0.31442384E-10     -0.24430828E-20
  365.000000000000         0.19744324E-06     -0.27066127E-18      0.83869237E-11     -0.18724170E-21
  366.000000000000         0.19744651E-06     -0.27484248E-18      0.65406237E-11     -0.83624196E-20
  367.000000000000         0.19745968E-06     -0.27700067E-18      0.26344125E-10     -0.43163819E-20
  368.000000000000         0.19748703E-06     -0.27932353E-18      0.54694481E-10     -0.46457161E-20
  369.000000000000         0.19752354E-06     -0.28092496E-18      0.73020188E-10     -0.32028546E-20
  370.000000000000         0.19755798E-06     -0.28178527E-18      0.68882810E-10     -0.17206245E-20
  371.000000000000         0.19758125E-06     -0.28312024E-18      0.46525022E-10     -0.26699371E-20
  372.000000000000         0.19759213E-06     -0.28535765E-18      0.21776095E-10     -0.44748266E-20
  373.000000000000         0.19759608E-06     -0.28413650E-18      0.78961077E-11      0.24423105E-20
  374.000000000000         0.19760012E-06     -0.28673212E-18      0.80763181E-11     -0.51912417E-20
  375.000000000000         0.19760746E-06     -0.28589348E-18      0.14684030E-10      0.16772848E-20
  376.000000000000         0.19761553E-06     -0.28835167E-18      0.16142796E-10     -0.49163787E-20
  377.000000000000         0.19761918E-06     -0.28975662E-18      0.72901779E-11     -0.28099051E-20
  378.000000000000         0.19761658E-06     -0.29133696E-18     -0.51917355E-11     -0.31606814E-20
  379.000000000000         0.19761364E-06     -0.29168309E-18     -0.58833032E-11     -0.69226455E-21
  380.000000000000         0.19762206E-06     -0.29146502E-18      0.16838854E-10      0.43614552E-21
  381.000000000000         0.19765144E-06     -0.29131655E-18      0.58765034E-10      0.29694653E-21
  382.000000000000         0.19770072E-06     -0.29153180E-18      0.98552854E-10     -0.43050712E-21
  383.000000000000         0.19775655E-06     -0.29175158E-18      0.11165184E-09     -0.43955441E-21
  384.000000000000         0.19780115E-06     -0.29260665E-18      0.89199381E-10     -0.17101426E-20
  385.000000000000         0.19782353E-06     -0.29207021E-18      0.44777025E-10      0.10728807E-20
  386.000000000000         0.19782670E-06     -0.29266822E-18      0.63397044E-11     -0.11960337E-20
  387.000000000000         0.19782673E-06     -0.29089623E-18      0.44291792E-13      0.35439923E-20
  388.000000000000         0.19784314E-06     -0.28952447E-18      0.32830647E-10      0.27435141E-20
  389.000000000000         0.19788646E-06     -0.28766919E-18      0.86628802E-10      0.37105658E-20
  390.000000000000         0.19795174E-06     -0.28874605E-18      0.13057316E-09     -0.21537311E-20
  391.000000000000         0.19802240E-06     -0.28799171E-18      0.14131514E-09      0.15086886E-20
  392.000000000000         0.19808023E-06     -0.28990472E-18      0.11566016E-09     -0.38260124E-20
  393.000000000000         0.19811542E-06     -0.29116915E-18      0.70385268E-10     -0.25288608E-20
  394.000000000000         0.19813059E-06     -0.29012197E-18      0.30334112E-10      0.20943615E-20
  395.000000000000         0.19813636E-06     -0.28840282E-18      0.11538961E-10      0.34382909E-20
  396.000000000000         0.19814322E-06     -0.28997221E-18      0.13730601E-10     -0.31387740E-20
  397.000000000000         0.19815514E-06     -0.29139375E-18      0.23840170E-10     -0.28430828E-20
  398.000000000000         0.19816868E-06     -0.29133396E-18      0.27066080E-10      0.11956799E-21
  399.000000000000         0.19817763E-06     -0.29088204E-18      0.17907648E-10      0.90384022E-21
  400.000000000000         0.19817993E-06     -0.29205706E-18      0.45981354E-11     -0.23500347E-20
  401.000000000000         0.19818024E-06     -0.29220153E-18      0.62726123E-12     -0.28894291E-21
  402.000000000000         0.19818576E-06     -0.29212546E-18      0.11030426E-10      0.15213822E-21
  403.000000000000         0.19820034E-06     -0.29074893E-18      0.29165128E-10      0.27530655E-20
  404.000000000000         0.19822176E-06     -0.29021463E-18      0.42836143E-10      0.10686026E-20
  405.000000000000         0.19824294E-06     -0.29094079E-18      0.42353534E-10     -0.14523272E-20
  406.000000000000         0.19825685E-06     -0.29184408E-18      0.27833853E-10     -0.18065705E-20
  407.000000000000         0.19826131E-06     -0.29293034E-18      0.89101703E-11     -0.21725236E-20
  408.000000000000         0.19826085E-06     -0.29443460E-18     -0.91501629E-12     -0.30085124E-20
  409.000000000000         0.19826482E-06     -0.29858675E-18      0.79416802E-11     -0.83042972E-20
  410.000000000000         0.19828207E-06     -0.30164252E-18      0.34504642E-10     -0.61115577E-20
  411.000000000000         0.19831529E-06     -0.30136670E-18      0.66436957E-10      0.55164061E-21
  412.000000000000         0.19835868E-06     -0.30239231E-18      0.86785175E-10     -0.20512124E-20
  413.000000000000         0.19840157E-06     -0.30258626E-18      0.85761261E-10     -0.38790732E-21
  414.000000000000         0.19843560E-06     -0.30002923E-18      0.68076076E-10      0.51140716E-20
  415.000000000000         0.19845904E-06     -0.30302174E-18      0.46872184E-10     -0.59850249E-20
  416.000000000000         0.19847585E-06     -0.30438605E-18      0.33615551E-10     -0.27286281E-20
  417.000000000000         0.19849276E-06     -0.30391541E-18      0.33833705E-10      0.94128145E-21
  418.000000000000         0.19851520E-06     -0.30511538E-18      0.44867215E-10     -0.23999305E-20
  419.000000000000         0.19854327E-06     -0.30471034E-18      0.56142058E-10      0.81007639E-21
  420.000000000000         0.19857196E-06     -0.30730751E-18      0.57389692E-10     -0.51943420E-20
  421.000000000000         0.19859534E-06     -0.30827764E-18      0.46754257E-10     -0.19402628E-20
  422.000000000000         0.19861096E-06     -0.31070677E-18      0.31244550E-10     -0.48582506E-20
  423.000000000000         0.19862189E-06     -0.31122943E-18      0.21854977E-10     -0.10453236E-20
  424.000000000000         0.19863441E-06     -0.31588150E-18      0.25042956E-10     -0.93041485E-20
  425.000000000000         0.19865300E-06     -0.31827879E-18      0.37175076E-10     -0.47945796E-20
  426.000000000000         0.19867678E-06     -0.31749238E-18      0.47561348E-10      0.15728371E-20
  427.000000000000         0.19870017E-06     -0.31849052E-18      0.46783117E-10     -0.19962805E-20
  428.000000000000         0.19871738E-06     -0.31902889E-18      0.34413304E-10     -0.10767387E-20
  429.000000000000         0.19872691E-06     -0.32100746E-18      0.19068679E-10     -0.39571497E-20
  430.000000000000         0.19873319E-06     -0.32281396E-18      0.12562324E-10     -0.36129957E-20
  431.000000000000         0.19874368E-06     -0.32569053E-18      0.20969757E-10     -0.57531365E-20
  432.000000000000         0.19876305E-06     -0.32555967E-18      0.38736130E-10      0.26171381E-21
  433.000000000000         0.19878959E-06     -0.32682986E-18      0.53092537E-10     -0.25403734E-20
  434.000000000000         0.19881685E-06     -0.32721251E-18      0.54505637E-10     -0.76531493E-21
  435.000000000000         0.19883796E-06     -0.32720890E-18      0.42222327E-10      0.72362148E-23
  436.000000000000         0.19884996E-06     -0.32753699E-18      0.24005338E-10     -0.65618364E-21
  437.000000000000         0.19885588E-06     -0.32761101E-18      0.11834849E-10     -0.14804110E-21
  438.000000000000         0.19886308E-06     -0.32995224E-18      0.14412020E-10     -0.46824740E-20
  439.000000000000         0.19887877E-06     -0.33063371E-18      0.31382694E-10     -0.13629206E-20
  440.000000000000         0.19890559E-06     -0.33116472E-18      0.53631670E-10     -0.10620207E-20
  441.000000000000         0.19893989E-06     -0.33493331E-18      0.68596326E-10     -0.75371906E-20
  442.000000000000         0.19897392E-06     -0.33703831E-18      0.68061905E-10     -0.42100052E-20
  443.000000000000         0.19900093E-06     -0.33627514E-18      0.54025474E-10      0.15263437E-20
  444.000000000000         0.19901937E-06     -0.33967164E-18      0.36873475E-10     -0.67929930E-20
  445.000000000000         0.19903273E-06     -0.33931477E-18      0.26717533E-10      0.71373570E-21
  446.000000000000         0.19904557E-06     -0.34184972E-18      0.25693141E-10     -0.50698918E-20
  447.000000000000         0.19906052E-06     -0.34432405E-18      0.29898201E-10     -0.49486710E-20
  448.000000000000         0.19907723E-06     -0.34379503E-18      0.33406979E-10      0.10580496E-20
  449.000000000000         0.19909260E-06     -0.34544674E-18      0.30750787E-10     -0.33034185E-20
  450.000000000000         0.19910327E-06     -0.34770554E-18      0.21336559E-10     -0.45176065E-20
  451.000000000000         0.19910835E-06     -0.35129730E-18      0.10153113E-10     -0.71835256E-20
  452.000000000000         0.19911041E-06     -0.35126078E-18      0.41352189E-11      0.73052003E-22
  453.000000000000         0.19911398E-06     -0.35142680E-18      0.71353987E-11     -0.33205324E-21
  454.000000000000         0.19912148E-06     -0.34978146E-18      0.15004436E-10      0.32906941E-20
  455.000000000000         0.19913095E-06     -0.35168769E-18      0.18933776E-10     -0.38124738E-20
  456.000000000000         0.19913765E-06     -0.35319364E-18      0.13392294E-10     -0.30118922E-20
  457.000000000000         0.19913862E-06     -0.35327151E-18      0.19410662E-11     -0.15574098E-21
  458.000000000000         0.19913540E-06     -0.35517570E-18     -0.64343675E-11     -0.38083896E-20
  459.000000000000         0.19913247E-06     -0.35311560E-18     -0.58631973E-11      0.41202012E-20
  460.000000000000         0.19913430E-06     -0.35113615E-18      0.36686343E-11      0.39589010E-20
  461.000000000000         0.19914303E-06     -0.35451699E-18      0.17457093E-10     -0.67616700E-20
  462.000000000000         0.19915721E-06     -0.35517539E-18      0.28351421E-10     -0.13168053E-20
  463.000000000000         0.19917354E-06     -0.35653199E-18      0.32653993E-10     -0.27131896E-20
  464.000000000000         0.19918983E-06     -0.35406967E-18      0.32580112E-10      0.49246343E-20
  465.000000000000         0.19920607E-06     -0.35388815E-18      0.32482138E-10      0.36304343E-21
  466.000000000000         0.19922353E-06     -0.35623207E-18      0.34932998E-10     -0.46878506E-20
  467.000000000000         0.19924186E-06     -0.35697460E-18      0.36659657E-10     -0.14850590E-20
  468.000000000000         0.19925676E-06     -0.35680113E-18      0.29798812E-10      0.34695218E-21
  469.000000000000         0.19926324E-06     -0.35802650E-18      0.12965457E-10     -0.24507407E-20
  470.000000000000         0.19926152E-06     -0.35966920E-18     -0.34405484E-11     -0.32854047E-20
  471.000000000000         0.19925863E-06     -0.36121144E-18     -0.57868351E-11     -0.30844903E-20
  472.000000000000         0.19926432E-06     -0.36139146E-18      0.11372075E-10     -0.36004167E-21
  473.000000000000         0.19928380E-06     -0.36128275E-18      0.38956307E-10      0.21743379E-21
  474.000000000000         0.19931314E-06     -0.36326085E-18      0.58689393E-10     -0.39562094E-20
  475.000000000000         0.19934115E-06     -0.36546560E-18      0.56018635E-10     -0.44095044E-20
  476.000000000000         0.19935676E-06     -0.36720419E-18      0.31212581E-10     -0.34771813E-20
  477.000000000000         0.19935705E-06     -0.37012938E-18      0.58171951E-12     -0.58503625E-20
  478.000000000000         0.19934888E-06     -0.36997445E-18     -0.16330737E-10      0.30984538E-21
  479.000000000000         0.19934359E-06     -0.37028274E-18     -0.10581440E-10     -0.61657106E-21
  480.000000000000         0.19934838E-06     -0.37106131E-18      0.95858748E-11     -0.15571530E-20
  481.000000000000         0.19936099E-06     -0.37445507E-18      0.25209158E-10     -0.67875194E-20
  482.000000000000         0.19937279E-06     -0.37525416E-18      0.23596758E-10     -0.15981760E-20
  483.000000000000         0.19937660E-06     -0.37558989E-18      0.76316957E-11     -0.67144932E-21
  484.000000000000         0.19937226E-06     -0.37645993E-18     -0.86881436E-11     -0.17400891E-20
  485.000000000000         0.19936725E-06     -0.37781052E-18     -0.10021974E-10     -0.27011696E-20
  486.000000000000         0.19937181E-06     -0.37995043E-18      0.91316425E-11     -0.42798179E-20
  487.000000000000         0.19939046E-06     -0.38213499E-18      0.37284336E-10     -0.43691276E-20
  488.000000000000         0.19941715E-06     -0.38056777E-18      0.53388069E-10      0.31344345E-20
  489.000000000000         0.19943992E-06     -0.38005312E-18      0.45548731E-10      0.10293116E-20
  490.000000000000         0.19945014E-06     -0.38062235E-18      0.20440790E-10     -0.11384703E-20
  491.000000000000         0.19944875E-06     -0.38112925E-18     -0.27950232E-11     -0.10137987E-20
  492.000000000000         0.19944568E-06     -0.38127014E-18     -0.61337701E-11     -0.28176971E-21
  493.000000000000         0.19945356E-06     -0.38271137E-18      0.15760460E-10     -0.28824772E-20
  494.000000000000         0.19947912E-06     -0.38388166E-18      0.51116553E-10     -0.23405706E-20
  495.000000000000         0.19951939E-06     -0.38195397E-18      0.80547517E-10      0.38553741E-20
  496.000000000000         0.19956425E-06     -0.38311288E-18      0.89715900E-10     -0.23178231E-20
  497.000000000000         0.19960126E-06     -0.38496944E-18      0.74026975E-10     -0.37131088E-20
  498.000000000000         0.19962245E-06     -0.38416716E-18      0.42380084E-10      0.16045511E-20
  499.000000000000         0.19962939E-06     -0.38535252E-18      0.13877582E-10     -0.23707239E-20
  500.000000000000         0.19963048E-06     -0.38544203E-18      0.21662644E-11     -0.17900544E-21
