 #            500
    0.000000000000         0.00000000E+00      0.00000000E+00      0.00000000E+00      0.00000000E+00
    1.000000000000        -0.77092999E-20      0.62663119E-21     -0.15418600E-19      0.12532624E-20
    2.000000000000         0.25421253E-16      0.18593225E-20      0.50857925E-16      0.24653825E-20
    3.000000000000         0.75276637E-14      0.24225779E-20      0.15004485E-13      0.11265109E-20
    4.000000000000         0.40843960E-12      0.38861581E-20      0.80182387E-12      0.29271604E-20
    5.000000000000         0.61055546E-11      0.51982131E-20      0.11394230E-10      0.26241098E-20
    6.000000000000         0.48908645E-10      0.55956485E-20      0.85606182E-10      0.79487099E-21
    7.000000000000         0.26676949E-09      0.54749749E-20      0.43572170E-09     -0.24134721E-21
    8.000000000000         0.10550283E-08      0.51931950E-20      0.15765177E-08     -0.56355991E-21
    9.000000000000         0.32877949E-08      0.53566450E-20      0.44655331E-08      0.32690002E-21
   10.000000000000         0.85007197E-08      0.62933021E-20      0.10425850E-07      0.18733142E-20
   11.000000000000         0.18810662E-07      0.66194999E-20      0.20619884E-07      0.65239559E-21
   12.000000000000         0.36495741E-07      0.77224203E-20      0.35370159E-07      0.22058408E-20
   13.000000000000         0.62994363E-07      0.84382201E-20      0.52997243E-07      0.14315997E-20
   14.000000000000         0.95498449E-07      0.11708354E-19      0.65008172E-07      0.65402672E-20
   15.000000000000         0.12943413E-06      0.11636678E-19      0.67871363E-07     -0.14335216E-21
   16.000000000000         0.16151737E-06      0.11789995E-19      0.64166488E-07      0.30663410E-21
   17.000000000000         0.18950108E-06      0.13266801E-19      0.55967420E-07      0.29536121E-20
   18.000000000000         0.21207697E-06      0.14282040E-19      0.45151778E-07      0.20304785E-20
   19.000000000000         0.22899690E-06      0.16538050E-19      0.33839862E-07      0.45120203E-20
   20.000000000000         0.24096949E-06      0.16793938E-19      0.23945172E-07      0.51177489E-21
   21.000000000000         0.24930313E-06      0.17547788E-19      0.16667279E-07      0.15077003E-20
   22.000000000000         0.25545453E-06      0.18068373E-19      0.12302791E-07      0.10411705E-20
   23.000000000000         0.26059707E-06      0.18203492E-19      0.10285080E-07      0.27023815E-21
   24.000000000000         0.26541279E-06      0.17453528E-19      0.96314445E-08     -0.14999284E-20
   25.000000000000         0.27023036E-06      0.17706107E-19      0.96351490E-08      0.50515744E-21
   26.000000000000         0.27531775E-06      0.17885066E-19      0.10174776E-07      0.35791929E-21
   27.000000000000         0.28094738E-06      0.18672004E-19      0.11259260E-07      0.15738748E-20
   28.000000000000         0.28722029E-06      0.20441632E-19      0.12545814E-07      0.35392559E-20
   29.000000000000         0.29388760E-06      0.20580059E-19      0.13334619E-07      0.27685559E-21
   30.000000000000         0.30036934E-06      0.20014557E-19      0.12963486E-07     -0.11310058E-20
   31.000000000000         0.30598524E-06      0.21617508E-19      0.11231796E-07      0.32059021E-20
   32.000000000000         0.31027389E-06      0.22001608E-19      0.85772961E-08      0.76820088E-21
   33.000000000000         0.31321988E-06      0.23208133E-19      0.58919959E-08      0.24130495E-20
   34.000000000000         0.31519959E-06      0.23646620E-19      0.39594053E-08      0.87697513E-21
   35.000000000000         0.31671180E-06      0.24342154E-19      0.30244289E-08      0.13910679E-20
   36.000000000000         0.31808816E-06      0.25543509E-19      0.27527262E-08      0.24027098E-20
   37.000000000000         0.31945215E-06      0.26487197E-19      0.27279712E-08      0.18873762E-20
   38.000000000000         0.32086723E-06      0.27523116E-19      0.28301639E-08      0.20718375E-20
   39.000000000000         0.32244856E-06      0.26273535E-19      0.31626672E-08     -0.24991625E-20
   40.000000000000         0.32433993E-06      0.28231760E-19      0.37827313E-08      0.39164503E-20
   41.000000000000         0.32657715E-06      0.28326347E-19      0.44744338E-08      0.18917445E-21
   42.000000000000         0.32895958E-06      0.29540523E-19      0.47648699E-08      0.24283524E-20
   43.000000000000         0.33115165E-06      0.27816140E-19      0.43841353E-08     -0.34487659E-20
   44.000000000000         0.33289281E-06      0.27301096E-19      0.34823256E-08     -0.10300898E-20
   45.000000000000         0.33411770E-06      0.28740265E-19      0.24497733E-08      0.28783386E-20
   46.000000000000         0.33495499E-06      0.29798724E-19      0.16745746E-08      0.21169189E-20
   47.000000000000         0.33561953E-06      0.30867730E-19      0.13290855E-08      0.21380120E-20
   48.000000000000         0.33627385E-06      0.31717120E-19      0.13086371E-08      0.16987791E-20
   49.000000000000         0.33699076E-06      0.32872153E-19      0.14338237E-08      0.23100655E-20
   50.000000000000         0.33779031E-06      0.31619676E-19      0.15990955E-08     -0.25049528E-20
   51.000000000000         0.33866143E-06      0.31984751E-19      0.17422450E-08      0.73015057E-21
   52.000000000000         0.33957550E-06      0.31386575E-19      0.18281462E-08     -0.11963531E-20
   53.000000000000         0.34048598E-06      0.32140632E-19      0.18209506E-08      0.15081139E-20
   54.000000000000         0.34135355E-06      0.32187243E-19      0.17351399E-08      0.93221498E-22
   55.000000000000         0.34215271E-06      0.31155003E-19      0.15983169E-08     -0.20644791E-20
   56.000000000000         0.34286994E-06      0.31160668E-19      0.14344629E-08      0.11330617E-22
   57.000000000000         0.34352607E-06      0.31176467E-19      0.13122625E-08      0.31596542E-22
   58.000000000000         0.34417182E-06      0.31231349E-19      0.12914989E-08      0.10976511E-21
   59.000000000000         0.34480688E-06      0.32209365E-19      0.12701231E-08      0.19560322E-20
   60.000000000000         0.34536481E-06      0.33498401E-19      0.11158539E-08      0.25780721E-20
   61.000000000000         0.34578137E-06      0.35404721E-19      0.83312845E-09      0.38126391E-20
   62.000000000000         0.34604200E-06      0.36335381E-19      0.52125077E-09      0.18613201E-20
   63.000000000000         0.34619921E-06      0.37014268E-19      0.31442835E-09      0.13577739E-20
   64.000000000000         0.34634401E-06      0.37678266E-19      0.28960563E-09      0.13279954E-20
   65.000000000000         0.34653345E-06      0.38318172E-19      0.37886848E-09      0.12798121E-20
   66.000000000000         0.34675643E-06      0.39442185E-19      0.44597134E-09      0.22480270E-20
   67.000000000000         0.34695818E-06      0.39501204E-19      0.40349654E-09      0.11803692E-21
   68.000000000000         0.34709522E-06      0.40565453E-19      0.27407878E-09      0.21284994E-20
   69.000000000000         0.34718705E-06      0.42373545E-19      0.18364928E-09      0.36161837E-20
   70.000000000000         0.34730691E-06      0.43677884E-19      0.23973146E-09      0.26086777E-20
   71.000000000000         0.34751698E-06      0.44645147E-19      0.42014287E-09      0.19345255E-20
   72.000000000000         0.34780928E-06      0.44561683E-19      0.58459728E-09     -0.16692680E-21
   73.000000000000         0.34810502E-06      0.45369714E-19      0.59146640E-09      0.16160610E-20
   74.000000000000         0.34832603E-06      0.47099430E-19      0.44203373E-09      0.34594330E-20
   75.000000000000         0.34846951E-06      0.47190916E-19      0.28695175E-09      0.18297059E-21
   76.000000000000         0.34859279E-06      0.46847201E-19      0.24656881E-09     -0.68743021E-21
   77.000000000000         0.34874162E-06      0.46984181E-19      0.29764515E-09      0.27396046E-21
   78.000000000000         0.34890129E-06      0.47999937E-19      0.31935095E-09      0.20315125E-20
   79.000000000000         0.34902130E-06      0.49190642E-19      0.24002038E-09      0.23814099E-20
   80.000000000000         0.34908010E-06      0.48748699E-19      0.11759396E-09     -0.88388560E-21
   81.000000000000         0.34911285E-06      0.50414516E-19      0.65506057E-10      0.33316336E-20
   82.000000000000         0.34917357E-06      0.51350139E-19      0.12144352E-09      0.18712462E-20
   83.000000000000         0.34929122E-06      0.52935616E-19      0.23528907E-09      0.31709538E-20
   84.000000000000         0.34946178E-06      0.53292109E-19      0.34113420E-09      0.71298657E-21
   85.000000000000         0.34967175E-06      0.53034938E-19      0.41992861E-09     -0.51434266E-21
   86.000000000000         0.34992321E-06      0.54320872E-19      0.50291762E-09      0.25718682E-20
   87.000000000000         0.35023349E-06      0.54982802E-19      0.62057279E-09      0.13238595E-20
   88.000000000000         0.35061133E-06      0.55633358E-19      0.75567165E-09      0.13011120E-20
   89.000000000000         0.35102541E-06      0.56548198E-19      0.82815079E-09      0.18296804E-20
   90.000000000000         0.35140847E-06      0.57219356E-19      0.76612653E-09      0.13423159E-20
   91.000000000000         0.35170232E-06      0.56733702E-19      0.58770481E-09     -0.97130825E-21
   92.000000000000         0.35190172E-06      0.56369359E-19      0.39879272E-09     -0.72868584E-21
   93.000000000000         0.35204487E-06      0.56720527E-19      0.28629831E-09      0.70233662E-21
   94.000000000000         0.35216778E-06      0.57084775E-19      0.24582654E-09      0.72849621E-21
   95.000000000000         0.35227612E-06      0.58609765E-19      0.21667542E-09      0.30499786E-20
   96.000000000000         0.35235514E-06      0.59119338E-19      0.15804638E-09      0.10191468E-20
   97.000000000000         0.35240143E-06      0.60080655E-19      0.92583431E-10      0.19226348E-20
   98.000000000000         0.35244532E-06      0.60966596E-19      0.87782281E-10      0.17718812E-20
   99.000000000000         0.35253375E-06      0.61139558E-19      0.17685365E-09      0.34592518E-21
  100.000000000000         0.35268934E-06      0.60892365E-19      0.31117111E-09     -0.49438693E-21
  101.000000000000         0.35289285E-06      0.62341047E-19      0.40703466E-09      0.28973638E-20
  102.000000000000         0.35311020E-06      0.63917218E-19      0.43469096E-09      0.31523422E-20
  103.000000000000         0.35332721E-06      0.64364856E-19      0.43403007E-09      0.89527650E-21
  104.000000000000         0.35356712E-06      0.65265273E-19      0.47981069E-09      0.18008325E-20
  105.000000000000         0.35386705E-06      0.64718278E-19      0.59987137E-09     -0.10939895E-20
  106.000000000000         0.35423045E-06      0.67648544E-19      0.72679501E-09      0.58605315E-20
  107.000000000000         0.35461462E-06      0.67174341E-19      0.76833770E-09     -0.94840569E-21
  108.000000000000         0.35497252E-06      0.67368500E-19      0.71578976E-09      0.38831818E-21
  109.000000000000         0.35527741E-06      0.68375364E-19      0.60979469E-09      0.20137281E-20
  110.000000000000         0.35552474E-06      0.68514309E-19      0.49465083E-09      0.27788957E-21
  111.000000000000         0.35573060E-06      0.68016531E-19      0.41172950E-09     -0.99555498E-21
  112.000000000000         0.35590366E-06      0.67665475E-19      0.34611842E-09     -0.70211266E-21
  113.000000000000         0.35603037E-06      0.68483535E-19      0.25341454E-09      0.16361201E-20
  114.000000000000         0.35610066E-06      0.68466711E-19      0.14057276E-09     -0.33647328E-22
  115.000000000000         0.35613718E-06      0.69295421E-19      0.73038616E-10      0.16574200E-20
  116.000000000000         0.35618145E-06      0.69553842E-19      0.88542959E-10      0.51684137E-21
  117.000000000000         0.35625312E-06      0.69178435E-19      0.14335451E-09     -0.75081292E-21
  118.000000000000         0.35633327E-06      0.70256127E-19      0.16029320E-09      0.21553828E-20
  119.000000000000         0.35639014E-06      0.71287677E-19      0.11373354E-09      0.20631004E-20
  120.000000000000         0.35640499E-06      0.71866992E-19      0.29699573E-10      0.11586301E-20
  121.000000000000         0.35638717E-06      0.72373515E-19     -0.35625761E-10      0.10130463E-20
  122.000000000000         0.35637190E-06      0.73059950E-19     -0.30554273E-10      0.13728699E-20
  123.000000000000         0.35639216E-06      0.72990549E-19      0.40519598E-10     -0.13880266E-21
  124.000000000000         0.35645919E-06      0.72719522E-19      0.13406719E-09     -0.54205321E-21
  125.000000000000         0.35657303E-06      0.74173684E-19      0.22767060E-09      0.29083239E-20
  126.000000000000         0.35673104E-06      0.75486708E-19      0.31603662E-09      0.26260485E-20
  127.000000000000         0.35693101E-06      0.75203688E-19      0.39993003E-09     -0.56604145E-21
  128.000000000000         0.35715770E-06      0.75443962E-19      0.45337125E-09      0.48054882E-21
  129.000000000000         0.35737327E-06      0.77078139E-19      0.43114970E-09      0.32683543E-20
  130.000000000000         0.35753704E-06      0.77611753E-19      0.32754284E-09      0.10672267E-20
  131.000000000000         0.35763200E-06      0.78712088E-19      0.18992526E-09      0.22006709E-20
  132.000000000000         0.35766649E-06      0.80668762E-19      0.68972616E-10      0.39133484E-20
  133.000000000000         0.35766359E-06      0.82269645E-19     -0.58081848E-11      0.32017662E-20
  134.000000000000         0.35764620E-06      0.81801233E-19     -0.34764569E-10     -0.93682516E-21
  135.000000000000         0.35762759E-06      0.82453133E-19     -0.37236833E-10      0.13038003E-20
  136.000000000000         0.35762033E-06      0.83541268E-19     -0.14502735E-10      0.21762691E-20
  137.000000000000         0.35764199E-06      0.84742726E-19      0.43313067E-10      0.24029166E-20
  138.000000000000         0.35771031E-06      0.85474139E-19      0.13663351E-09      0.14628258E-20
  139.000000000000         0.35782646E-06      0.84564839E-19      0.23230024E-09     -0.18185997E-20
  140.000000000000         0.35796223E-06      0.85081392E-19      0.27155007E-09      0.10331055E-20
  141.000000000000         0.35808015E-06      0.86808523E-19      0.23583290E-09      0.34542631E-20
  142.000000000000         0.35816140E-06      0.86403700E-19      0.16249442E-09     -0.80964614E-21
  143.000000000000         0.35820234E-06      0.88904763E-19      0.81880562E-10      0.50021248E-20
  144.000000000000         0.35820987E-06      0.90351376E-19      0.15069099E-10      0.28932279E-20
  145.000000000000         0.35820312E-06      0.89529137E-19     -0.13497547E-10     -0.16444782E-20
  146.000000000000         0.35819873E-06      0.89634064E-19     -0.87778907E-11      0.20985396E-21
  147.000000000000         0.35819872E-06      0.89720897E-19     -0.31371891E-13      0.17366481E-21
  148.000000000000         0.35820113E-06      0.92148237E-19      0.48190028E-11      0.48546799E-20
  149.000000000000         0.35820816E-06      0.94543730E-19      0.14072997E-10      0.47909870E-20
  150.000000000000         0.35822167E-06      0.95342248E-19      0.27015044E-10      0.15970359E-20
  151.000000000000         0.35824242E-06      0.97261699E-19      0.41505169E-10      0.38389021E-20
  152.000000000000         0.35827947E-06      0.96006328E-19      0.74101494E-10     -0.25107431E-20
  153.000000000000         0.35834524E-06      0.97186383E-19      0.13152386E-09      0.23601100E-20
  154.000000000000         0.35843638E-06      0.98615005E-19      0.18228493E-09      0.28572455E-20
  155.000000000000         0.35852806E-06      0.99253360E-19      0.18336439E-09      0.12767102E-20
  156.000000000000         0.35859130E-06      0.10028111E-18      0.12647990E-09      0.20555007E-20
  157.000000000000         0.35861899E-06      0.10029732E-18      0.55381363E-10      0.32423723E-22
  158.000000000000         0.35862788E-06      0.10106916E-18      0.17773158E-10      0.15436827E-20
  159.000000000000         0.35863589E-06      0.10354314E-18      0.16029396E-10      0.49479445E-20
  160.000000000000         0.35865025E-06      0.10238506E-18      0.28710189E-10     -0.23161488E-20
  161.000000000000         0.35867609E-06      0.10175969E-18      0.51690969E-10     -0.12507402E-20
  162.000000000000         0.35872097E-06      0.10324891E-18      0.89758481E-10      0.29784275E-20
  163.000000000000         0.35878834E-06      0.10262167E-18      0.13473788E-09     -0.12544625E-20
  164.000000000000         0.35887154E-06      0.10319944E-18      0.16638768E-09      0.11555282E-20
  165.000000000000         0.35895667E-06      0.10279513E-18      0.17026791E-09     -0.80861216E-21
  166.000000000000         0.35903186E-06      0.10371711E-18      0.15037349E-09      0.18439493E-20
  167.000000000000         0.35909823E-06      0.10392099E-18      0.13275063E-09      0.40775693E-21
  168.000000000000         0.35917222E-06      0.10546304E-18      0.14797682E-09      0.30840998E-20
  169.000000000000         0.35927255E-06      0.10593037E-18      0.20066026E-09      0.93467098E-21
  170.000000000000         0.35940247E-06      0.10693289E-18      0.25983438E-09      0.20050427E-20
  171.000000000000         0.35954475E-06      0.10825160E-18      0.28456430E-09      0.26374223E-20
  172.000000000000         0.35967595E-06      0.10883102E-18      0.26240674E-09      0.11588369E-20
  173.000000000000         0.35978377E-06      0.10930570E-18      0.21564331E-09      0.94935343E-21
  174.000000000000         0.35987425E-06      0.11119113E-18      0.18094626E-09      0.37708665E-20
  175.000000000000         0.35995968E-06      0.11204037E-18      0.17086320E-09      0.16984689E-20
  176.000000000000         0.36004123E-06      0.11301828E-18      0.16309765E-09      0.19558254E-20
  177.000000000000         0.36011231E-06      0.11330948E-18      0.14216750E-09      0.58239543E-21
  178.000000000000         0.36017895E-06      0.11506561E-18      0.13328518E-09      0.35122692E-20
  179.000000000000         0.36026890E-06      0.11573178E-18      0.17988899E-09      0.13323381E-20
  180.000000000000         0.36041265E-06      0.11602272E-18      0.28749316E-09      0.58187844E-21
  181.000000000000         0.36061461E-06      0.11733605E-18      0.40393576E-09      0.26266689E-20
  182.000000000000         0.36085259E-06      0.11757157E-18      0.47595042E-09      0.47103624E-21
  183.000000000000         0.36110018E-06      0.12011141E-18      0.49518110E-09      0.50796730E-20
  184.000000000000         0.36134173E-06      0.12025987E-18      0.48310539E-09      0.29691472E-21
  185.000000000000         0.36157496E-06      0.12192367E-18      0.46645490E-09      0.33276011E-20
  186.000000000000         0.36180742E-06      0.12193957E-18      0.46492298E-09      0.31803338E-22
  187.000000000000         0.36204444E-06      0.12343708E-18      0.47403640E-09      0.29950228E-20
  188.000000000000         0.36228319E-06      0.12254365E-18      0.47749688E-09     -0.17868566E-20
  189.000000000000         0.36251833E-06      0.12304811E-18      0.47027665E-09      0.10089104E-20
  190.000000000000         0.36274983E-06      0.12370383E-18      0.46300672E-09      0.13114517E-20
  191.000000000000         0.36298286E-06      0.12474632E-18      0.46606755E-09      0.20849690E-20
  192.000000000000         0.36322278E-06      0.12527073E-18      0.47984130E-09      0.10488219E-20
  193.000000000000         0.36346484E-06      0.12579100E-18      0.48410942E-09      0.10405501E-20
  194.000000000000         0.36369219E-06      0.12638810E-18      0.45469678E-09      0.11941989E-20
  195.000000000000         0.36388980E-06      0.12621065E-18      0.39522549E-09     -0.35490360E-21
  196.000000000000         0.36405523E-06      0.12591326E-18      0.33086024E-09     -0.59478598E-21
  197.000000000000         0.36419544E-06      0.12660217E-18      0.28041201E-09      0.13778330E-20
  198.000000000000         0.36431619E-06      0.12635289E-18      0.24151018E-09     -0.49857453E-21
  199.000000000000         0.36441824E-06      0.12604859E-18      0.20409894E-09     -0.60858955E-21
  200.000000000000         0.36450063E-06      0.12682027E-18      0.16478480E-09      0.15433467E-20
  201.000000000000         0.36456548E-06      0.12735406E-18      0.12968934E-09      0.10675886E-20
  202.000000000000         0.36462219E-06      0.12766271E-18      0.11343164E-09      0.61729211E-21
  203.000000000000         0.36468492E-06      0.12931082E-18      0.12545455E-09      0.32962199E-20
  204.000000000000         0.36476242E-06      0.12955280E-18      0.15499916E-09      0.48396094E-21
  205.000000000000         0.36485618E-06      0.12761081E-18      0.18751464E-09     -0.38839663E-20
  206.000000000000         0.36496608E-06      0.12829694E-18      0.21980088E-09      0.13722495E-20
  207.000000000000         0.36509111E-06      0.12925981E-18      0.25006704E-09      0.19257367E-20
  208.000000000000         0.36522579E-06      0.13089972E-18      0.26935063E-09      0.32798314E-20
  209.000000000000         0.36536093E-06      0.13157938E-18      0.27028087E-09      0.13593248E-20
  210.000000000000         0.36548418E-06      0.13277722E-18      0.24650892E-09      0.23956787E-20
  211.000000000000         0.36558353E-06      0.13285279E-18      0.19869568E-09      0.15112414E-21
  212.000000000000         0.36565048E-06      0.13407048E-18      0.13390172E-09      0.24353834E-20
  213.000000000000         0.36568641E-06      0.13498925E-18      0.71858056E-10      0.18375386E-20
  214.000000000000         0.36570415E-06      0.13597962E-18      0.35478338E-10      0.19807443E-20
  215.000000000000         0.36571933E-06      0.13681877E-18      0.30356185E-10      0.16783063E-20
  216.000000000000         0.36574061E-06      0.13677930E-18      0.42577219E-10     -0.78935467E-22
  217.000000000000         0.36577330E-06      0.13708875E-18      0.65374159E-10      0.61889478E-21
  218.000000000000         0.36582571E-06      0.13733130E-18      0.10482368E-09      0.48509831E-21
  219.000000000000         0.36590648E-06      0.13962795E-18      0.16153166E-09      0.45932908E-20
  220.000000000000         0.36601253E-06      0.13860636E-18      0.21210435E-09     -0.20431792E-20
  221.000000000000         0.36612690E-06      0.13892718E-18      0.22873427E-09      0.64164224E-21
  222.000000000000         0.36622932E-06      0.14024920E-18      0.20483449E-09      0.26440397E-20
  223.000000000000         0.36630843E-06      0.14090834E-18      0.15823369E-09      0.13182760E-20
  224.000000000000         0.36636772E-06      0.14303479E-18      0.11856495E-09      0.42529060E-20
  225.000000000000         0.36641993E-06      0.14364109E-18      0.10441968E-09      0.12126037E-20
  226.000000000000         0.36647758E-06      0.14327623E-18      0.11531451E-09     -0.72971981E-21
  227.000000000000         0.36654798E-06      0.14399627E-18      0.14079694E-09      0.14400783E-20
  228.000000000000         0.36663416E-06      0.14450848E-18      0.17236520E-09      0.10244201E-20
  229.000000000000         0.36673928E-06      0.14533585E-18      0.21023998E-09      0.16547317E-20
  230.000000000000         0.36686453E-06      0.14588714E-18      0.25049401E-09      0.11025886E-20
  231.000000000000         0.36699535E-06      0.14598473E-18      0.26163583E-09      0.19517151E-21
  232.000000000000         0.36710627E-06      0.14611354E-18      0.22184166E-09      0.25762364E-21
  233.000000000000         0.36718232E-06      0.14673643E-18      0.15210066E-09      0.12457943E-20
  234.000000000000         0.36722651E-06      0.14690847E-18      0.88373598E-10      0.34406402E-21
  235.000000000000         0.36725426E-06      0.14881634E-18      0.55508864E-10      0.38157410E-20
  236.000000000000         0.36729012E-06      0.14903345E-18      0.71721075E-10      0.43422671E-21
  237.000000000000         0.36735189E-06      0.14973105E-18      0.12353388E-09      0.13952038E-20
  238.000000000000         0.36743776E-06      0.14987279E-18      0.17173710E-09      0.28347304E-21
  239.000000000000         0.36753611E-06      0.15018172E-18      0.19671135E-09      0.61786080E-21
  240.000000000000         0.36763904E-06      0.15227798E-18      0.20586355E-09      0.41925218E-20
  241.000000000000         0.36773790E-06      0.15331007E-18      0.19770631E-09      0.20641861E-20
  242.000000000000         0.36781583E-06      0.15437081E-18      0.15585928E-09      0.21214684E-20
  243.000000000000         0.36785682E-06      0.15514529E-18      0.81976217E-10      0.15489560E-20
  244.000000000000         0.36786395E-06      0.15524220E-18      0.14261796E-10      0.19382734E-21
  245.000000000000         0.36785841E-06      0.15646439E-18     -0.11063886E-10      0.24443790E-20
  246.000000000000         0.36786384E-06      0.15591460E-18      0.10843622E-10     -0.10995729E-20
  247.000000000000         0.36789630E-06      0.15541259E-18      0.64937552E-10     -0.10040336E-20
  248.000000000000         0.36796216E-06      0.15620883E-18      0.13170986E-09      0.15924864E-20
  249.000000000000         0.36806146E-06      0.15731899E-18      0.19860971E-09      0.22203164E-20
  250.000000000000         0.36818837E-06      0.15841808E-18      0.25380644E-09      0.21981894E-20
  251.000000000000         0.36832932E-06      0.16016755E-18      0.28190238E-09      0.34989309E-20
  252.000000000000         0.36846548E-06      0.16105943E-18      0.27232248E-09      0.17837719E-20
  253.000000000000         0.36857590E-06      0.16310120E-18      0.22083108E-09      0.40835408E-20
  254.000000000000         0.36864172E-06      0.16497009E-18      0.13165011E-09      0.37377793E-20
  255.000000000000         0.36866085E-06      0.16631114E-18      0.38267346E-10      0.26820900E-20
  256.000000000000         0.36865286E-06      0.16751182E-18     -0.15987845E-10      0.24013656E-20
  257.000000000000         0.36864127E-06      0.16735127E-18     -0.23175041E-10     -0.32109259E-21
  258.000000000000         0.36863797E-06      0.16840022E-18     -0.66110269E-11      0.20978937E-20
  259.000000000000         0.36864647E-06      0.16941308E-18      0.16997278E-10      0.20257222E-20
  260.000000000000         0.36867123E-06      0.17048633E-18      0.49524596E-10      0.21464906E-20
  261.000000000000         0.36871882E-06      0.17100908E-18      0.95185267E-10      0.10455132E-20
  262.000000000000         0.36878853E-06      0.17194781E-18      0.13941887E-09      0.18774501E-20
  263.000000000000         0.36886882E-06      0.17241142E-18      0.16057836E-09      0.92722635E-21
  264.000000000000         0.36894391E-06      0.17267279E-18      0.15017102E-09      0.52273503E-21
  265.000000000000         0.36900237E-06      0.17442298E-18      0.11693320E-09      0.35003784E-20
  266.000000000000         0.36904467E-06      0.17433031E-18      0.84587602E-10     -0.18533157E-21
  267.000000000000         0.36908008E-06      0.17518110E-18      0.70832329E-10      0.17015708E-20
  268.000000000000         0.36911349E-06      0.17672222E-18      0.66814245E-10      0.30822386E-20
  269.000000000000         0.36913901E-06      0.17733596E-18      0.51048348E-10      0.12274929E-20
  270.000000000000         0.36914925E-06      0.17674141E-18      0.20470473E-10     -0.11891152E-20
  271.000000000000         0.36914582E-06      0.17711780E-18     -0.68547014E-11      0.75279464E-21
  272.000000000000         0.36914071E-06      0.17830406E-18     -0.10220683E-10      0.23725177E-20
  273.000000000000         0.36914865E-06      0.17760554E-18      0.15880414E-10     -0.13970478E-20
  274.000000000000         0.36917968E-06      0.17757445E-18      0.62055284E-10     -0.62185059E-22
  275.000000000000         0.36923571E-06      0.17777398E-18      0.11206581E-09      0.39907153E-21
  276.000000000000         0.36931249E-06      0.17826241E-18      0.15355284E-09      0.97685719E-21
  277.000000000000         0.36940491E-06      0.17938756E-18      0.18484720E-09      0.22503017E-20
  278.000000000000         0.36951050E-06      0.17983680E-18      0.21118253E-09      0.89848182E-21
  279.000000000000         0.36962370E-06      0.18011637E-18      0.22639375E-09      0.55913098E-21
  280.000000000000         0.36972986E-06      0.18044634E-18      0.21231458E-09      0.65994362E-21
  281.000000000000         0.36980912E-06      0.18012697E-18      0.15853240E-09     -0.63872995E-21
  282.000000000000         0.36984923E-06      0.17923794E-18      0.80218775E-10     -0.17780678E-20
  283.000000000000         0.36985670E-06      0.18011925E-18      0.14936352E-10      0.17626271E-20
  284.000000000000         0.36985152E-06      0.18109528E-18     -0.10352081E-10      0.19520514E-20
  285.000000000000         0.36985278E-06      0.18142380E-18      0.25121405E-11      0.65704848E-21
  286.000000000000         0.36987199E-06      0.18360351E-18      0.38422655E-10      0.43594055E-20
  287.000000000000         0.36991369E-06      0.18506548E-18      0.83392029E-10      0.29239370E-20
  288.000000000000         0.36997601E-06      0.18579916E-18      0.12464629E-09      0.14673753E-20
  289.000000000000         0.37005347E-06      0.18628351E-18      0.15490991E-09      0.96868878E-21
  290.000000000000         0.37014023E-06      0.18605715E-18      0.17352760E-09     -0.45271771E-21
  291.000000000000         0.37023032E-06      0.18613240E-18      0.18017804E-09      0.15050376E-21
  292.000000000000         0.37031356E-06      0.18859117E-18      0.16647830E-09      0.49175456E-20
  293.000000000000         0.37037821E-06      0.18937325E-18      0.12930431E-09      0.15641554E-20
  294.000000000000         0.37042060E-06      0.19003063E-18      0.84771259E-10      0.13147605E-20
  295.000000000000         0.37044736E-06      0.19013018E-18      0.53528430E-10      0.19910062E-21
  296.000000000000         0.37046619E-06      0.19126117E-18      0.37650237E-10      0.22619857E-20
  297.000000000000         0.37048095E-06      0.19324256E-18      0.29534431E-10      0.39627724E-20
  298.000000000000         0.37049242E-06      0.19481672E-18      0.22938064E-10      0.31483097E-20
  299.000000000000         0.37050114E-06      0.19460659E-18      0.17445637E-10     -0.42025087E-21
  300.000000000000         0.37050914E-06      0.19550995E-18      0.15981575E-10      0.18067261E-20
  301.000000000000         0.37051956E-06      0.19736251E-18      0.20851842E-10      0.37051056E-20
  302.000000000000         0.37053534E-06      0.19811450E-18      0.31551643E-10      0.15039780E-20
  303.000000000000         0.37055832E-06      0.19949840E-18      0.45971054E-10      0.27678066E-20
  304.000000000000         0.37058741E-06      0.19985696E-18      0.58183310E-10      0.71712248E-21
  305.000000000000         0.37062227E-06      0.20042444E-18      0.69712436E-10      0.11349521E-20
  306.000000000000         0.37066581E-06      0.20174470E-18      0.87071465E-10      0.26405242E-20
  307.000000000000         0.37071566E-06      0.20273641E-18      0.99710251E-10      0.19834326E-20
  308.000000000000         0.37076045E-06      0.20513372E-18      0.89585783E-10      0.47946059E-20
  309.000000000000         0.37078835E-06      0.20531878E-18      0.55784621E-10      0.37012021E-21
  310.000000000000         0.37079616E-06      0.20442457E-18      0.15631378E-10     -0.17884076E-20
  311.000000000000         0.37079054E-06      0.20716841E-18     -0.11234953E-10      0.54876799E-20
  312.000000000000         0.37078145E-06      0.20759124E-18     -0.18195341E-10      0.84564566E-21
  313.000000000000         0.37077622E-06      0.20755616E-18     -0.10445002E-10     -0.70146673E-22
  314.000000000000         0.37078010E-06      0.20869563E-18      0.77494420E-11      0.22789429E-20
  315.000000000000         0.37079557E-06      0.20876644E-18      0.30947188E-10      0.14161156E-21
  316.000000000000         0.37082296E-06      0.20881429E-18      0.54773052E-10      0.95703040E-22
  317.000000000000         0.37086383E-06      0.21006300E-18      0.81736779E-10      0.24974219E-20
  318.000000000000         0.37091687E-06      0.21128297E-18      0.10608314E-09      0.24399329E-20
  319.000000000000         0.37096864E-06      0.21273605E-18      0.10353231E-09      0.29061526E-20
  320.000000000000         0.37100164E-06      0.21326221E-18      0.66013671E-10      0.10523374E-20
  321.000000000000         0.37101116E-06      0.21278289E-18      0.19028963E-10     -0.95864205E-21
  322.000000000000         0.37100894E-06      0.21374266E-18     -0.44244684E-11      0.19195329E-20
  323.000000000000         0.37100874E-06      0.21496878E-18     -0.40274903E-12      0.24522372E-20
  324.000000000000         0.37101529E-06      0.21408274E-18      0.13088697E-10     -0.17720708E-20
  325.000000000000         0.37102452E-06      0.21418178E-18      0.18470736E-10      0.19806664E-21
  326.000000000000         0.37102763E-06      0.21513482E-18      0.62098463E-11      0.19060912E-20
  327.000000000000         0.37101791E-06      0.21630521E-18     -0.19434910E-10      0.23407746E-20
  328.000000000000         0.37099660E-06      0.21834708E-18     -0.42625093E-10      0.40837476E-20
  329.000000000000         0.37096842E-06      0.21995965E-18     -0.56357171E-10      0.32251341E-20
  330.000000000000         0.37093820E-06      0.22100560E-18     -0.60444515E-10      0.20918967E-20
  331.000000000000         0.37091481E-06      0.22080881E-18     -0.46768775E-10     -0.39357429E-21
  332.000000000000         0.37091191E-06      0.22092273E-18     -0.58127464E-11      0.22784514E-21
  333.000000000000         0.37094278E-06      0.22164846E-18      0.61738429E-10      0.14514521E-20
  334.000000000000         0.37101217E-06      0.22103860E-18      0.13878790E-09     -0.12197209E-20
  335.000000000000         0.37111092E-06      0.22064422E-18      0.19750072E-09     -0.78875983E-21
  336.000000000000         0.37121971E-06      0.22122074E-18      0.21757791E-09      0.11530467E-20
  337.000000000000         0.37131744E-06      0.22144220E-18      0.19546263E-09      0.44291210E-21
  338.000000000000         0.37138614E-06      0.22257009E-18      0.13740993E-09      0.22557818E-20
  339.000000000000         0.37141478E-06      0.22227916E-18      0.57279651E-10     -0.58186128E-21
  340.000000000000         0.37140300E-06      0.22380430E-18     -0.23575635E-10      0.30502888E-20
  341.000000000000         0.37136225E-06      0.22464620E-18     -0.81490644E-10      0.16837864E-20
  342.000000000000         0.37131370E-06      0.22423243E-18     -0.97103930E-10     -0.82753392E-21
  343.000000000000         0.37128393E-06      0.22475384E-18     -0.59533749E-10      0.10428248E-20
  344.000000000000         0.37129398E-06      0.22674619E-18      0.20096890E-10      0.39846927E-20
  345.000000000000         0.37134736E-06      0.22908636E-18      0.10674803E-09      0.46803516E-20
  346.000000000000         0.37142970E-06      0.22956818E-18      0.16468730E-09      0.96362230E-21
  347.000000000000         0.37152021E-06      0.23008039E-18      0.18101932E-09      0.10244201E-20
  348.000000000000         0.37160022E-06      0.23034734E-18      0.16001580E-09      0.53390197E-21
  349.000000000000         0.37165610E-06      0.23089336E-18      0.11176857E-09      0.10920421E-20
  350.000000000000         0.37168141E-06      0.23086630E-18      0.50623493E-10     -0.54120049E-22
  351.000000000000         0.37167702E-06      0.23078501E-18     -0.87837523E-11     -0.16258411E-21
  352.000000000000         0.37165044E-06      0.23088497E-18     -0.53150915E-10      0.19992780E-21
  353.000000000000         0.37161457E-06      0.23055185E-18     -0.71756002E-10     -0.66623370E-21
  354.000000000000         0.37158415E-06      0.23101609E-18     -0.60825058E-10      0.92846712E-21
  355.000000000000         0.37156992E-06      0.23075928E-18     -0.28474924E-10     -0.51361888E-21
  356.000000000000         0.37157393E-06      0.23261803E-18      0.80304912E-11      0.37175134E-20
  357.000000000000         0.37159042E-06      0.23342431E-18      0.32982620E-10      0.16125455E-20
  358.000000000000         0.37161262E-06      0.23516384E-18      0.44402770E-10      0.34790785E-20
  359.000000000000         0.37163724E-06      0.23491515E-18      0.49227016E-10     -0.49738546E-21
  360.000000000000         0.37166329E-06      0.23591457E-18      0.52110375E-10      0.19988388E-20
  361.000000000000         0.37168892E-06      0.23595229E-18      0.51246102E-10      0.75437115E-22
  362.000000000000         0.37171008E-06      0.23574222E-18      0.42329583E-10     -0.42014747E-21
  363.000000000000         0.37172112E-06      0.23506566E-18      0.22086449E-10     -0.13531038E-20
  364.000000000000         0.37171892E-06      0.23589179E-18     -0.44075254E-11      0.16522502E-20
  365.000000000000         0.37170658E-06      0.23562480E-18     -0.24686082E-10     -0.53398820E-21
  366.000000000000         0.37169046E-06      0.23635983E-18     -0.32243369E-10      0.14700636E-20
  367.000000000000         0.37167426E-06      0.23708080E-18     -0.32401240E-10      0.14419395E-20
  368.000000000000         0.37165854E-06      0.23671733E-18     -0.31425588E-10     -0.72692808E-21
  369.000000000000         0.37164560E-06      0.23737078E-18     -0.25894866E-10      0.13069023E-20
  370.000000000000         0.37164124E-06      0.23701058E-18     -0.87117315E-11     -0.72041403E-21
  371.000000000000         0.37165210E-06      0.23665063E-18      0.21730797E-10     -0.71989704E-21
  372.000000000000         0.37168176E-06      0.23830719E-18      0.59308792E-10      0.33131254E-20
  373.000000000000         0.37172829E-06      0.23980411E-18      0.93065950E-10      0.29938337E-20
  374.000000000000         0.37178379E-06      0.24012426E-18      0.11099920E-09      0.64029808E-21
  375.000000000000         0.37183817E-06      0.24053989E-18      0.10876291E-09      0.83127340E-21
  376.000000000000         0.37188313E-06      0.24046450E-18      0.89921674E-10     -0.15079678E-21
  377.000000000000         0.37191453E-06      0.24024760E-18      0.62789069E-10     -0.43379595E-21
  378.000000000000         0.37193251E-06      0.24143613E-18      0.35953016E-10      0.23770672E-20
  379.000000000000         0.37193979E-06      0.24002184E-18      0.14574757E-10     -0.28285872E-20
  380.000000000000         0.37193951E-06      0.24076809E-18     -0.57316525E-12      0.14925009E-20
  381.000000000000         0.37193693E-06      0.24274575E-18     -0.51551765E-11      0.39553278E-20
  382.000000000000         0.37193936E-06      0.24373385E-18      0.48707036E-11      0.19761948E-20
  383.000000000000         0.37195237E-06      0.24493820E-18      0.26008998E-10      0.24087068E-20
  384.000000000000         0.37197671E-06      0.24511954E-18      0.48676030E-10      0.36267558E-21
  385.000000000000         0.37200907E-06      0.24587205E-18      0.64720119E-10      0.15050120E-20
  386.000000000000         0.37204476E-06      0.24669988E-18      0.71377945E-10      0.16556623E-20
  387.000000000000         0.37208098E-06      0.24687579E-18      0.72453477E-10      0.35181884E-21
  388.000000000000         0.37211732E-06      0.24635898E-18      0.72672106E-10     -0.10336053E-20
  389.000000000000         0.37215406E-06      0.24673962E-18      0.73488997E-10      0.76127324E-21
  390.000000000000         0.37219140E-06      0.24666368E-18      0.74677017E-10     -0.15188246E-21
  391.000000000000         0.37222953E-06      0.24759232E-18      0.76256310E-10      0.18572876E-20
  392.000000000000         0.37226877E-06      0.24791901E-18      0.78480213E-10      0.65337787E-21
  393.000000000000         0.37230884E-06      0.24920632E-18      0.80136140E-10      0.25746082E-20
  394.000000000000         0.37234713E-06      0.24949041E-18      0.76590805E-10      0.56817827E-21
  395.000000000000         0.37237765E-06      0.25042753E-18      0.61038823E-10      0.18742448E-20
  396.000000000000         0.37239390E-06      0.24971241E-18      0.32501805E-10     -0.14302384E-20
  397.000000000000         0.37239568E-06      0.24970244E-18      0.35625414E-11     -0.19947149E-22
  398.000000000000         0.37239194E-06      0.25062932E-18     -0.74949150E-11      0.18537720E-20
  399.000000000000         0.37239516E-06      0.25236028E-18      0.64390784E-11      0.34619145E-20
  400.000000000000         0.37241515E-06      0.25230908E-18      0.39994427E-10     -0.10240672E-21
  401.000000000000         0.37245526E-06      0.25406045E-18      0.80215139E-10      0.35027566E-20
  402.000000000000         0.37251252E-06      0.25520690E-18      0.11450969E-09      0.22929015E-20
  403.000000000000         0.37258034E-06      0.25586589E-18      0.13565558E-09      0.13179658E-20
  404.000000000000         0.37265098E-06      0.25585046E-18      0.14126358E-09     -0.30855594E-22
  405.000000000000         0.37271577E-06      0.25473884E-18      0.12958514E-09     -0.22232461E-20
  406.000000000000         0.37276587E-06      0.25531484E-18      0.10019795E-09      0.11520127E-20
  407.000000000000         0.37279427E-06      0.25593715E-18      0.56802366E-10      0.12446052E-20
  408.000000000000         0.37280101E-06      0.25534975E-18      0.13477542E-10     -0.11747947E-20
  409.000000000000         0.37279529E-06      0.25580581E-18     -0.11430288E-10      0.91213030E-21
  410.000000000000         0.37278927E-06      0.25754450E-18     -0.12048909E-10      0.34773725E-20
  411.000000000000         0.37279093E-06      0.25803277E-18      0.33339500E-11      0.97654699E-21
  412.000000000000         0.37280379E-06      0.25791359E-18      0.25703646E-10     -0.23837453E-21
  413.000000000000         0.37282836E-06      0.25846173E-18      0.49151134E-10      0.10962814E-20
  414.000000000000         0.37286264E-06      0.25865041E-18      0.68562556E-10      0.37735804E-21
  415.000000000000         0.37290341E-06      0.25779978E-18      0.81536136E-10     -0.17012434E-20
  416.000000000000         0.37294746E-06      0.25664285E-18      0.88091300E-10     -0.23138741E-20
  417.000000000000         0.37298928E-06      0.25874087E-18      0.83653140E-10      0.41960373E-20
  418.000000000000         0.37302127E-06      0.25939866E-18      0.63974068E-10      0.13155876E-20
  419.000000000000         0.37303985E-06      0.26093657E-18      0.37150038E-10      0.30758280E-20
  420.000000000000         0.37304863E-06      0.25999584E-18      0.17565493E-10     -0.18814654E-20
  421.000000000000         0.37305327E-06      0.25874429E-18      0.92850138E-11     -0.25030916E-20
  422.000000000000         0.37305556E-06      0.25984892E-18      0.45722619E-11      0.22092529E-20
  423.000000000000         0.37305350E-06      0.26020759E-18     -0.41167614E-11      0.71732927E-21
  424.000000000000         0.37304588E-06      0.26085494E-18     -0.15233141E-10      0.12947013E-20
  425.000000000000         0.37303475E-06      0.26032423E-18     -0.22269016E-10     -0.10614192E-20
  426.000000000000         0.37302349E-06      0.26137090E-18     -0.22521377E-10      0.20933442E-20
  427.000000000000         0.37301672E-06      0.26222463E-18     -0.13533451E-10      0.17074645E-20
  428.000000000000         0.37302036E-06      0.26356185E-18      0.72887423E-11      0.26744386E-20
  429.000000000000         0.37303689E-06      0.26321627E-18      0.33045866E-10     -0.69115252E-21
  430.000000000000         0.37306360E-06      0.26393874E-18      0.53421772E-10      0.14449380E-20
  431.000000000000         0.37309659E-06      0.26483694E-18      0.65981506E-10      0.17963864E-20
  432.000000000000         0.37313051E-06      0.26480698E-18      0.67833001E-10     -0.59910313E-22
  433.000000000000         0.37315694E-06      0.26533558E-18      0.52877623E-10      0.10571971E-20
  434.000000000000         0.37316848E-06      0.26551392E-18      0.23079629E-10      0.35667852E-21
  435.000000000000         0.37316366E-06      0.26618976E-18     -0.96444428E-11      0.13516734E-20
  436.000000000000         0.37314673E-06      0.26646084E-18     -0.33870045E-10      0.54217378E-21
  437.000000000000         0.37312397E-06      0.26542638E-18     -0.45516370E-10     -0.20689252E-20
  438.000000000000         0.37310264E-06      0.26562447E-18     -0.42662433E-10      0.39617640E-21
  439.000000000000         0.37309171E-06      0.26676875E-18     -0.21852643E-10      0.22885588E-20
  440.000000000000         0.37309883E-06      0.26789483E-18      0.14245246E-10      0.22521629E-20
  441.000000000000         0.37312678E-06      0.26945673E-18      0.55888174E-10      0.31238045E-20
  442.000000000000         0.37317322E-06      0.26896226E-18      0.92877951E-10     -0.98893754E-21
  443.000000000000         0.37323096E-06      0.27002806E-18      0.11548799E-09      0.21316013E-20
  444.000000000000         0.37328844E-06      0.27059673E-18      0.11496175E-09      0.11373302E-20
  445.000000000000         0.37333325E-06      0.27216328E-18      0.89624151E-10      0.31331102E-20
  446.000000000000         0.37335855E-06      0.27450594E-18      0.50587948E-10      0.46853147E-20
  447.000000000000         0.37336499E-06      0.27596646E-18      0.12890622E-10      0.29210418E-20
  448.000000000000         0.37335631E-06      0.27626676E-18     -0.17373678E-10      0.60059341E-21
  449.000000000000         0.37333648E-06      0.27761478E-18     -0.39647666E-10      0.26960487E-20
  450.000000000000         0.37331136E-06      0.27756885E-18     -0.50253089E-10     -0.91860164E-22
  451.000000000000         0.37328846E-06      0.27808391E-18     -0.45793740E-10      0.10301069E-20
  452.000000000000         0.37327506E-06      0.27804651E-18     -0.26807461E-10     -0.74799564E-22
  453.000000000000         0.37327633E-06      0.27834706E-18      0.25534156E-11      0.60111039E-21
  454.000000000000         0.37329289E-06      0.27927234E-18      0.33115040E-10      0.18505667E-20
  455.000000000000         0.37332031E-06      0.27862433E-18      0.54837212E-10     -0.12960283E-20
  456.000000000000         0.37335262E-06      0.27805764E-18      0.64627519E-10     -0.11333840E-20
  457.000000000000         0.37338615E-06      0.27715341E-18      0.67063574E-10     -0.18084667E-20
  458.000000000000         0.37342012E-06      0.27806158E-18      0.67934879E-10      0.18163421E-20
  459.000000000000         0.37345379E-06      0.27803229E-18      0.67332664E-10     -0.58566144E-22
  460.000000000000         0.37348331E-06      0.27861026E-18      0.59047956E-10      0.11559418E-20
  461.000000000000         0.37350279E-06      0.27934695E-18      0.38954385E-10      0.14733724E-20
  462.000000000000         0.37350850E-06      0.28030703E-18      0.11428984E-10      0.19201533E-20
  463.000000000000         0.37350212E-06      0.28077777E-18     -0.12765545E-10      0.94149522E-21
  464.000000000000         0.37349032E-06      0.28212347E-18     -0.23595039E-10      0.26913958E-20
  465.000000000000         0.37348179E-06      0.28306178E-18     -0.17066103E-10      0.18766229E-20
  466.000000000000         0.37348218E-06      0.28293944E-18      0.78380760E-12     -0.24468178E-21
  467.000000000000         0.37349157E-06      0.28355976E-18      0.18768863E-10      0.12406244E-20
  468.000000000000         0.37350732E-06      0.28329018E-18      0.31509800E-10     -0.53915808E-21
  469.000000000000         0.37352807E-06      0.28433106E-18      0.41507933E-10      0.20817637E-20
  470.000000000000         0.37355229E-06      0.28500720E-18      0.48420939E-10      0.13522938E-20
  471.000000000000         0.37357666E-06      0.28469684E-18      0.48757297E-10     -0.62073877E-21
  472.000000000000         0.37359787E-06      0.28567449E-18      0.42408231E-10      0.19553085E-20
  473.000000000000         0.37361473E-06      0.28483927E-18      0.33719160E-10     -0.16704310E-20
  474.000000000000         0.37362806E-06      0.28561952E-18      0.26657155E-10      0.15604848E-20
  475.000000000000         0.37363965E-06      0.28506247E-18      0.23183346E-10     -0.11141003E-20
  476.000000000000         0.37365151E-06      0.28636755E-18      0.23729104E-10      0.26101770E-20
  477.000000000000         0.37366503E-06      0.28634903E-18      0.27038711E-10     -0.37059448E-22
  478.000000000000         0.37368035E-06      0.28775400E-18      0.30636020E-10      0.28099411E-20
  479.000000000000         0.37369626E-06      0.28843081E-18      0.31827201E-10      0.13536380E-20
  480.000000000000         0.37371066E-06      0.28924528E-18      0.28800445E-10      0.16289340E-20
  481.000000000000         0.37372232E-06      0.29040153E-18      0.23317484E-10      0.23124954E-20
  482.000000000000         0.37373224E-06      0.29070860E-18      0.19832420E-10      0.61413849E-21
  483.000000000000         0.37374358E-06      0.29114533E-18      0.22686945E-10      0.87345961E-21
  484.000000000000         0.37376192E-06      0.29163159E-18      0.36672014E-10      0.97251449E-21
  485.000000000000         0.37379338E-06      0.29181649E-18      0.62922568E-10      0.36981002E-21
  486.000000000000         0.37384014E-06      0.29189598E-18      0.93517136E-10      0.15898236E-21
  487.000000000000         0.37389751E-06      0.29090009E-18      0.11473689E-09     -0.19917906E-20
  488.000000000000         0.37395644E-06      0.29237529E-18      0.11786796E-09      0.29504067E-20
  489.000000000000         0.37400832E-06      0.29367136E-18      0.10375716E-09      0.25921341E-20
  490.000000000000         0.37404789E-06      0.29391990E-18      0.79133503E-10      0.49709243E-21
  491.000000000000         0.37407344E-06      0.29489473E-18      0.51105524E-10      0.19496474E-20
  492.000000000000         0.37408606E-06      0.29576381E-18      0.25241518E-10      0.17381735E-20
  493.000000000000         0.37408928E-06      0.29741854E-18      0.64464400E-11      0.33094548E-20
  494.000000000000         0.37408976E-06      0.29860992E-18      0.95923219E-12      0.23827540E-20
  495.000000000000         0.37409734E-06      0.29875719E-18      0.15152302E-10      0.29453658E-21
  496.000000000000         0.37412323E-06      0.30045837E-18      0.51786077E-10      0.34023575E-20
  497.000000000000         0.37417566E-06      0.30234018E-18      0.10485425E-09      0.37636287E-20
  498.000000000000         0.37425423E-06      0.30188691E-18      0.15713636E-09     -0.90652967E-21
  499.000000000000         0.37434792E-06      0.30269262E-18      0.18738316E-09      0.16114081E-20
  500.000000000000         0.37444074E-06      0.30227694E-18      0.18564429E-09     -0.83135963E-21
