 #            500
    0.000000000000         0.00000000E+00      0.00000000E+00      0.00000000E+00      0.00000000E+00
    1.000000000000         0.28776449E-18      0.32605679E-22      0.57552898E-18      0.65211357E-22
    2.000000000000         0.19961718E-16      0.35312797E-21      0.39347908E-16      0.64104458E-21
    3.000000000000         0.52911105E-15      0.50794140E-21      0.10182987E-14      0.30962687E-21
    4.000000000000         0.18740493E-13      0.35430098E-21      0.36422764E-13     -0.30728084E-21
    5.000000000000         0.44634849E-12      0.87836585E-21      0.85521599E-12      0.10481297E-20
    6.000000000000         0.65880712E-11      0.13905224E-20      0.12283445E-10      0.10243131E-20
    7.000000000000         0.57080477E-10      0.17296367E-20      0.10098481E-09      0.67822853E-21
    8.000000000000         0.33352899E-09      0.20386655E-20      0.55289702E-09      0.61805760E-21
    9.000000000000         0.14204759E-08      0.21444146E-20      0.21738938E-08      0.21149833E-21
   10.000000000000         0.46561724E-08      0.27546406E-20      0.64713930E-08      0.12204519E-20
   11.000000000000         0.12189186E-07      0.35381609E-20      0.15066028E-07      0.15670406E-20
   12.000000000000         0.26158374E-07      0.38419164E-20      0.27938375E-07      0.60751105E-21
   13.000000000000         0.46672650E-07      0.41986115E-20      0.41028552E-07      0.71339017E-21
   14.000000000000         0.70374620E-07      0.43964879E-20      0.47403939E-07      0.39575281E-21
   15.000000000000         0.93005923E-07      0.50873639E-20      0.45262607E-07      0.13817521E-20
   16.000000000000         0.11179730E-06      0.52240290E-20      0.37582759E-07      0.27333008E-21
   17.000000000000         0.12592897E-06      0.53027914E-20      0.28263344E-07      0.15752479E-21
   18.000000000000         0.13600248E-06      0.54253943E-20      0.20147012E-07      0.24520594E-21
   19.000000000000         0.14325315E-06      0.57961515E-20      0.14501332E-07      0.74151431E-21
   20.000000000000         0.14887196E-06      0.67029217E-20      0.11237619E-07      0.18135404E-20
   21.000000000000         0.15361039E-06      0.72738565E-20      0.94768746E-08      0.11418697E-20
   22.000000000000         0.15770816E-06      0.81245852E-20      0.81955310E-08      0.17014574E-20
   23.000000000000         0.16106541E-06      0.87337772E-20      0.67144939E-08      0.12183839E-20
   24.000000000000         0.16352775E-06      0.95754069E-20      0.49246966E-08      0.16832594E-20
   25.000000000000         0.16511381E-06      0.10040566E-19      0.31721115E-08      0.93031828E-21
   26.000000000000         0.16607052E-06      0.10997898E-19      0.19134120E-08      0.19146632E-20
   27.000000000000         0.16677784E-06      0.11264844E-19      0.14146576E-08      0.53389197E-21
   28.000000000000         0.16757969E-06      0.11979708E-19      0.16037003E-08      0.14297286E-20
   29.000000000000         0.16863263E-06      0.12898162E-19      0.21058783E-08      0.18369082E-20
   30.000000000000         0.16985568E-06      0.14004386E-19      0.24460968E-08      0.22124482E-20
   31.000000000000         0.17101304E-06      0.14361340E-19      0.23147205E-08      0.71390715E-21
   32.000000000000         0.17189084E-06      0.14671454E-19      0.17556042E-08      0.62022895E-21
   33.000000000000         0.17244333E-06      0.15213670E-19      0.11049612E-08      0.10844324E-20
   34.000000000000         0.17278926E-06      0.15758459E-19      0.69186005E-09      0.10895764E-20
   35.000000000000         0.17307678E-06      0.16933390E-19      0.57504619E-09      0.23498636E-20
   36.000000000000         0.17336197E-06      0.17281012E-19      0.57037619E-09      0.69524389E-21
   37.000000000000         0.17361092E-06      0.17818912E-19      0.49791303E-09      0.10757987E-20
   38.000000000000         0.17378321E-06      0.18130209E-19      0.34457728E-09      0.62259417E-21
   39.000000000000         0.17388569E-06      0.18775380E-19      0.20494763E-09      0.12903422E-20
   40.000000000000         0.17395379E-06      0.19316536E-19      0.13620741E-09      0.10823127E-20
   41.000000000000         0.17400922E-06      0.20173385E-19      0.11086837E-09      0.17136971E-20
   42.000000000000         0.17405300E-06      0.20661770E-19      0.87554343E-10      0.97676964E-21
   43.000000000000         0.17408788E-06      0.21301128E-19      0.69764461E-10      0.12787164E-20
   44.000000000000         0.17412669E-06      0.21589865E-19      0.77618576E-10      0.57747405E-21
   45.000000000000         0.17417682E-06      0.21864760E-19      0.10025583E-09      0.54978935E-21
   46.000000000000         0.17423066E-06      0.22580050E-19      0.10767290E-09      0.14305816E-20
   47.000000000000         0.17427640E-06      0.22880962E-19      0.91492151E-10      0.60182418E-21
   48.000000000000         0.17431224E-06      0.23421821E-19      0.71683277E-10      0.10817182E-20
   49.000000000000         0.17434549E-06      0.23966493E-19      0.66488581E-10      0.10893438E-20
   50.000000000000         0.17437825E-06      0.24398985E-19      0.65514186E-10      0.86498394E-21
   51.000000000000         0.17440276E-06      0.25021894E-19      0.49020805E-10      0.12458166E-20
   52.000000000000         0.17441740E-06      0.24904989E-19      0.29279779E-10     -0.23380918E-21
   53.000000000000         0.17443911E-06      0.25271972E-19      0.43428331E-10      0.73396628E-21
   54.000000000000         0.17449105E-06      0.25866857E-19      0.10388384E-09      0.11897687E-20
   55.000000000000         0.17457770E-06      0.26158605E-19      0.17328681E-09      0.58349696E-21
   56.000000000000         0.17467624E-06      0.26616345E-19      0.19708469E-09      0.91548073E-21
   57.000000000000         0.17475598E-06      0.26703851E-19      0.15947842E-09      0.17501191E-21
   58.000000000000         0.17480453E-06      0.26982925E-19      0.97097300E-10      0.55814678E-21
   59.000000000000         0.17483321E-06      0.27408201E-19      0.57376515E-10      0.85055351E-21
   60.000000000000         0.17486018E-06      0.28227177E-19      0.53938654E-10      0.16379519E-20
   61.000000000000         0.17489342E-06      0.28413212E-19      0.66470567E-10      0.37206830E-21
   62.000000000000         0.17493014E-06      0.28146704E-19      0.73438467E-10     -0.53301592E-21
   63.000000000000         0.17496621E-06      0.28184663E-19      0.72143811E-10      0.75918257E-22
   64.000000000000         0.17500100E-06      0.28714810E-19      0.69582722E-10      0.10602955E-20
   65.000000000000         0.17503460E-06      0.28882172E-19      0.67200787E-10      0.33472239E-21
   66.000000000000         0.17506562E-06      0.28832986E-19      0.62035657E-10     -0.98371283E-22
   67.000000000000         0.17509394E-06      0.29297971E-19      0.56637837E-10      0.92996931E-21
   68.000000000000         0.17512214E-06      0.29347197E-19      0.56413412E-10      0.98452466E-22
   69.000000000000         0.17515182E-06      0.29741488E-19      0.59359058E-10      0.78858282E-21
   70.000000000000         0.17518006E-06      0.30013076E-19      0.56477268E-10      0.54317514E-21
   71.000000000000         0.17520212E-06      0.30076148E-19      0.44122889E-10      0.12614363E-21
   72.000000000000         0.17521696E-06      0.30826463E-19      0.29673112E-10      0.15006302E-20
   73.000000000000         0.17522955E-06      0.31710066E-19      0.25175235E-10      0.17672053E-20
   74.000000000000         0.17524698E-06      0.31859838E-19      0.34859878E-10      0.29954460E-21
   75.000000000000         0.17527060E-06      0.32070965E-19      0.47251351E-10      0.42225490E-21
   76.000000000000         0.17529401E-06      0.32586410E-19      0.46803005E-10      0.10308886E-20
   77.000000000000         0.17531020E-06      0.32891624E-19      0.32383139E-10      0.61042880E-21
   78.000000000000         0.17532023E-06      0.33237935E-19      0.20065720E-10      0.69262179E-21
   79.000000000000         0.17533449E-06      0.33548243E-19      0.28518686E-10      0.62061669E-21
   80.000000000000         0.17536593E-06      0.33978402E-19      0.62875309E-10      0.86031812E-21
   81.000000000000         0.17542043E-06      0.34624591E-19      0.10901230E-09      0.12923778E-20
   82.000000000000         0.17549061E-06      0.35332683E-19      0.14035740E-09      0.14161835E-20
   83.000000000000         0.17556001E-06      0.35485808E-19      0.13878785E-09      0.30624928E-21
   84.000000000000         0.17561611E-06      0.36072927E-19      0.11221064E-09      0.11742396E-20
   85.000000000000         0.17565926E-06      0.36761706E-19      0.86296753E-10      0.13775580E-20
   86.000000000000         0.17569827E-06      0.36873456E-19      0.78011049E-10      0.22349891E-21
   87.000000000000         0.17573880E-06      0.37175757E-19      0.81060791E-10      0.60460299E-21
   88.000000000000         0.17577837E-06      0.37703084E-19      0.79140705E-10      0.10546539E-20
   89.000000000000         0.17581373E-06      0.37773976E-19      0.70730401E-10      0.14178251E-21
   90.000000000000         0.17584745E-06      0.38183966E-19      0.67440210E-10      0.81998014E-21
   91.000000000000         0.17588310E-06      0.38585264E-19      0.71302214E-10      0.80259643E-21
   92.000000000000         0.17591753E-06      0.39106083E-19      0.68859719E-10      0.10416387E-20
   93.000000000000         0.17594372E-06      0.39304057E-19      0.52377514E-10      0.39594668E-21
   94.000000000000         0.17595922E-06      0.39414875E-19      0.30992797E-10      0.22163614E-21
   95.000000000000         0.17596815E-06      0.39434040E-19      0.17859154E-10      0.38330007E-22
   96.000000000000         0.17597868E-06      0.40256082E-19      0.21065135E-10      0.16440847E-20
   97.000000000000         0.17600197E-06      0.40657374E-19      0.46583513E-10      0.80258350E-21
   98.000000000000         0.17605078E-06      0.40556082E-19      0.97611782E-10     -0.20258312E-21
   99.000000000000         0.17613385E-06      0.41054445E-19      0.16615576E-09      0.99672538E-21
  100.000000000000         0.17624794E-06      0.41424905E-19      0.22817755E-09      0.74091977E-21
  101.000000000000         0.17637484E-06      0.41662408E-19      0.25378417E-09      0.47500705E-21
  102.000000000000         0.17648942E-06      0.42357908E-19      0.22917281E-09      0.13909997E-20
  103.000000000000         0.17657407E-06      0.42800239E-19      0.16929402E-09      0.88466179E-21
  104.000000000000         0.17662751E-06      0.43427503E-19      0.10688409E-09      0.12545278E-20
  105.000000000000         0.17666310E-06      0.43622662E-19      0.71168975E-10      0.39031798E-21
  106.000000000000         0.17669814E-06      0.43976892E-19      0.70083056E-10      0.70845939E-21
  107.000000000000         0.17674108E-06      0.44436454E-19      0.85877060E-10      0.91912549E-21
  108.000000000000         0.17678726E-06      0.44717462E-19      0.92373667E-10      0.56201611E-21
  109.000000000000         0.17682745E-06      0.45038427E-19      0.80373849E-10      0.64192952E-21
  110.000000000000         0.17685917E-06      0.45613611E-19      0.63434666E-10      0.11503677E-20
  111.000000000000         0.17688820E-06      0.45677894E-19      0.58057585E-10      0.12856701E-21
  112.000000000000         0.17691930E-06      0.46531525E-19      0.62209762E-10      0.17072606E-20
  113.000000000000         0.17694862E-06      0.46603902E-19      0.58643117E-10      0.14475519E-21
  114.000000000000         0.17696843E-06      0.47279437E-19      0.39620957E-10      0.13510697E-20
  115.000000000000         0.17697874E-06      0.47913734E-19      0.20617410E-10      0.12685931E-20
  116.000000000000         0.17699117E-06      0.48423570E-19      0.24855913E-10      0.10196732E-20
  117.000000000000         0.17702083E-06      0.48987061E-19      0.59329171E-10      0.11269805E-20
  118.000000000000         0.17707680E-06      0.49521593E-19      0.11193680E-09      0.10690649E-20
  119.000000000000         0.17715900E-06      0.49706248E-19      0.16440038E-09      0.36930888E-21
  120.000000000000         0.17725925E-06      0.50093884E-19      0.20049126E-09      0.77527362E-21
  121.000000000000         0.17736405E-06      0.50337618E-19      0.20959412E-09      0.48746646E-21
  122.000000000000         0.17745890E-06      0.50695424E-19      0.18970002E-09      0.71561321E-21
  123.000000000000         0.17753340E-06      0.51140004E-19      0.14901306E-09      0.88915958E-21
  124.000000000000         0.17758614E-06      0.52014256E-19      0.10546968E-09      0.17485033E-20
  125.000000000000         0.17762565E-06      0.52811447E-19      0.79031494E-10      0.15943828E-20
  126.000000000000         0.17766515E-06      0.52777173E-19      0.79000252E-10     -0.68547545E-22
  127.000000000000         0.17771345E-06      0.52920158E-19      0.96598926E-10      0.28597043E-21
  128.000000000000         0.17776953E-06      0.53922985E-19      0.11216234E-09      0.20056531E-20
  129.000000000000         0.17782451E-06      0.54259576E-19      0.10995579E-09      0.67318143E-21
  130.000000000000         0.17786905E-06      0.54423557E-19      0.89079460E-10      0.32796277E-21
  131.000000000000         0.17790038E-06      0.55159695E-19      0.62649144E-10      0.14722767E-20
  132.000000000000         0.17792217E-06      0.55782785E-19      0.43597524E-10      0.12461785E-20
  133.000000000000         0.17793894E-06      0.56153703E-19      0.33524415E-10      0.74183742E-21
  134.000000000000         0.17795229E-06      0.56964974E-19      0.26716268E-10      0.16225408E-20
  135.000000000000         0.17796217E-06      0.57099922E-19      0.19748708E-10      0.26989696E-21
  136.000000000000         0.17797003E-06      0.57740544E-19      0.15724553E-10      0.12812432E-20
  137.000000000000         0.17797980E-06      0.57659320E-19      0.19537588E-10     -0.16244870E-21
  138.000000000000         0.17799612E-06      0.58007316E-19      0.32643467E-10      0.69599352E-21
  139.000000000000         0.17802276E-06      0.58167743E-19      0.53275511E-10      0.32085419E-21
  140.000000000000         0.17806188E-06      0.58992325E-19      0.78240497E-10      0.16491641E-20
  141.000000000000         0.17811259E-06      0.59061349E-19      0.10142058E-09      0.13804728E-21
  142.000000000000         0.17816847E-06      0.59080270E-19      0.11176474E-09      0.37842099E-22
  143.000000000000         0.17821791E-06      0.59574633E-19      0.98873135E-10      0.98872499E-21
  144.000000000000         0.17825049E-06      0.59782054E-19      0.65157103E-10      0.41484259E-21
  145.000000000000         0.17826538E-06      0.60480348E-19      0.29784943E-10      0.13965880E-20
  146.000000000000         0.17827458E-06      0.61160451E-19      0.18404733E-10      0.13602066E-20
  147.000000000000         0.17829616E-06      0.61386898E-19      0.43152818E-10      0.45289290E-21
  148.000000000000         0.17834034E-06      0.61542840E-19      0.88368742E-10      0.31188445E-21
  149.000000000000         0.17839953E-06      0.61971222E-19      0.11838251E-09      0.85676383E-21
  150.000000000000         0.17845310E-06      0.62386537E-19      0.10712378E-09      0.83063009E-21
  151.000000000000         0.17848485E-06      0.63058569E-19      0.63501592E-10      0.13440637E-20
  152.000000000000         0.17849626E-06      0.63093395E-19      0.22826492E-10      0.69653010E-22
  153.000000000000         0.17850328E-06      0.63675904E-19      0.14044608E-10      0.11650179E-20
  154.000000000000         0.17852068E-06      0.64415894E-19      0.34787887E-10      0.14799798E-20
  155.000000000000         0.17854951E-06      0.64564889E-19      0.57664821E-10      0.29799040E-21
  156.000000000000         0.17857944E-06      0.64728241E-19      0.59860055E-10      0.32670262E-21
  157.000000000000         0.17860046E-06      0.65172849E-19      0.42040973E-10      0.88921774E-21
  158.000000000000         0.17861153E-06      0.65236359E-19      0.22149529E-10      0.12701928E-21
  159.000000000000         0.17862015E-06      0.65598137E-19      0.17234030E-10      0.72355544E-21
  160.000000000000         0.17863515E-06      0.66018586E-19      0.29993871E-10      0.84089876E-21
  161.000000000000         0.17865905E-06      0.65674860E-19      0.47806331E-10     -0.68745313E-21
  162.000000000000         0.17868650E-06      0.66358795E-19      0.54902394E-10      0.13678710E-20
  163.000000000000         0.17870987E-06      0.66762501E-19      0.46727146E-10      0.80741087E-21
  164.000000000000         0.17872533E-06      0.66894454E-19      0.30937954E-10      0.26390636E-21
  165.000000000000         0.17873403E-06      0.66478857E-19      0.17388146E-10     -0.83119434E-21
  166.000000000000         0.17874029E-06      0.66898908E-19      0.12518225E-10      0.84010228E-21
  167.000000000000         0.17874930E-06      0.67624284E-19      0.18030461E-10      0.14507522E-20
  168.000000000000         0.17876424E-06      0.67346152E-19      0.29875451E-10     -0.55626422E-21
  169.000000000000         0.17878452E-06      0.67443096E-19      0.40563728E-10      0.19388843E-21
  170.000000000000         0.17880706E-06      0.68463054E-19      0.45080229E-10      0.20399164E-20
  171.000000000000         0.17882899E-06      0.68788413E-19      0.43849262E-10      0.65071831E-21
  172.000000000000         0.17884905E-06      0.69390913E-19      0.40128504E-10      0.12050004E-20
  173.000000000000         0.17886741E-06      0.69881676E-19      0.36721444E-10      0.98152593E-21
  174.000000000000         0.17888490E-06      0.70154255E-19      0.34982725E-10      0.54515746E-21
  175.000000000000         0.17890269E-06      0.70102224E-19      0.35573441E-10     -0.10406300E-21
  176.000000000000         0.17892209E-06      0.69889956E-19      0.38796673E-10     -0.42453571E-21
  177.000000000000         0.17894394E-06      0.70478685E-19      0.43709159E-10      0.11774579E-20
  178.000000000000         0.17896776E-06      0.70939378E-19      0.47623220E-10      0.92138732E-21
  179.000000000000         0.17899158E-06      0.71098242E-19      0.47646140E-10      0.31772641E-21
  180.000000000000         0.17901335E-06      0.71564873E-19      0.43546921E-10      0.93326188E-21
  181.000000000000         0.17903327E-06      0.72212329E-19      0.39842726E-10      0.12949127E-20
  182.000000000000         0.17905450E-06      0.72503505E-19      0.42449979E-10      0.58235312E-21
  183.000000000000         0.17908013E-06      0.72650885E-19      0.51257517E-10      0.29475923E-21
  184.000000000000         0.17910920E-06      0.73270927E-19      0.58137685E-10      0.12400845E-20
  185.000000000000         0.17913640E-06      0.74409441E-19      0.54411292E-10      0.22770265E-20
  186.000000000000         0.17915634E-06      0.74775852E-19      0.39872654E-10      0.73282245E-21
  187.000000000000         0.17916776E-06      0.74977935E-19      0.22842220E-10      0.40416679E-21
  188.000000000000         0.17917411E-06      0.75921979E-19      0.12710434E-10      0.18880868E-20
  189.000000000000         0.17918049E-06      0.76443706E-19      0.12744766E-10      0.10434546E-20
  190.000000000000         0.17918898E-06      0.76815400E-19      0.16979180E-10      0.74338839E-21
  191.000000000000         0.17919671E-06      0.77473304E-19      0.15463735E-10      0.13158071E-20
  192.000000000000         0.17920016E-06      0.78024738E-19      0.69051704E-11      0.11028678E-20
  193.000000000000         0.17920233E-06      0.78876859E-19      0.43307269E-11      0.17042427E-20
  194.000000000000         0.17921312E-06      0.79638204E-19      0.21590624E-10      0.15226895E-20
  195.000000000000         0.17924046E-06      0.80062540E-19      0.54677149E-10      0.84867297E-21
  196.000000000000         0.17928079E-06      0.79821009E-19      0.80666197E-10     -0.48306197E-21
  197.000000000000         0.17931976E-06      0.79894356E-19      0.77939007E-10      0.14669390E-21
  198.000000000000         0.17934399E-06      0.80527008E-19      0.48447617E-10      0.12653038E-20
  199.000000000000         0.17935292E-06      0.80878336E-19      0.17875033E-10      0.70265620E-21
  200.000000000000         0.17935966E-06      0.81028372E-19      0.13471732E-10      0.30007128E-21
  201.000000000000         0.17938125E-06      0.81239031E-19      0.43188259E-10      0.42131786E-21
  202.000000000000         0.17942620E-06      0.81834833E-19      0.89893959E-10      0.11916040E-20
  203.000000000000         0.17948794E-06      0.81950792E-19      0.12347620E-09      0.23191935E-21
  204.000000000000         0.17954958E-06      0.82377565E-19      0.12328014E-09      0.85354558E-21
  205.000000000000         0.17959619E-06      0.82946167E-19      0.93221396E-10      0.11372039E-20
  206.000000000000         0.17962410E-06      0.83808824E-19      0.55815329E-10      0.17253132E-20
  207.000000000000         0.17964029E-06      0.83865785E-19      0.32380097E-10      0.11392333E-21
  208.000000000000         0.17965462E-06      0.84245716E-19      0.28661931E-10      0.75986091E-21
  209.000000000000         0.17967184E-06      0.84853770E-19      0.34451525E-10      0.12161092E-20
  210.000000000000         0.17968951E-06      0.85153978E-19      0.35332557E-10      0.60041539E-21
  211.000000000000         0.17970287E-06      0.85751913E-19      0.26728300E-10      0.11958691E-20
  212.000000000000         0.17971163E-06      0.86061562E-19      0.17507961E-10      0.61929837E-21
  213.000000000000         0.17972248E-06      0.86374675E-19      0.21706815E-10      0.62622601E-21
  214.000000000000         0.17974462E-06      0.86801548E-19      0.44273307E-10      0.85374591E-21
  215.000000000000         0.17978131E-06      0.87311782E-19      0.73392393E-10      0.10204680E-20
  216.000000000000         0.17982537E-06      0.87962404E-19      0.88111229E-10      0.13012442E-20
  217.000000000000         0.17986384E-06      0.88563521E-19      0.76941627E-10      0.12022345E-20
  218.000000000000         0.17988833E-06      0.89323951E-19      0.48982734E-10      0.15208606E-20
  219.000000000000         0.17990149E-06      0.89627354E-19      0.26320679E-10      0.60680504E-21
  220.000000000000         0.17991522E-06      0.89859342E-19      0.27452556E-10      0.46397582E-21
  221.000000000000         0.17994260E-06      0.90315299E-19      0.54755309E-10      0.91191351E-21
  222.000000000000         0.17998889E-06      0.90671858E-19      0.92591385E-10      0.71311875E-21
  223.000000000000         0.18004784E-06      0.91188118E-19      0.11789462E-09      0.10325203E-20
  224.000000000000         0.18010578E-06      0.92099635E-19      0.11587272E-09      0.18230336E-20
  225.000000000000         0.18015016E-06      0.92693547E-19      0.88761668E-10      0.11878235E-20
  226.000000000000         0.18017684E-06      0.93359262E-19      0.53359240E-10      0.13314298E-20
  227.000000000000         0.18019135E-06      0.93726080E-19      0.29018574E-10      0.73363670E-21
  228.000000000000         0.18020335E-06      0.94222517E-19      0.24013541E-10      0.99287382E-21
  229.000000000000         0.18021946E-06      0.94684370E-19      0.32209833E-10      0.92370730E-21
  230.000000000000         0.18024053E-06      0.95429210E-19      0.42150150E-10      0.14896798E-20
  231.000000000000         0.18026314E-06      0.95890143E-19      0.45215897E-10      0.92186553E-21
  232.000000000000         0.18028281E-06      0.96218976E-19      0.39346032E-10      0.65766533E-21
  233.000000000000         0.18029805E-06      0.96950967E-19      0.30481487E-10      0.14639823E-20
  234.000000000000         0.18031200E-06      0.97885822E-19      0.27889992E-10      0.18697111E-20
  235.000000000000         0.18032973E-06      0.97924163E-19      0.35455714E-10      0.76680814E-22
  236.000000000000         0.18035365E-06      0.98069830E-19      0.47839437E-10      0.29133418E-21
  237.000000000000         0.18038082E-06      0.98175556E-19      0.54356322E-10      0.21145309E-21
  238.000000000000         0.18040455E-06      0.98393818E-19      0.47440426E-10      0.43652377E-21
  239.000000000000         0.18041990E-06      0.98833605E-19      0.30711892E-10      0.87957269E-21
  240.000000000000         0.18042853E-06      0.99040068E-19      0.17249900E-10      0.41292650E-21
  241.000000000000         0.18043745E-06      0.99797219E-19      0.17840032E-10      0.15143013E-20
  242.000000000000         0.18045401E-06      0.10033642E-18      0.33125059E-10      0.10784030E-20
  243.000000000000         0.18048172E-06      0.10064598E-18      0.55427002E-10      0.61911743E-21
  244.000000000000         0.18051826E-06      0.10129939E-18      0.73066141E-10      0.13068147E-20
  245.000000000000         0.18055639E-06      0.10170609E-18      0.76272539E-10      0.81340147E-21
  246.000000000000         0.18058878E-06      0.10233074E-18      0.64776724E-10      0.12492998E-20
  247.000000000000         0.18061214E-06      0.10345973E-18      0.46725001E-10      0.22579884E-20
  248.000000000000         0.18062795E-06      0.10401943E-18      0.31616710E-10      0.11193969E-20
  249.000000000000         0.18064124E-06      0.10474256E-18      0.26580968E-10      0.14462593E-20
  250.000000000000         0.18065823E-06      0.10492395E-18      0.33976240E-10      0.36278837E-21
  251.000000000000         0.18068272E-06      0.10575825E-18      0.48979646E-10      0.16685834E-20
  252.000000000000         0.18071370E-06      0.10655720E-18      0.61962140E-10      0.15979047E-20
  253.000000000000         0.18074595E-06      0.10757923E-18      0.64496726E-10      0.20440588E-20
  254.000000000000         0.18077339E-06      0.10756198E-18      0.54885741E-10     -0.34490968E-22
  255.000000000000         0.18079366E-06      0.10816348E-18      0.40547064E-10      0.12029874E-20
  256.000000000000         0.18080983E-06      0.10923840E-18      0.32332391E-10      0.21498539E-20
  257.000000000000         0.18082657E-06      0.10934942E-18      0.33474145E-10      0.22204488E-21
  258.000000000000         0.18084549E-06      0.10988864E-18      0.37847656E-10      0.10784353E-20
  259.000000000000         0.18086497E-06      0.11047812E-18      0.38958472E-10      0.11789507E-20
  260.000000000000         0.18088281E-06      0.11106592E-18      0.35671866E-10      0.11755967E-20
  261.000000000000         0.18089864E-06      0.11175785E-18      0.31666949E-10      0.13838718E-20
  262.000000000000         0.18091466E-06      0.11217197E-18      0.32039053E-10      0.82823902E-21
  263.000000000000         0.18093384E-06      0.11238791E-18      0.38355009E-10      0.43187734E-21
  264.000000000000         0.18095682E-06      0.11304782E-18      0.45973127E-10      0.13198105E-20
  265.000000000000         0.18098092E-06      0.11315075E-18      0.48195467E-10      0.20586316E-21
  266.000000000000         0.18100260E-06      0.11305000E-18      0.43362847E-10     -0.20149744E-21
  267.000000000000         0.18102091E-06      0.11289124E-18      0.36615915E-10     -0.31752245E-21
  268.000000000000         0.18103811E-06      0.11346884E-18      0.34392616E-10      0.11552080E-20
  269.000000000000         0.18105667E-06      0.11378547E-18      0.37123425E-10      0.63326351E-21
  270.000000000000         0.18107618E-06      0.11413232E-18      0.39012999E-10      0.69368647E-21
  271.000000000000         0.18109384E-06      0.11471451E-18      0.35321144E-10      0.11643942E-20
  272.000000000000         0.18110729E-06      0.11495907E-18      0.26900171E-10      0.48911113E-21
  273.000000000000         0.18111606E-06      0.11515998E-18      0.17536984E-10      0.40183146E-21
  274.000000000000         0.18112126E-06      0.11594893E-18      0.10410923E-10      0.15778965E-20
  275.000000000000         0.18112499E-06      0.11638142E-18      0.74518158E-11      0.86498394E-21
  276.000000000000         0.18112929E-06      0.11670767E-18      0.86112742E-11      0.65249546E-21
  277.000000000000         0.18113515E-06      0.11760446E-18      0.11722158E-10      0.17935750E-20
  278.000000000000         0.18114215E-06      0.11802832E-18      0.13984704E-10      0.84771977E-21
  279.000000000000         0.18114897E-06      0.11839704E-18      0.13642557E-10      0.73744464E-21
  280.000000000000         0.18115437E-06      0.11896234E-18      0.10805469E-10      0.11305945E-20
  281.000000000000         0.18115791E-06      0.11935748E-18      0.70773220E-11      0.79028727E-21
  282.000000000000         0.18116026E-06      0.11977067E-18      0.47051421E-11      0.82637302E-21
  283.000000000000         0.18116291E-06      0.11987481E-18      0.52953290E-11      0.20827523E-21
  284.000000000000         0.18116709E-06      0.12005958E-18      0.83728317E-11      0.36954153E-21
  285.000000000000         0.18117298E-06      0.12035775E-18      0.11774948E-10      0.59635380E-21
  286.000000000000         0.18117984E-06      0.12071671E-18      0.13709718E-10      0.71790250E-21
  287.000000000000         0.18118713E-06      0.12174143E-18      0.14591568E-10      0.20494549E-20
  288.000000000000         0.18119543E-06      0.12232337E-18      0.16599600E-10      0.11638667E-20
  289.000000000000         0.18120575E-06      0.12296884E-18      0.20628329E-10      0.12909464E-20
  290.000000000000         0.18121796E-06      0.12322254E-18      0.24416350E-10      0.50739311E-21
  291.000000000000         0.18123006E-06      0.12392298E-18      0.24219214E-10      0.14008839E-20
  292.000000000000         0.18123934E-06      0.12439708E-18      0.18544184E-10      0.94821252E-21
  293.000000000000         0.18124445E-06      0.12494317E-18      0.10230335E-10      0.10921646E-20
  294.000000000000         0.18124658E-06      0.12538826E-18      0.42628454E-11      0.89018063E-21
  295.000000000000         0.18124798E-06      0.12585190E-18      0.27958255E-11      0.92729229E-21
  296.000000000000         0.18124966E-06      0.12617793E-18      0.33611852E-11      0.65204632E-21
  297.000000000000         0.18125097E-06      0.12637208E-18      0.26149812E-11      0.38831465E-21
  298.000000000000         0.18125128E-06      0.12698504E-18      0.61750267E-12      0.12259061E-20
  299.000000000000         0.18125169E-06      0.12747956E-18      0.82572185E-12      0.98904487E-21
  300.000000000000         0.18125459E-06      0.12784552E-18      0.57910086E-11      0.73192418E-21
  301.000000000000         0.18126112E-06      0.12800685E-18      0.13075410E-10      0.32266365E-21
  302.000000000000         0.18126920E-06      0.12823840E-18      0.16157768E-10      0.46310341E-21
  303.000000000000         0.18127479E-06      0.12863745E-18      0.11175231E-10      0.79809217E-21
  304.000000000000         0.18127609E-06      0.12931577E-18      0.25933691E-11      0.13566297E-20
  305.000000000000         0.18127653E-06      0.12993836E-18      0.87963838E-12      0.12451962E-20
  306.000000000000         0.18128293E-06      0.13041623E-18      0.12796496E-10      0.95572824E-21
  307.000000000000         0.18129962E-06      0.13092968E-18      0.33397776E-10      0.10269045E-20
  308.000000000000         0.18132411E-06      0.13139668E-18      0.48971860E-10      0.93400182E-21
  309.000000000000         0.18134847E-06      0.13141284E-18      0.48725898E-10      0.32310329E-22
  310.000000000000         0.18136505E-06      0.13150652E-18      0.33154097E-10      0.18736146E-21
  311.000000000000         0.18137176E-06      0.13184143E-18      0.13415573E-10      0.66981778E-21
  312.000000000000         0.18137357E-06      0.13244108E-18      0.36168565E-11      0.11993071E-20
  313.000000000000         0.18137845E-06      0.13315732E-18      0.97722473E-11      0.14324880E-20
  314.000000000000         0.18139053E-06      0.13286265E-18      0.24153661E-10     -0.58934175E-21
  315.000000000000         0.18140694E-06      0.13353928E-18      0.32829571E-10      0.13532467E-20
  316.000000000000         0.18142157E-06      0.13371667E-18      0.29260958E-10      0.35478152E-21
  317.000000000000         0.18143126E-06      0.13438099E-18      0.19369023E-10      0.13286445E-20
  318.000000000000         0.18143826E-06      0.13493054E-18      0.14008869E-10      0.10990954E-20
  319.000000000000         0.18144728E-06      0.13543309E-18      0.18042365E-10      0.10051070E-20
  320.000000000000         0.18146084E-06      0.13564893E-18      0.27115021E-10      0.43167054E-21
  321.000000000000         0.18147752E-06      0.13627869E-18      0.33351962E-10      0.12595297E-20
  322.000000000000         0.18149375E-06      0.13657247E-18      0.32462733E-10      0.58755532E-21
  323.000000000000         0.18150688E-06      0.13697430E-18      0.26264341E-10      0.80365948E-21
  324.000000000000         0.18151717E-06      0.13710021E-18      0.20576677E-10      0.25182338E-21
  325.000000000000         0.18152810E-06      0.13752074E-18      0.21850788E-10      0.84105386E-21
  326.000000000000         0.18154421E-06      0.13802691E-18      0.32238193E-10      0.10123513E-20
  327.000000000000         0.18156773E-06      0.13847815E-18      0.47035465E-10      0.90247848E-21
  328.000000000000         0.18159687E-06      0.13923674E-18      0.58274852E-10      0.15171868E-20
  329.000000000000         0.18162688E-06      0.13944076E-18      0.60023898E-10      0.40803774E-21
  330.000000000000         0.18165261E-06      0.13978518E-18      0.51463972E-10      0.68883647E-21
  331.000000000000         0.18167113E-06      0.14019192E-18      0.37037852E-10      0.81347013E-21
  332.000000000000         0.18168332E-06      0.14081859E-18      0.24384156E-10      0.12533485E-20
  333.000000000000         0.18169357E-06      0.14140772E-18      0.20490870E-10      0.11782503E-20
  334.000000000000         0.18170731E-06      0.14201334E-18      0.27487271E-10      0.12112398E-20
  335.000000000000         0.18172778E-06      0.14251139E-18      0.40933288E-10      0.99609853E-21
  336.000000000000         0.18175378E-06      0.14284023E-18      0.51994976E-10      0.65768472E-21
  337.000000000000         0.18178010E-06      0.14307414E-18      0.52653885E-10      0.46782092E-21
  338.000000000000         0.18180100E-06      0.14337660E-18      0.41795479E-10      0.60491965E-21
  339.000000000000         0.18181441E-06      0.14394582E-18      0.26805707E-10      0.11384511E-20
  340.000000000000         0.18182345E-06      0.14400731E-18      0.18083024E-10      0.12297869E-21
  341.000000000000         0.18183408E-06      0.14410038E-18      0.21264705E-10      0.18612715E-21
  342.000000000000         0.18185073E-06      0.14444490E-18      0.33301569E-10      0.68904004E-21
  343.000000000000         0.18187283E-06      0.14518591E-18      0.44204786E-10      0.14820348E-20
  344.000000000000         0.18189499E-06      0.14597513E-18      0.44316857E-10      0.15784401E-20
  345.000000000000         0.18191166E-06      0.14593991E-18      0.33328453E-10     -0.70441013E-22
  346.000000000000         0.18192217E-06      0.14642561E-18      0.21038052E-10      0.97138651E-21
  347.000000000000         0.18193143E-06      0.14699532E-18      0.18509157E-10      0.11394205E-20
  348.000000000000         0.18194598E-06      0.14736192E-18      0.29108551E-10      0.73320373E-21
  349.000000000000         0.18196893E-06      0.14770615E-18      0.45896050E-10      0.68845843E-21
  350.000000000000         0.18199715E-06      0.14830576E-18      0.56442262E-10      0.11992166E-20
  351.000000000000         0.18202343E-06      0.14812756E-18      0.52552545E-10     -0.35639994E-21
  352.000000000000         0.18204223E-06      0.14849820E-18      0.37608409E-10      0.74129459E-21
  353.000000000000         0.18205409E-06      0.14886714E-18      0.23709782E-10      0.73786954E-21
  354.000000000000         0.18206532E-06      0.14888673E-18      0.22469461E-10      0.39192730E-22
  355.000000000000         0.18208334E-06      0.14926434E-18      0.36040626E-10      0.75521449E-21
  356.000000000000         0.18211020E-06      0.14945728E-18      0.53720878E-10      0.38587834E-21
  357.000000000000         0.18214011E-06      0.14979861E-18      0.59813953E-10      0.68265524E-21
  358.000000000000         0.18216421E-06      0.15034337E-18      0.48203880E-10      0.10895312E-20
  359.000000000000         0.18217816E-06      0.15096182E-18      0.27886680E-10      0.12368856E-20
  360.000000000000         0.18218550E-06      0.15112704E-18      0.14696615E-10      0.33044109E-21
  361.000000000000         0.18219471E-06      0.15167445E-18      0.18418083E-10      0.10948303E-20
  362.000000000000         0.18221232E-06      0.15235305E-18      0.35219110E-10      0.13571952E-20
  363.000000000000         0.18223773E-06      0.15332323E-18      0.50824672E-10      0.19403575E-20
  364.000000000000         0.18226399E-06      0.15383082E-18      0.52502121E-10      0.10151818E-20
  365.000000000000         0.18228358E-06      0.15506150E-18      0.39183040E-10      0.24613650E-20
  366.000000000000         0.18229432E-06      0.15518760E-18      0.21489903E-10      0.25219982E-21
  367.000000000000         0.18230113E-06      0.15544925E-18      0.13609835E-10      0.52329372E-21
  368.000000000000         0.18231223E-06      0.15589160E-18      0.22212169E-10      0.88469410E-21
  369.000000000000         0.18233214E-06      0.15610414E-18      0.39817166E-10      0.42509187E-21
  370.000000000000         0.18235795E-06      0.15654260E-18      0.51609805E-10      0.87690697E-21
  371.000000000000         0.18238282E-06      0.15654096E-18      0.49751316E-10     -0.32648996E-23
  372.000000000000         0.18240223E-06      0.15735163E-18      0.38814616E-10      0.16213275E-20
  373.000000000000         0.18241713E-06      0.15813459E-18      0.29809211E-10      0.15659193E-20
  374.000000000000         0.18243229E-06      0.15813326E-18      0.30317636E-10     -0.26477454E-23
  375.000000000000         0.18245147E-06      0.15804124E-18      0.38357886E-10     -0.18403618E-21
  376.000000000000         0.18247397E-06      0.15861927E-18      0.44986948E-10      0.11560481E-20
  377.000000000000         0.18249521E-06      0.15922023E-18      0.42481440E-10      0.12019179E-20
  378.000000000000         0.18251052E-06      0.15967480E-18      0.30625651E-10      0.90914117E-21
  379.000000000000         0.18251891E-06      0.16014349E-18      0.16775708E-10      0.93737921E-21
  380.000000000000         0.18252388E-06      0.16071775E-18      0.99457508E-11      0.11485292E-20
  381.000000000000         0.18253049E-06      0.16094643E-18      0.13214456E-10      0.45735515E-21
  382.000000000000         0.18254120E-06      0.16113570E-18      0.21433556E-10      0.37853711E-21
  383.000000000000         0.18255454E-06      0.16168381E-18      0.26675352E-10      0.10962132E-20
  384.000000000000         0.18256692E-06      0.16235566E-18      0.24760886E-10      0.13437066E-20
  385.000000000000         0.18257565E-06      0.16225017E-18      0.17449594E-10     -0.21097448E-21
  386.000000000000         0.18258072E-06      0.16270281E-18      0.10149544E-10      0.90527749E-21
  387.000000000000         0.18258440E-06      0.16343809E-18      0.73514429E-11      0.14705561E-20
  388.000000000000         0.18258917E-06      0.16385544E-18      0.95450066E-11      0.83471107E-21
  389.000000000000         0.18259609E-06      0.16400079E-18      0.13841562E-10      0.29070087E-21
  390.000000000000         0.18260448E-06      0.16433546E-18      0.16772400E-10      0.66933795E-21
  391.000000000000         0.18261277E-06      0.16448521E-18      0.16579314E-10      0.29949532E-21
  392.000000000000         0.18261968E-06      0.16495139E-18      0.13828252E-10      0.93236240E-21
  393.000000000000         0.18262484E-06      0.16545679E-18      0.10309423E-10      0.10107996E-20
  394.000000000000         0.18262855E-06      0.16569234E-18      0.74223110E-11      0.47110501E-21
  395.000000000000         0.18263134E-06      0.16649730E-18      0.55881020E-11      0.16099150E-20
  396.000000000000         0.18263367E-06      0.16664517E-18      0.46543017E-11      0.29573585E-21
  397.000000000000         0.18263584E-06      0.16731949E-18      0.43416796E-11      0.13486406E-20
  398.000000000000         0.18263795E-06      0.16778937E-18      0.42137635E-11      0.93976866E-21
  399.000000000000         0.18263984E-06      0.16783947E-18      0.37857234E-11      0.10018922E-21
  400.000000000000         0.18264134E-06      0.16819455E-18      0.30041632E-11      0.71015899E-21
  401.000000000000         0.18264255E-06      0.16792320E-18      0.24203159E-11     -0.54269086E-21
  402.000000000000         0.18264395E-06      0.16834054E-18      0.28020965E-11      0.83467068E-21
  403.000000000000         0.18264613E-06      0.16894372E-18      0.43505003E-11      0.12063623E-20
  404.000000000000         0.18264915E-06      0.16933219E-18      0.60547359E-11      0.77693605E-21
  405.000000000000         0.18265240E-06      0.17007538E-18      0.64844327E-11      0.14863840E-20
  406.000000000000         0.18265484E-06      0.17042501E-18      0.48801724E-11      0.69925539E-21
  407.000000000000         0.18265583E-06      0.17061260E-18      0.19857211E-11      0.37518800E-21
  408.000000000000         0.18265631E-06      0.17090797E-18      0.96184568E-12      0.59073641E-21
  409.000000000000         0.18265908E-06      0.17128224E-18      0.55470605E-11      0.74854211E-21
  410.000000000000         0.18266671E-06      0.17196911E-18      0.15257750E-10      0.13737388E-20
  411.000000000000         0.18267892E-06      0.17171193E-18      0.24405713E-10     -0.51435912E-21
  412.000000000000         0.18269250E-06      0.17225233E-18      0.27160144E-10      0.10808070E-20
  413.000000000000         0.18270365E-06      0.17261432E-18      0.22302751E-10      0.72396257E-21
  414.000000000000         0.18271058E-06      0.17291591E-18      0.13871566E-10      0.60318127E-21
  415.000000000000         0.18271468E-06      0.17288194E-18      0.82037304E-11     -0.67933621E-22
  416.000000000000         0.18271916E-06      0.17306912E-18      0.89445253E-11      0.37436890E-21
  417.000000000000         0.18272630E-06      0.17294950E-18      0.14288825E-10     -0.23925048E-21
  418.000000000000         0.18273601E-06      0.17381696E-18      0.19414418E-10      0.17349324E-20
  419.000000000000         0.18274636E-06      0.17449994E-18      0.20694769E-10      0.13659452E-20
  420.000000000000         0.18275571E-06      0.17470750E-18      0.18702491E-10      0.41513339E-21
  421.000000000000         0.18276460E-06      0.17482643E-18      0.17781826E-10      0.23784532E-21
  422.000000000000         0.18277481E-06      0.17538945E-18      0.20426116E-10      0.11260499E-20
  423.000000000000         0.18278660E-06      0.17597941E-18      0.23580463E-10      0.11799265E-20
  424.000000000000         0.18279812E-06      0.17652700E-18      0.23041153E-10      0.10951663E-20
  425.000000000000         0.18280751E-06      0.17672372E-18      0.18786247E-10      0.39343929E-21
  426.000000000000         0.18281508E-06      0.17755361E-18      0.15121668E-10      0.16597817E-20
  427.000000000000         0.18282361E-06      0.17770148E-18      0.17074413E-10      0.29574797E-21
  428.000000000000         0.18283633E-06      0.17808185E-18      0.25441813E-10      0.76073333E-21
  429.000000000000         0.18285390E-06      0.17845117E-18      0.35140464E-10      0.73863856E-21
  430.000000000000         0.18287375E-06      0.17862757E-18      0.39700675E-10      0.35279758E-21
  431.000000000000         0.18289230E-06      0.17912307E-18      0.37094245E-10      0.99099973E-21
  432.000000000000         0.18290748E-06      0.17915793E-18      0.30360359E-10      0.69727327E-22
  433.000000000000         0.18291978E-06      0.18010768E-18      0.24591718E-10      0.18994896E-20
  434.000000000000         0.18293139E-06      0.18077062E-18      0.23218660E-10      0.13258851E-20
  435.000000000000         0.18294416E-06      0.18132238E-18      0.25550822E-10      0.11035221E-20
  436.000000000000         0.18295824E-06      0.18209143E-18      0.28151156E-10      0.15381086E-20
  437.000000000000         0.18297254E-06      0.18229267E-18      0.28599740E-10      0.40246881E-21
  438.000000000000         0.18298605E-06      0.18284990E-18      0.27018788E-10      0.11144718E-20
  439.000000000000         0.18299859E-06      0.18368407E-18      0.25085126E-10      0.16683403E-20
  440.000000000000         0.18301089E-06      0.18423876E-18      0.24601873E-10      0.11093803E-20
  441.000000000000         0.18302379E-06      0.18450828E-18      0.25790069E-10      0.53903762E-21
  442.000000000000         0.18303710E-06      0.18539512E-18      0.26635998E-10      0.17736838E-20
  443.000000000000         0.18304948E-06      0.18603873E-18      0.24750369E-10      0.12872015E-20
  444.000000000000         0.18305947E-06      0.18617407E-18      0.19981915E-10      0.27069506E-21
  445.000000000000         0.18306706E-06      0.18705309E-18      0.15179346E-10      0.17580401E-20
  446.000000000000         0.18307419E-06      0.18776659E-18      0.14254879E-10      0.14269902E-20
  447.000000000000         0.18308354E-06      0.18838294E-18      0.18703683E-10      0.12327077E-20
  448.000000000000         0.18309638E-06      0.18841730E-18      0.25680916E-10      0.68706276E-22
  449.000000000000         0.18311149E-06      0.18879476E-18      0.30231222E-10      0.75492368E-21
  450.000000000000         0.18312635E-06      0.18893877E-18      0.29711157E-10      0.28801900E-21
  451.000000000000         0.18313904E-06      0.18901852E-18      0.25381464E-10      0.15950874E-21
  452.000000000000         0.18314944E-06      0.18959992E-18      0.20802358E-10      0.11627948E-20
  453.000000000000         0.18315913E-06      0.18997696E-18      0.19376386E-10      0.75408357E-21
  454.000000000000         0.18317019E-06      0.19054433E-18      0.22111651E-10      0.11347418E-20
  455.000000000000         0.18318361E-06      0.19167878E-18      0.26838136E-10      0.22689033E-20
  456.000000000000         0.18319865E-06      0.19254626E-18      0.30088915E-10      0.17349582E-20
  457.000000000000         0.18321388E-06      0.19314993E-18      0.30456364E-10      0.12073269E-20
  458.000000000000         0.18322904E-06      0.19343761E-18      0.30323482E-10      0.57536086E-21
  459.000000000000         0.18324553E-06      0.19367761E-18      0.32974162E-10      0.48000891E-21
  460.000000000000         0.18326449E-06      0.19394003E-18      0.37918310E-10      0.52483822E-21
  461.000000000000         0.18328475E-06      0.19406694E-18      0.40536192E-10      0.25381379E-21
  462.000000000000         0.18330313E-06      0.19420312E-18      0.36749069E-10      0.27237365E-21
  463.000000000000         0.18331669E-06      0.19469201E-18      0.27117313E-10      0.97776484E-21
  464.000000000000         0.18332505E-06      0.19530936E-18      0.16718449E-10      0.12347143E-20
  465.000000000000         0.18333085E-06      0.19601767E-18      0.11602559E-10      0.14166132E-20
  466.000000000000         0.18333820E-06      0.19600910E-18      0.14714148E-10     -0.17146024E-22
  467.000000000000         0.18335018E-06      0.19627894E-18      0.23955631E-10      0.53968870E-21
  468.000000000000         0.18336687E-06      0.19667041E-18      0.33380233E-10      0.78294442E-21
  469.000000000000         0.18338531E-06      0.19699457E-18      0.36875917E-10      0.64831432E-21
  470.000000000000         0.18340145E-06      0.19751398E-18      0.32275773E-10      0.10388276E-20
  471.000000000000         0.18341298E-06      0.19789959E-18      0.23069042E-10      0.77122172E-21
  472.000000000000         0.18342091E-06      0.19854203E-18      0.15852242E-10      0.12848686E-20
  473.000000000000         0.18342852E-06      0.19907464E-18      0.15229938E-10      0.10652230E-20
  474.000000000000         0.18343909E-06      0.19941633E-18      0.21132787E-10      0.68337902E-21
  475.000000000000         0.18345388E-06      0.19982282E-18      0.29585265E-10      0.81297496E-21
  476.000000000000         0.18347168E-06      0.20008425E-18      0.35598456E-10      0.52287367E-21
  477.000000000000         0.18348996E-06      0.20049080E-18      0.36545568E-10      0.81309128E-21
  478.000000000000         0.18350671E-06      0.20152871E-18      0.33517126E-10      0.20758245E-20
  479.000000000000         0.18352151E-06      0.20196496E-18      0.29596895E-10      0.87248996E-21
  480.000000000000         0.18353505E-06      0.20236651E-18      0.27068682E-10      0.80310857E-21
  481.000000000000         0.18354802E-06      0.20285950E-18      0.25940942E-10      0.98598657E-21
  482.000000000000         0.18356035E-06      0.20298700E-18      0.24669657E-10      0.25500124E-21
  483.000000000000         0.18357124E-06      0.20353916E-18      0.21775870E-10      0.11043154E-20
  484.000000000000         0.18357993E-06      0.20418938E-18      0.17379569E-10      0.13004331E-20
  485.000000000000         0.18358667E-06      0.20438756E-18      0.13471719E-10      0.39636673E-21
  486.000000000000         0.18359288E-06      0.20487687E-18      0.12425844E-10      0.97861626E-21
  487.000000000000         0.18360031E-06      0.20529508E-18      0.14870926E-10      0.83640905E-21
  488.000000000000         0.18360968E-06      0.20574056E-18      0.18727774E-10      0.89097550E-21
  489.000000000000         0.18361991E-06      0.20546224E-18      0.20468314E-10     -0.55664227E-21
  490.000000000000         0.18362891E-06      0.20634602E-18      0.17993854E-10      0.17675478E-20
  491.000000000000         0.18363524E-06      0.20693629E-18      0.12671765E-10      0.11805525E-20
  492.000000000000         0.18363939E-06      0.20728751E-18      0.82920315E-11      0.70244295E-21
  493.000000000000         0.18364340E-06      0.20735219E-18      0.80138161E-11      0.12934411E-21
  494.000000000000         0.18364943E-06      0.20785521E-18      0.12066091E-10      0.10060538E-20
  495.000000000000         0.18365829E-06      0.20795013E-18      0.17724343E-10      0.18983331E-21
  496.000000000000         0.18366878E-06      0.20808252E-18      0.20981580E-10      0.26477393E-21
  497.000000000000         0.18367857E-06      0.20859876E-18      0.19569024E-10      0.10324856E-20
  498.000000000000         0.18368599E-06      0.20897335E-18      0.14851639E-10      0.74918835E-21
  499.000000000000         0.18369107E-06      0.20972177E-18      0.10144027E-10      0.14968376E-20
  500.000000000000         0.18369493E-06      0.21017239E-18      0.77210424E-11      0.90124014E-21
