 #            500
    0.000000000000         0.00000000E+00      0.00000000E+00      0.00000000E+00      0.00000000E+00
    1.000000000000         0.42827586E-19     -0.46886895E-20      0.85655173E-19     -0.93773791E-20
    2.000000000000        -0.30433756E-16     -0.71928241E-20     -0.60953166E-16     -0.50082692E-20
    3.000000000000         0.51729532E-14     -0.11880483E-19      0.10406774E-13     -0.93753176E-20
    4.000000000000         0.47114797E-12     -0.64264789E-20      0.93195003E-12      0.10908008E-19
    5.000000000000         0.93014242E-11     -0.24391985E-20      0.17660553E-10      0.79745607E-20
    6.000000000000         0.83996170E-10     -0.62063018E-20      0.14938949E-09     -0.75342066E-20
    7.000000000000         0.49465403E-09     -0.32671869E-20      0.82131572E-09      0.58782298E-20
    8.000000000000         0.21173229E-08     -0.10340707E-20      0.32453377E-08      0.44662325E-20
    9.000000000000         0.69952789E-08      0.19603619E-20      0.97559121E-08      0.59888652E-20
   10.000000000000         0.18521675E-07      0.37595185E-20      0.23052792E-07      0.35983132E-20
   11.000000000000         0.40255004E-07      0.61236395E-20      0.43466658E-07      0.47282419E-20
   12.000000000000         0.73354434E-07      0.50334542E-20      0.66198860E-07     -0.21803705E-20
   13.000000000000         0.11200929E-06      0.41682621E-20      0.77309721E-07     -0.17303843E-20
   14.000000000000         0.14966090E-06      0.20941442E-21      0.75303216E-07     -0.79176953E-20
   15.000000000000         0.18384987E-06     -0.55229084E-20      0.68377927E-07     -0.11464646E-19
   16.000000000000         0.21307689E-06     -0.52068867E-20      0.58454057E-07      0.63204354E-21
   17.000000000000         0.23614157E-06     -0.17955551E-20      0.46129344E-07      0.68226632E-20
   18.000000000000         0.25324395E-06      0.55367665E-21      0.34204766E-07      0.46984634E-20
   19.000000000000         0.26648954E-06      0.69433613E-21      0.26491185E-07      0.28131896E-21
   20.000000000000         0.27904299E-06     -0.28939346E-20      0.25106901E-07     -0.71765414E-20
   21.000000000000         0.29355102E-06     -0.10250840E-19      0.29016055E-07     -0.14713811E-19
   22.000000000000         0.31098496E-06     -0.86741952E-20      0.34867883E-07      0.31532900E-20
   23.000000000000         0.33032469E-06     -0.11273158E-19      0.38679454E-07     -0.51979254E-20
   24.000000000000         0.34919248E-06     -0.73109240E-20      0.37735584E-07      0.79244678E-20
   25.000000000000         0.36543678E-06      0.10452934E-20      0.32488607E-07      0.16712435E-19
   26.000000000000         0.37890444E-06      0.24928982E-20      0.26935306E-07      0.28952097E-20
   27.000000000000         0.39208939E-06      0.35070604E-20      0.26369918E-07      0.20283244E-20
   28.000000000000         0.40875188E-06      0.49645914E-20      0.33324963E-07      0.29150620E-20
   29.000000000000         0.43119615E-06      0.66504243E-20      0.44888553E-07      0.33716657E-20
   30.000000000000         0.45854419E-06      0.65693994E-20      0.54696076E-07     -0.16204985E-21
   31.000000000000         0.48736307E-06      0.50788587E-20      0.57637750E-07     -0.29810814E-20
   32.000000000000         0.51389877E-06      0.10092452E-21      0.53071402E-07     -0.99558683E-20
   33.000000000000         0.53611134E-06     -0.31829437E-20      0.44425139E-07     -0.65677365E-20
   34.000000000000         0.55420229E-06     -0.19272448E-20      0.36181904E-07      0.25113979E-20
   35.000000000000         0.56984678E-06     -0.82043836E-21      0.31288988E-07      0.22136129E-20
   36.000000000000         0.58480020E-06     -0.81874523E-21      0.29906842E-07      0.33862706E-23
   37.000000000000         0.59965768E-06     -0.28783862E-20      0.29714963E-07     -0.41192819E-20
   38.000000000000         0.61371172E-06     -0.33696927E-20      0.28108075E-07     -0.98261302E-21
   39.000000000000         0.62578136E-06     -0.73756521E-21      0.24139276E-07      0.52642550E-20
   40.000000000000         0.63545644E-06      0.41444935E-20      0.19350169E-07      0.97641175E-20
   41.000000000000         0.64380717E-06      0.81464321E-20      0.16701455E-07      0.80038772E-20
   42.000000000000         0.65270200E-06      0.70562468E-20      0.17789661E-07     -0.21803705E-20
   43.000000000000         0.66315024E-06      0.12768795E-19      0.20896471E-07      0.11425096E-19
   44.000000000000         0.67424623E-06      0.13172498E-19      0.22191990E-07      0.80740583E-21
   45.000000000000         0.68402520E-06      0.15286810E-19      0.19557932E-07      0.42286248E-20
   46.000000000000         0.69126185E-06      0.13831011E-19      0.14473292E-07     -0.29115982E-20
   47.000000000000         0.69621980E-06      0.90441557E-20      0.99159161E-08     -0.95737109E-20
   48.000000000000         0.70003722E-06      0.59935524E-20      0.76348306E-08     -0.61012067E-20
   49.000000000000         0.70379184E-06      0.93122398E-20      0.75092377E-08      0.66373748E-20
   50.000000000000         0.70793547E-06      0.71698808E-20      0.82872705E-08     -0.42847180E-20
   51.000000000000         0.71225920E-06      0.99872967E-20      0.86474515E-08      0.56348319E-20
   52.000000000000         0.71622027E-06      0.71368711E-20      0.79221431E-08     -0.57008512E-20
   53.000000000000         0.71930040E-06      0.76125387E-20      0.61602553E-08      0.95133525E-21
   54.000000000000         0.72137154E-06      0.80005252E-20      0.41422871E-08      0.77597296E-21
   55.000000000000         0.72290774E-06      0.60715788E-20      0.30723898E-08     -0.38578928E-20
   56.000000000000         0.72465582E-06      0.66829040E-20      0.34961611E-08      0.12226505E-20
   57.000000000000         0.72696785E-06      0.12596457E-19      0.46240607E-08      0.11827106E-19
   58.000000000000         0.72948236E-06      0.17033493E-19      0.50290221E-08      0.88740712E-20
   59.000000000000         0.73153681E-06      0.16902423E-19      0.41089006E-08     -0.26213871E-21
   60.000000000000         0.73281902E-06      0.19996118E-19      0.25644214E-08      0.61873885E-20
   61.000000000000         0.73354231E-06      0.18394321E-19      0.14465892E-08     -0.32035930E-20
   62.000000000000         0.73416282E-06      0.16715183E-19      0.12410148E-08     -0.33582757E-20
   63.000000000000         0.73501680E-06      0.20690652E-19      0.17079602E-08      0.79509376E-20
   64.000000000000         0.73612072E-06      0.16924537E-19      0.22078419E-08     -0.75322291E-20
   65.000000000000         0.73721570E-06      0.20762694E-19      0.21899530E-08      0.76763136E-20
   66.000000000000         0.73798633E-06      0.17520185E-19      0.15412669E-08     -0.64850185E-20
   67.000000000000         0.73833934E-06      0.22471727E-19      0.70601183E-09      0.99030838E-20
   68.000000000000         0.73854081E-06      0.23167838E-19      0.40294279E-09      0.13922225E-20
   69.000000000000         0.73901753E-06      0.25596479E-19      0.95343978E-09      0.48572821E-20
   70.000000000000         0.73994637E-06      0.25412884E-19      0.18576806E-08     -0.36719064E-21
   71.000000000000         0.74108247E-06      0.27568142E-19      0.22721959E-08      0.43105157E-20
   72.000000000000         0.74199534E-06      0.24751631E-19      0.18257479E-08     -0.56330224E-20
   73.000000000000         0.74243748E-06      0.27979535E-19      0.88427852E-09      0.64558086E-20
   74.000000000000         0.74254046E-06      0.25785063E-19      0.20595421E-09     -0.43889428E-20
   75.000000000000         0.74262529E-06      0.21245949E-19      0.16967185E-09     -0.90782297E-20
   76.000000000000         0.74288727E-06      0.22604218E-19      0.52394340E-09      0.27165387E-20
   77.000000000000         0.74333059E-06      0.22618319E-19      0.88665034E-09      0.28201689E-22
   78.000000000000         0.74387364E-06      0.25125128E-19      0.10860952E-08      0.50136192E-20
   79.000000000000         0.74441386E-06      0.30059300E-19      0.10804508E-08      0.98683423E-20
   80.000000000000         0.74483756E-06      0.28856204E-19      0.84739418E-09     -0.24061909E-20
   81.000000000000         0.74510166E-06      0.33371822E-19      0.52819433E-09      0.90312355E-20
   82.000000000000         0.74529957E-06      0.30914721E-19      0.39581995E-09     -0.49142025E-20
   83.000000000000         0.74557413E-06      0.33138014E-19      0.54911848E-09      0.44465869E-20
   84.000000000000         0.74598455E-06      0.32122895E-19      0.82084795E-09     -0.20302373E-20
   85.000000000000         0.74645251E-06      0.35123532E-19      0.93592071E-09      0.60012729E-20
   86.000000000000         0.74685045E-06      0.34364426E-19      0.79587255E-09     -0.15182125E-20
   87.000000000000         0.74714440E-06      0.31424665E-19      0.58790872E-09     -0.58795222E-20
   88.000000000000         0.74741011E-06      0.29609042E-19      0.53141661E-09     -0.36312453E-20
   89.000000000000         0.74774478E-06      0.31353398E-19      0.66934864E-09      0.34887118E-20
   90.000000000000         0.74819891E-06      0.35680418E-19      0.90824499E-09      0.86540411E-20
   91.000000000000         0.74878431E-06      0.35700723E-19      0.11708077E-08      0.40609398E-22
   92.000000000000         0.74947776E-06      0.38096070E-19      0.13868907E-08      0.47906941E-20
   93.000000000000         0.75018615E-06      0.38566723E-19      0.14167908E-08      0.94130569E-21
   94.000000000000         0.75077981E-06      0.39290855E-19      0.11873233E-08      0.14482640E-20
   95.000000000000         0.75119536E-06      0.41100300E-19      0.83108429E-09      0.36188893E-20
   96.000000000000         0.75149225E-06      0.45236655E-19      0.59379587E-09      0.82727109E-20
   97.000000000000         0.75180860E-06      0.44763650E-19      0.63269075E-09     -0.94601028E-21
   98.000000000000         0.75226077E-06      0.49622237E-19      0.90434314E-09      0.97171750E-20
   99.000000000000         0.75288098E-06      0.46187719E-19      0.12404282E-08     -0.68690371E-20
  100.000000000000         0.75363974E-06      0.43077042E-19      0.15175119E-08     -0.62213546E-20
  101.000000000000         0.75451179E-06      0.40961049E-19      0.17441053E-08     -0.42319853E-20
  102.000000000000         0.75549365E-06      0.35468040E-19      0.19637126E-08     -0.10986018E-19
  103.000000000000         0.75656526E-06      0.35786931E-19      0.21432241E-08      0.63778210E-21
  104.000000000000         0.75767484E-06      0.36430258E-19      0.22191584E-08      0.12866536E-20
  105.000000000000         0.75876240E-06      0.37930699E-19      0.21751087E-08      0.30008820E-20
  106.000000000000         0.75977764E-06      0.40162083E-19      0.20304983E-08      0.44627687E-20
  107.000000000000         0.76067831E-06      0.38614338E-19      0.18013236E-08     -0.30954908E-20
  108.000000000000         0.76142864E-06      0.39323012E-19      0.15006696E-08      0.14173481E-20
  109.000000000000         0.76201870E-06      0.35255209E-19      0.11801245E-08     -0.81356057E-20
  110.000000000000         0.76248399E-06      0.40420990E-19      0.93056568E-09      0.10331563E-19
  111.000000000000         0.76289350E-06      0.40929513E-19      0.81902260E-09      0.10170444E-20
  112.000000000000         0.76331352E-06      0.41408541E-19      0.84004016E-09      0.95805610E-21
  113.000000000000         0.76378232E-06      0.40359714E-19      0.93760010E-09     -0.20976525E-20
  114.000000000000         0.76430828E-06      0.38117086E-19      0.10519314E-08     -0.44852576E-20
  115.000000000000         0.76486602E-06      0.38008479E-19      0.11154752E-08     -0.21721246E-21
  116.000000000000         0.76539847E-06      0.37408450E-19      0.10648962E-08     -0.12000581E-20
  117.000000000000         0.76586259E-06      0.37309667E-19      0.92824555E-09     -0.19756692E-21
  118.000000000000         0.76628339E-06      0.36107140E-19      0.84158782E-09     -0.24050535E-20
  119.000000000000         0.76674621E-06      0.43418525E-19      0.92565714E-09      0.14622770E-19
  120.000000000000         0.76734880E-06      0.43378859E-19      0.12051806E-08     -0.79331791E-22
  121.000000000000         0.76815789E-06      0.43049473E-19      0.16181658E-08     -0.65877181E-21
  122.000000000000         0.76918574E-06      0.45543668E-19      0.20557037E-08      0.49883902E-20
  123.000000000000         0.77039493E-06      0.47416444E-19      0.24183811E-08      0.37455514E-20
  124.000000000000         0.77169974E-06      0.39731768E-19      0.26096127E-08     -0.15369352E-19
  125.000000000000         0.77294891E-06      0.35516908E-19      0.24983534E-08     -0.84297201E-20
  126.000000000000         0.77395440E-06      0.34137106E-19      0.20109813E-08     -0.27596038E-20
  127.000000000000         0.77459347E-06      0.38641764E-19      0.12781300E-08      0.90093152E-20
  128.000000000000         0.77490764E-06      0.37961550E-19      0.62834756E-09     -0.13604278E-20
  129.000000000000         0.77506307E-06      0.41012334E-19      0.31086057E-09      0.61015685E-20
  130.000000000000         0.77521025E-06      0.40072489E-19      0.29435359E-09     -0.18796904E-20
  131.000000000000         0.77540469E-06      0.40070046E-19      0.38888806E-09     -0.48855355E-23
  132.000000000000         0.77560876E-06      0.41322023E-19      0.40812961E-09      0.25039533E-20
  133.000000000000         0.77575119E-06      0.39543210E-19      0.28486167E-09     -0.35576263E-20
  134.000000000000         0.77578653E-06      0.31243939E-19      0.70687254E-10     -0.16598542E-19
  135.000000000000         0.77573413E-06      0.32645635E-19     -0.10481153E-09      0.28033926E-20
  136.000000000000         0.77568096E-06      0.36912892E-19     -0.10633859E-09      0.85345135E-20
  137.000000000000         0.77571093E-06      0.31734780E-19      0.59939462E-10     -0.10356224E-19
  138.000000000000         0.77584056E-06      0.32352102E-19      0.25926188E-09      0.12346446E-20
  139.000000000000         0.77600504E-06      0.36451234E-19      0.32896700E-09      0.81982646E-20
  140.000000000000         0.77611298E-06      0.40865109E-19      0.21588590E-09      0.88277490E-20
  141.000000000000         0.77614175E-06      0.35952522E-19      0.57534247E-10     -0.98251738E-20
  142.000000000000         0.77616439E-06      0.38991209E-19      0.45271922E-10      0.60773735E-20
  143.000000000000         0.77629533E-06      0.40879287E-19      0.26188107E-09      0.37761570E-20
  144.000000000000         0.77662295E-06      0.36294678E-19      0.65525338E-09     -0.91692195E-20
  145.000000000000         0.77715137E-06      0.34680060E-19      0.10568313E-08     -0.32292356E-20
  146.000000000000         0.77775282E-06      0.33433537E-19      0.12028995E-08     -0.24930448E-20
  147.000000000000         0.77820444E-06      0.31863174E-19      0.90324316E-09     -0.31407272E-20
  148.000000000000         0.77832833E-06      0.31604719E-19      0.24777196E-09     -0.51691033E-21
  149.000000000000         0.77812584E-06      0.28675297E-19     -0.40497795E-09     -0.58588427E-20
  150.000000000000         0.77780720E-06      0.28704701E-19     -0.63727227E-09      0.58807372E-22
  151.000000000000         0.77762724E-06      0.29173751E-19     -0.35992441E-09      0.93810036E-21
  152.000000000000         0.77767930E-06      0.30656925E-19      0.10412168E-09      0.29663472E-20
  153.000000000000         0.77786522E-06      0.35215556E-19      0.37183195E-09      0.91172623E-20
  154.000000000000         0.77799019E-06      0.38588837E-19      0.24994269E-09      0.67465626E-20
  155.000000000000         0.77791346E-06      0.37004825E-19     -0.15344759E-09     -0.31680242E-20
  156.000000000000         0.77764091E-06      0.39612551E-19     -0.54510116E-09      0.52154513E-20
  157.000000000000         0.77729266E-06      0.36585522E-19     -0.69650961E-09     -0.60540574E-20
  158.000000000000         0.77701830E-06      0.39114252E-19     -0.54871835E-09      0.50574598E-20
  159.000000000000         0.77690159E-06      0.41898581E-19     -0.23341672E-09      0.55686574E-20
  160.000000000000         0.77692166E-06      0.38436041E-19      0.40138140E-10     -0.69250785E-20
  161.000000000000         0.77695071E-06      0.38038206E-19      0.58093781E-10     -0.79567020E-21
  162.000000000000         0.77681595E-06      0.39053609E-19     -0.26952248E-09      0.20308060E-20
  163.000000000000         0.77647193E-06      0.37953498E-19     -0.68802608E-09     -0.22002229E-20
  164.000000000000         0.77607341E-06      0.28147310E-19     -0.79705210E-09     -0.19612375E-19
  165.000000000000         0.77583928E-06      0.31202954E-19     -0.46824831E-09      0.61112879E-20
  166.000000000000         0.77585933E-06      0.26860295E-19      0.40088195E-10     -0.86853189E-20
  167.000000000000         0.77603230E-06      0.27828135E-19      0.34593517E-09      0.19356802E-20
  168.000000000000         0.77615230E-06      0.27412929E-19      0.24001169E-09     -0.83041179E-21
  169.000000000000         0.77606322E-06      0.29633121E-19     -0.17815781E-09      0.44403831E-20
  170.000000000000         0.77578075E-06      0.34485401E-19     -0.56495043E-09      0.97045605E-20
  171.000000000000         0.77549319E-06      0.33523429E-19     -0.57510778E-09     -0.19239446E-20
  172.000000000000         0.77544590E-06      0.33368785E-19     -0.94591880E-10     -0.30928800E-21
  173.000000000000         0.77577333E-06      0.29948432E-19      0.65485777E-09     -0.68407061E-20
  174.000000000000         0.77637128E-06      0.32935419E-19      0.11959060E-08      0.59739759E-20
  175.000000000000         0.77692685E-06      0.33033893E-19      0.11111482E-08      0.19694653E-21
  176.000000000000         0.77716048E-06      0.31017265E-19      0.46726303E-09     -0.40332551E-20
  177.000000000000         0.77706760E-06      0.34057606E-19     -0.18576431E-09      0.60806822E-20
  178.000000000000         0.77689090E-06      0.29730250E-19     -0.35340220E-09     -0.86547132E-20
  179.000000000000         0.77689970E-06      0.25631609E-19      0.17593007E-10     -0.81972823E-20
  180.000000000000         0.77721120E-06      0.22512349E-19      0.62300885E-09     -0.62385186E-20
  181.000000000000         0.77775115E-06      0.19360830E-19      0.10798938E-08     -0.63030387E-20
  182.000000000000         0.77833320E-06      0.22663387E-19      0.11641113E-08      0.66051147E-20
  183.000000000000         0.77876730E-06      0.20680674E-19      0.86818102E-09     -0.39654263E-20
  184.000000000000         0.77896780E-06      0.18375361E-19      0.40101509E-09     -0.46106272E-20
  185.000000000000         0.77900967E-06      0.20254340E-19      0.83731876E-10      0.37579591E-20
  186.000000000000         0.77906347E-06      0.13873094E-19      0.10760436E-09     -0.12762492E-19
  187.000000000000         0.77925390E-06      0.10720334E-19      0.38085261E-09     -0.63055203E-20
  188.000000000000         0.77955534E-06      0.12298220E-19      0.60288130E-09      0.31557716E-20
  189.000000000000         0.77983183E-06      0.15238058E-19      0.55298752E-09      0.58796773E-20
  190.000000000000         0.77997974E-06      0.12908343E-19      0.29581781E-09     -0.46594308E-20
  191.000000000000         0.78001760E-06      0.16887120E-19      0.75716871E-10      0.79575550E-20
  192.000000000000         0.78007018E-06      0.18718537E-19      0.10516911E-09      0.36628333E-20
  193.000000000000         0.78028934E-06      0.23088571E-19      0.43832278E-09      0.87400679E-20
  194.000000000000         0.78075137E-06      0.28569509E-19      0.92405027E-09      0.10961875E-19
  195.000000000000         0.78139836E-06      0.27586030E-19      0.12939874E-08     -0.19669579E-20
  196.000000000000         0.78207961E-06      0.31067672E-19      0.13624871E-08      0.69632839E-20
  197.000000000000         0.78263900E-06      0.25647609E-19      0.11187846E-08     -0.10840124E-19
  198.000000000000         0.78300534E-06      0.26116039E-19      0.73268491E-09      0.93685959E-21
  199.000000000000         0.78325095E-06      0.27884797E-19      0.49121997E-09      0.35375154E-20
  200.000000000000         0.78353819E-06      0.29481708E-19      0.57446878E-09      0.31938219E-20
  201.000000000000         0.78400854E-06      0.26156894E-19      0.94071405E-09     -0.66496274E-20
  202.000000000000         0.78470380E-06      0.28988786E-19      0.13905060E-08      0.56637832E-20
  203.000000000000         0.78555364E-06      0.30697366E-19      0.16996869E-08      0.34171607E-20
  204.000000000000         0.78642580E-06      0.34701786E-19      0.17443261E-08      0.80088402E-20
  205.000000000000         0.78719303E-06      0.35418163E-19      0.15344628E-08      0.14327544E-20
  206.000000000000         0.78779023E-06      0.30006270E-19      0.11943997E-08     -0.10823788E-19
  207.000000000000         0.78823065E-06      0.32474822E-19      0.88082618E-09      0.49371050E-20
  208.000000000000         0.78857207E-06      0.33580905E-19      0.68283636E-09      0.22121653E-20
  209.000000000000         0.78887629E-06      0.38689611E-19      0.60844752E-09      0.10217412E-19
  210.000000000000         0.78917966E-06      0.34020629E-19      0.60674048E-09     -0.93379644E-20
  211.000000000000         0.78948002E-06      0.29842578E-19      0.60073021E-09     -0.83561010E-20
  212.000000000000         0.78975285E-06      0.34790294E-19      0.54565506E-09      0.98954324E-20
  213.000000000000         0.78998200E-06      0.33574068E-19      0.45828617E-09     -0.24324538E-20
  214.000000000000         0.79018001E-06      0.30559033E-19      0.39602699E-09     -0.60300691E-20
  215.000000000000         0.79038588E-06      0.29472777E-19      0.41173687E-09     -0.21725123E-20
  216.000000000000         0.79064488E-06      0.41049518E-19      0.51800066E-09      0.23153483E-19
  217.000000000000         0.79097571E-06      0.37184142E-19      0.66166479E-09     -0.77307525E-20
  218.000000000000         0.79134500E-06      0.32895456E-19      0.73857443E-09     -0.85773718E-20
  219.000000000000         0.79168472E-06      0.32854550E-19      0.67945064E-09     -0.81813332E-22
  220.000000000000         0.79194120E-06      0.33180653E-19      0.51295402E-09      0.65220606E-21
  221.000000000000         0.79211922E-06      0.38788304E-19      0.35604523E-09      0.11215302E-19
  222.000000000000         0.79229531E-06      0.43252740E-19      0.35217857E-09      0.89288719E-20
  223.000000000000         0.79258268E-06      0.45770510E-19      0.57472877E-09      0.50355395E-20
  224.000000000000         0.79306006E-06      0.46963136E-19      0.95475900E-09      0.23852528E-20
  225.000000000000         0.79371964E-06      0.50651160E-19      0.13191760E-08      0.73760471E-20
  226.000000000000         0.79448546E-06      0.45605603E-19      0.15316272E-08     -0.10091112E-19
  227.000000000000         0.79524733E-06      0.43288296E-19      0.15237397E-08     -0.46346154E-20
  228.000000000000         0.79589466E-06      0.41513618E-19      0.12946687E-08     -0.35493545E-20
  229.000000000000         0.79637846E-06      0.40029282E-19      0.96759623E-09     -0.29686737E-20
  230.000000000000         0.79673272E-06      0.35539177E-19      0.70852963E-09     -0.89802088E-20
  231.000000000000         0.79703517E-06      0.35278034E-19      0.60489634E-09     -0.52228701E-21
  232.000000000000         0.79735073E-06      0.34279872E-19      0.63112255E-09     -0.19963229E-20
  233.000000000000         0.79768039E-06      0.32140615E-19      0.65932182E-09     -0.42785142E-20
  234.000000000000         0.79796458E-06      0.33665768E-19      0.56837526E-09      0.30503061E-20
  235.000000000000         0.79814866E-06      0.31363557E-19      0.36814970E-09     -0.46044233E-20
  236.000000000000         0.79824237E-06      0.25788812E-19      0.18743176E-09     -0.11149490E-19
  237.000000000000         0.79831569E-06      0.22490881E-19      0.14664170E-09     -0.65958607E-20
  238.000000000000         0.79844371E-06      0.23409504E-19      0.25604011E-09      0.18372457E-20
  239.000000000000         0.79865730E-06      0.25595781E-19      0.42716714E-09      0.43725543E-20
  240.000000000000         0.79891066E-06      0.27963625E-19      0.50672734E-09      0.47356866E-20
  241.000000000000         0.79909804E-06      0.29177964E-19      0.37475722E-09      0.24286798E-20
  242.000000000000         0.79914882E-06      0.30741168E-19      0.10155933E-09      0.31264067E-20
  243.000000000000         0.79909475E-06      0.28690626E-19     -0.10814683E-09     -0.41010839E-20
  244.000000000000         0.79903450E-06      0.27228209E-19     -0.12048894E-09     -0.29248331E-20
  245.000000000000         0.79907718E-06      0.27073565E-19      0.85355125E-10     -0.30928800E-21
  246.000000000000         0.79928551E-06      0.32039169E-19      0.41666240E-09      0.99312080E-20
  247.000000000000         0.79961828E-06      0.35305331E-19      0.66553537E-09      0.65323228E-20
  248.000000000000         0.79996309E-06      0.30220277E-19      0.68961804E-09     -0.10170108E-19
  249.000000000000         0.80022161E-06      0.29951068E-19      0.51704294E-09     -0.53841703E-21
  250.000000000000         0.80035736E-06      0.29311283E-19      0.27151363E-09     -0.12795709E-20
  251.000000000000         0.80040526E-06      0.30050821E-19      0.95783886E-10      0.14790765E-20
  252.000000000000         0.80043636E-06      0.35521832E-19      0.62212232E-10      0.10942023E-19
  253.000000000000         0.80051854E-06      0.39445189E-19      0.16434947E-09      0.78467128E-20
  254.000000000000         0.80068402E-06      0.38951401E-19      0.33097000E-09     -0.98757610E-21
  255.000000000000         0.80091566E-06      0.42021934E-19      0.46327787E-09      0.61410664E-20
  256.000000000000         0.80115201E-06      0.40516504E-19      0.47269264E-09     -0.30108599E-20
  257.000000000000         0.80130265E-06      0.37900170E-19      0.30127897E-09     -0.52326670E-20
  258.000000000000         0.80132206E-06      0.38971822E-19      0.38817156E-10      0.21433025E-20
  259.000000000000         0.80125525E-06      0.36932860E-19     -0.13360444E-09     -0.40779229E-20
  260.000000000000         0.80118221E-06      0.36664065E-19     -0.14608747E-09     -0.53758985E-21
  261.000000000000         0.80114465E-06      0.35750897E-19     -0.75113623E-10     -0.18263372E-20
  262.000000000000         0.80113082E-06      0.39871949E-19     -0.27671842E-10      0.82421052E-20
  263.000000000000         0.80111241E-06      0.38794999E-19     -0.36812444E-10     -0.21539008E-20
  264.000000000000         0.80107034E-06      0.38597342E-19     -0.84145197E-10     -0.39531478E-21
  265.000000000000         0.80098933E-06      0.40604948E-19     -0.16202657E-09      0.40152122E-20
  266.000000000000         0.80085691E-06      0.40819226E-19     -0.26482377E-09      0.42855711E-21
  267.000000000000         0.80068176E-06      0.38812525E-19     -0.35031025E-09     -0.40134028E-20
  268.000000000000         0.80050009E-06      0.36818231E-19     -0.36333280E-09     -0.39885874E-20
  269.000000000000         0.80034111E-06      0.36810825E-19     -0.31796338E-09     -0.14811703E-22
  270.000000000000         0.80019916E-06      0.33278803E-19     -0.28390163E-09     -0.70640449E-20
  271.000000000000         0.80005123E-06      0.31912339E-19     -0.29586481E-09     -0.27329272E-20
  272.000000000000         0.79989201E-06      0.32254004E-19     -0.31843391E-09      0.68332873E-21
  273.000000000000         0.79972685E-06      0.31707276E-19     -0.33032879E-09     -0.10934552E-20
  274.000000000000         0.79955098E-06      0.27946952E-19     -0.35173774E-09     -0.75206486E-20
  275.000000000000         0.79937739E-06      0.28280344E-19     -0.34717669E-09      0.66678512E-21
  276.000000000000         0.79924499E-06      0.29083575E-19     -0.26480291E-09      0.16064623E-20
  277.000000000000         0.79919508E-06      0.32562736E-19     -0.99817063E-10      0.69583209E-20
  278.000000000000         0.79924186E-06      0.29866993E-19      0.93567054E-10     -0.53914857E-20
  279.000000000000         0.79933398E-06      0.33939242E-19      0.18423369E-09      0.81444979E-20
  280.000000000000         0.79938342E-06      0.33558778E-19      0.98881161E-10     -0.76092862E-21
  281.000000000000         0.79933154E-06      0.35645793E-19     -0.10376017E-09      0.41740309E-20
  282.000000000000         0.79918384E-06      0.31674538E-19     -0.29540288E-09     -0.79425107E-20
  283.000000000000         0.79900636E-06      0.25377251E-19     -0.35495881E-09     -0.12594574E-19
  284.000000000000         0.79887890E-06      0.24744496E-19     -0.25491222E-09     -0.12655088E-20
  285.000000000000         0.79885501E-06      0.21763790E-19     -0.47782346E-10     -0.59614131E-20
  286.000000000000         0.79893335E-06      0.21965660E-19      0.15668691E-09      0.40374169E-21
  287.000000000000         0.79905040E-06      0.29207665E-19      0.23408592E-09      0.14484010E-19
  288.000000000000         0.79912490E-06      0.36225918E-19      0.14900336E-09      0.14036505E-19
  289.000000000000         0.79911134E-06      0.33919364E-19     -0.27120194E-10     -0.46131087E-20
  290.000000000000         0.79902119E-06      0.29384798E-19     -0.18030733E-09     -0.90691307E-20
  291.000000000000         0.79890912E-06      0.32003691E-19     -0.22412490E-09      0.52377852E-20
  292.000000000000         0.79882767E-06      0.33158888E-19     -0.16290259E-09      0.23103930E-20
  293.000000000000         0.79878965E-06      0.40551439E-19     -0.76050981E-10      0.14785104E-19
  294.000000000000         0.79877752E-06      0.42333639E-19     -0.24261565E-10      0.35643988E-20
  295.000000000000         0.79876856E-06      0.46904678E-19     -0.17907961E-10      0.91420777E-20
  296.000000000000         0.79875302E-06      0.51857874E-19     -0.31089732E-10      0.99063926E-20
  297.000000000000         0.79874212E-06      0.56506668E-19     -0.21792784E-10      0.92975876E-20
  298.000000000000         0.79875759E-06      0.56797461E-19      0.30935568E-10      0.58158552E-21
  299.000000000000         0.79881646E-06      0.59845246E-19      0.11774454E-09      0.60955715E-20
  300.000000000000         0.79891861E-06      0.64503966E-19      0.20430505E-09      0.93174400E-20
  301.000000000000         0.79904354E-06      0.62723085E-19      0.24985917E-09     -0.35617622E-20
  302.000000000000         0.79916637E-06      0.63165872E-19      0.24565415E-09      0.88557439E-21
  303.000000000000         0.79927073E-06      0.63482101E-19      0.20872072E-09      0.63245713E-21
  304.000000000000         0.79935779E-06      0.62594161E-19      0.17411984E-09     -0.17758792E-20
  305.000000000000         0.79944975E-06      0.64525460E-19      0.18391666E-09      0.38625974E-20
  306.000000000000         0.79957845E-06      0.65513980E-19      0.25741358E-09      0.19770392E-20
  307.000000000000         0.79977242E-06      0.65490030E-19      0.38793474E-09     -0.47898927E-22
  308.000000000000         0.80003975E-06      0.63461822E-19      0.53466509E-09     -0.40564162E-20
  309.000000000000         0.80036035E-06      0.64715246E-19      0.64119556E-09      0.25068484E-20
  310.000000000000         0.80069856E-06      0.63997499E-19      0.67642161E-09     -0.14354944E-20
  311.000000000000         0.80101963E-06      0.63149471E-19      0.64212755E-09     -0.16960563E-20
  312.000000000000         0.80130103E-06      0.68631442E-19      0.56281148E-09      0.10963943E-19
  313.000000000000         0.80153792E-06      0.69803183E-19      0.47376439E-09      0.23434802E-20
  314.000000000000         0.80174202E-06      0.66688369E-19      0.40820478E-09     -0.62296264E-20
  315.000000000000         0.80193230E-06      0.69841931E-19      0.38056630E-09      0.63071229E-20
  316.000000000000         0.80212027E-06      0.74761523E-19      0.37594095E-09      0.98391841E-20
  317.000000000000         0.80230098E-06      0.74207868E-19      0.36141058E-09     -0.11073105E-20
  318.000000000000         0.80246284E-06      0.78541557E-19      0.32372162E-09      0.86673794E-20
  319.000000000000         0.80260766E-06      0.83857059E-19      0.28964567E-09      0.10631003E-19
  320.000000000000         0.80275706E-06      0.79497442E-19      0.29879710E-09     -0.87192333E-20
  321.000000000000         0.80294127E-06      0.80325385E-19      0.36843048E-09      0.16558863E-20
  322.000000000000         0.80317277E-06      0.80116147E-19      0.46300100E-09     -0.41847584E-21
  323.000000000000         0.80343131E-06      0.83587191E-19      0.51708041E-09      0.69420874E-20
  324.000000000000         0.80367992E-06      0.81102638E-19      0.49720799E-09     -0.49691066E-20
  325.000000000000         0.80388657E-06      0.86035671E-19      0.41330864E-09      0.98660675E-20
  326.000000000000         0.80404183E-06      0.86814242E-19      0.31051138E-09      0.15571417E-20
  327.000000000000         0.80417399E-06      0.87550162E-19      0.26431363E-09      0.14718387E-20
  328.000000000000         0.80434254E-06      0.91431539E-19      0.33711361E-09      0.77627540E-20
  329.000000000000         0.80461088E-06      0.89224143E-19      0.53667413E-09     -0.44147922E-20
  330.000000000000         0.80500601E-06      0.87138239E-19      0.79026162E-09     -0.41718079E-20
  331.000000000000         0.80548981E-06      0.90801343E-19      0.96759075E-09      0.73262094E-20
  332.000000000000         0.80597897E-06      0.90697674E-19      0.97831966E-09     -0.20733799E-21
  333.000000000000         0.80638948E-06      0.91501009E-19      0.82103800E-09      0.16066691E-20
  334.000000000000         0.80668053E-06      0.89848961E-19      0.58209339E-09     -0.33040954E-20
  335.000000000000         0.80688198E-06      0.85249152E-19      0.40288953E-09     -0.91996184E-20
  336.000000000000         0.80707170E-06      0.85763904E-19      0.37945009E-09      0.10295038E-20
  337.000000000000         0.80731875E-06      0.84884856E-19      0.49409123E-09     -0.17580948E-20
  338.000000000000         0.80763836E-06      0.81963603E-19      0.63922475E-09     -0.58425059E-20
  339.000000000000         0.80798239E-06      0.82881916E-19      0.68806151E-09      0.18366253E-20
  340.000000000000         0.80827078E-06      0.83251394E-19      0.57678965E-09      0.73895663E-21
  341.000000000000         0.80845020E-06      0.81015564E-19      0.35882664E-09     -0.44716608E-20
  342.000000000000         0.80853041E-06      0.88968014E-19      0.16042009E-09      0.15904900E-19
  343.000000000000         0.80857138E-06      0.88079040E-19      0.81942761E-10     -0.17779472E-20
  344.000000000000         0.80864851E-06      0.83187753E-19      0.15425497E-09     -0.97825740E-20
  345.000000000000         0.80880520E-06      0.78120070E-19      0.31337787E-09     -0.10135366E-19
  346.000000000000         0.80901327E-06      0.73675254E-19      0.41615208E-09     -0.88896325E-20
  347.000000000000         0.80918165E-06      0.73078688E-19      0.33675564E-09     -0.11931305E-20
  348.000000000000         0.80922931E-06      0.72756540E-19      0.95318090E-10     -0.64429615E-21
  349.000000000000         0.80916005E-06      0.71270136E-19     -0.13852327E-09     -0.29728096E-20
  350.000000000000         0.80906084E-06      0.68162457E-19     -0.19842300E-09     -0.62153576E-20
  351.000000000000         0.80904492E-06      0.64529932E-19     -0.31836556E-10     -0.72650498E-20
  352.000000000000         0.80916809E-06      0.63295404E-19      0.24633665E-09     -0.24690566E-20
  353.000000000000         0.80938070E-06      0.65208711E-19      0.42523131E-09      0.38266151E-20
  354.000000000000         0.80957298E-06      0.66334956E-19      0.38456110E-09      0.22524904E-20
  355.000000000000         0.80964671E-06      0.72526442E-19      0.14745864E-09      0.12382971E-19
  356.000000000000         0.80957004E-06      0.72887132E-19     -0.15334363E-09      0.72137904E-21
  357.000000000000         0.80941402E-06      0.76078433E-19     -0.31203447E-09      0.63826032E-20
  358.000000000000         0.80931370E-06      0.77140985E-19     -0.20064707E-09      0.21251045E-20
  359.000000000000         0.80936484E-06      0.71980244E-19      0.10228376E-09     -0.10321482E-19
  360.000000000000         0.80954757E-06      0.69955759E-19      0.36545215E-09     -0.40489716E-20
  361.000000000000         0.80974648E-06      0.74577255E-19      0.39783080E-09      0.92429937E-20
  362.000000000000         0.80983825E-06      0.74496230E-19      0.18353061E-09     -0.16204985E-21
  363.000000000000         0.80977147E-06      0.75797011E-19     -0.13354559E-09      0.26015606E-20
  364.000000000000         0.80959519E-06      0.79060691E-19     -0.35257388E-09      0.65273598E-20
  365.000000000000         0.80940788E-06      0.89082023E-19     -0.37461725E-09      0.20042664E-19
  366.000000000000         0.80927592E-06      0.91460206E-19     -0.26392003E-09      0.47563661E-20
  367.000000000000         0.80920784E-06      0.94040221E-19     -0.13615490E-09      0.51600302E-20
  368.000000000000         0.80916782E-06      0.93753228E-19     -0.80049626E-10     -0.57398580E-21
  369.000000000000         0.80908990E-06      0.92973235E-19     -0.15583839E-09     -0.15599851E-20
  370.000000000000         0.80892615E-06      0.89594241E-19     -0.32749926E-09     -0.67579881E-20
  371.000000000000         0.80868676E-06      0.91153102E-19     -0.47878422E-09      0.31177213E-20
  372.000000000000         0.80842087E-06      0.91726377E-19     -0.53177593E-09      0.11465499E-20
  373.000000000000         0.80818315E-06      0.94812213E-19     -0.47543757E-09      0.61716721E-20
  374.000000000000         0.80799301E-06      0.99043280E-19     -0.38028400E-09      0.84621352E-20
  375.000000000000         0.80781798E-06      0.99335728E-19     -0.35005079E-09      0.58489424E-21
  376.000000000000         0.80761560E-06      0.95836792E-19     -0.40475620E-09     -0.69978704E-20
  377.000000000000         0.80737669E-06      0.97869627E-19     -0.47783388E-09      0.40656703E-20
  378.000000000000         0.80713533E-06      0.10177892E-18     -0.48271702E-09      0.78185887E-20
  379.000000000000         0.80694334E-06      0.97951182E-19     -0.38397163E-09     -0.76554790E-20
  380.000000000000         0.80684083E-06      0.97423066E-19     -0.20502693E-09     -0.10562321E-20
  381.000000000000         0.80683121E-06      0.97186531E-19     -0.19231732E-10     -0.47306976E-21
  382.000000000000         0.80686060E-06      0.10469613E-18      0.58784781E-10      0.15019196E-19
  383.000000000000         0.80684638E-06      0.10242763E-18     -0.28441627E-10     -0.45370081E-20
  384.000000000000         0.80673835E-06      0.10264728E-18     -0.21606266E-09      0.43931045E-21
  385.000000000000         0.80655430E-06      0.96389698E-19     -0.36809791E-09     -0.12515165E-19
  386.000000000000         0.80637474E-06      0.94476882E-19     -0.35913591E-09     -0.38256328E-20
  387.000000000000         0.80628666E-06      0.84446942E-19     -0.17615259E-09     -0.20059879E-19
  388.000000000000         0.80631185E-06      0.84388251E-19      0.50381721E-10     -0.11738210E-21
  389.000000000000         0.80639534E-06      0.87065046E-19      0.16698917E-09      0.53535905E-20
  390.000000000000         0.80645242E-06      0.87059708E-19      0.11415733E-09     -0.10675800E-22
  391.000000000000         0.80642500E-06      0.83955338E-19     -0.54847953E-10     -0.62087401E-20
  392.000000000000         0.80631974E-06      0.76954534E-19     -0.21052485E-09     -0.14001609E-19
  393.000000000000         0.80619672E-06      0.76216727E-19     -0.24602857E-09     -0.14756127E-20
  394.000000000000         0.80611007E-06      0.72117673E-19     -0.17331334E-09     -0.81981095E-20
  395.000000000000         0.80606584E-06      0.70215196E-19     -0.88443701E-10     -0.38049533E-20
  396.000000000000         0.80602833E-06      0.73459024E-19     -0.75026639E-10      0.64876551E-20
  397.000000000000         0.80596118E-06      0.71892796E-19     -0.13430057E-09     -0.31324554E-20
  398.000000000000         0.80586065E-06      0.70783999E-19     -0.20106798E-09     -0.22175937E-20
  399.000000000000         0.80576382E-06      0.75283073E-19     -0.19364778E-09      0.89981483E-20
  400.000000000000         0.80573395E-06      0.75577588E-19     -0.59736554E-10      0.58903014E-21
  401.000000000000         0.80580864E-06      0.74577979E-19      0.14937365E-09     -0.19992180E-20
  402.000000000000         0.80596872E-06      0.75317104E-19      0.32015828E-09      0.14782493E-20
  403.000000000000         0.80615084E-06      0.76281222E-19      0.36423762E-09      0.19282356E-20
  404.000000000000         0.80628270E-06      0.81674064E-19      0.26372715E-09      0.10785686E-19
  405.000000000000         0.80633972E-06      0.80686863E-19      0.11402450E-09     -0.19744026E-20
  406.000000000000         0.80636332E-06      0.83373585E-19      0.47218116E-10      0.53734428E-20
  407.000000000000         0.80641978E-06      0.80428033E-19      0.11291015E-09     -0.58911028E-20
  408.000000000000         0.80655431E-06      0.84183472E-19      0.26905425E-09      0.75108775E-20
  409.000000000000         0.80677374E-06      0.90269078E-19      0.43886060E-09      0.12171213E-19
  410.000000000000         0.80705325E-06      0.88617444E-19      0.55902842E-09     -0.33032682E-20
  411.000000000000         0.80735064E-06      0.93325795E-19      0.59477221E-09      0.94167016E-20
  412.000000000000         0.80762333E-06      0.88097225E-19      0.54539001E-09     -0.10457140E-19
  413.000000000000         0.80784865E-06      0.90157357E-19      0.45063928E-09      0.41202642E-20
  414.000000000000         0.80803144E-06      0.88718309E-19      0.36558409E-09     -0.28780974E-20
  415.000000000000         0.80819321E-06      0.87028211E-19      0.32353892E-09     -0.33801960E-20
  416.000000000000         0.80835839E-06      0.82582671E-19      0.33035392E-09     -0.88910801E-20
  417.000000000000         0.80854119E-06      0.84967264E-19      0.36559614E-09      0.47691874E-20
  418.000000000000         0.80874022E-06      0.80357322E-19      0.39805603E-09     -0.92198844E-20
  419.000000000000         0.80894664E-06      0.81700806E-19      0.41284735E-09      0.26869670E-20
  420.000000000000         0.80914932E-06      0.82202529E-19      0.40536511E-09      0.10034476E-20
  421.000000000000         0.80933762E-06      0.83688391E-19      0.37658671E-09      0.29717239E-20
  422.000000000000         0.80951115E-06      0.86583562E-19      0.34706035E-09      0.57903418E-20
  423.000000000000         0.80968021E-06      0.86523320E-19      0.33812205E-09     -0.12048403E-21
  424.000000000000         0.80985692E-06      0.86618898E-19      0.35341729E-09      0.19115627E-21
  425.000000000000         0.81004828E-06      0.88286430E-19      0.38273278E-09      0.33350630E-20
  426.000000000000         0.81025073E-06      0.84849223E-19      0.40489049E-09     -0.68744137E-20
  427.000000000000         0.81045371E-06      0.84988849E-19      0.40596549E-09      0.27925100E-21
  428.000000000000         0.81064849E-06      0.83373507E-19      0.38956960E-09     -0.32306831E-20
  429.000000000000         0.81083770E-06      0.81585130E-19      0.37840049E-09     -0.35767548E-20
  430.000000000000         0.81103895E-06      0.83905565E-19      0.40250319E-09      0.46408710E-20
  431.000000000000         0.81127035E-06      0.79142750E-19      0.46279928E-09     -0.95256310E-20
  432.000000000000         0.81153486E-06      0.79372331E-19      0.52903496E-09      0.45916279E-21
  433.000000000000         0.81182007E-06      0.75078010E-19      0.57042181E-09     -0.85886421E-20
  434.000000000000         0.81210593E-06      0.77707501E-19      0.57172039E-09      0.52589817E-20
  435.000000000000         0.81237801E-06      0.78791922E-19      0.54415991E-09      0.21688417E-20
  436.000000000000         0.81263713E-06      0.77397024E-19      0.51823758E-09     -0.27897959E-20
  437.000000000000         0.81289171E-06      0.76801596E-19      0.50914723E-09     -0.11908557E-20
  438.000000000000         0.81314340E-06      0.77818808E-19      0.50338762E-09      0.20344249E-20
  439.000000000000         0.81338630E-06      0.83152611E-19      0.48579130E-09      0.10667606E-19
  440.000000000000         0.81361175E-06      0.82893122E-19      0.45089742E-09     -0.51897829E-21
  441.000000000000         0.81381400E-06      0.81756976E-19      0.40450355E-09     -0.22722910E-20
  442.000000000000         0.81399807E-06      0.83952456E-19      0.36814465E-09      0.43909590E-20
  443.000000000000         0.81417989E-06      0.79650535E-19      0.36363600E-09     -0.86038416E-20
  444.000000000000         0.81437533E-06      0.81315688E-19      0.39087818E-09      0.33303067E-20
  445.000000000000         0.81458176E-06      0.78630182E-19      0.41287490E-09     -0.53710130E-20
  446.000000000000         0.81477228E-06      0.80716991E-19      0.38103688E-09      0.41736173E-20
  447.000000000000         0.81491405E-06      0.79875270E-19      0.28353319E-09     -0.16834418E-20
  448.000000000000         0.81499266E-06      0.79678026E-19      0.15722964E-09     -0.39448760E-21
  449.000000000000         0.81502964E-06      0.77060762E-19      0.73942634E-10     -0.52345282E-20
  450.000000000000         0.81506868E-06      0.80369833E-19      0.78089327E-10      0.66181428E-20
  451.000000000000         0.81513706E-06      0.77071386E-19      0.13676769E-09     -0.65968946E-20
  452.000000000000         0.81523029E-06      0.78241472E-19      0.18645330E-09      0.23401715E-20
  453.000000000000         0.81531971E-06      0.79497377E-19      0.17883700E-09      0.25118115E-20
  454.000000000000         0.81537505E-06      0.76722018E-19      0.11068554E-09     -0.55507180E-20
  455.000000000000         0.81538646E-06      0.79254677E-19      0.22806975E-10      0.50653180E-20
  456.000000000000         0.81536199E-06      0.74834677E-19     -0.48929239E-10     -0.88400017E-20
  457.000000000000         0.81532267E-06      0.73860090E-19     -0.78631939E-10     -0.19491736E-20
  458.000000000000         0.81529478E-06      0.74140543E-19     -0.55791517E-10      0.56090600E-21
  459.000000000000         0.81529106E-06      0.78062658E-19     -0.74314221E-11      0.78442313E-20
  460.000000000000         0.81530154E-06      0.78900011E-19      0.20944356E-10      0.16747047E-20
  461.000000000000         0.81530122E-06      0.81233526E-19     -0.63548671E-12      0.46670306E-20
  462.000000000000         0.81527240E-06      0.83694634E-19     -0.57636041E-10      0.49222158E-20
  463.000000000000         0.81522491E-06      0.87193233E-19     -0.94982686E-10      0.69971983E-20
  464.000000000000         0.81518763E-06      0.87793805E-19     -0.74560987E-10      0.12011438E-20
  465.000000000000         0.81517851E-06      0.83132681E-19     -0.18242000E-10     -0.93222480E-20
  466.000000000000         0.81519156E-06      0.80778977E-19      0.26114504E-10     -0.47074073E-20
  467.000000000000         0.81519987E-06      0.82133111E-19      0.16621226E-10      0.27082669E-20
  468.000000000000         0.81516939E-06      0.80087118E-19     -0.60967126E-10     -0.40919849E-20
  469.000000000000         0.81507930E-06      0.77622986E-19     -0.18018063E-09     -0.49282645E-20
  470.000000000000         0.81493780E-06      0.76440984E-19     -0.28300823E-09     -0.23640046E-20
  471.000000000000         0.81478889E-06      0.84306269E-19     -0.29781501E-09      0.15730571E-19
  472.000000000000         0.81468288E-06      0.84798481E-19     -0.21202238E-09      0.98442248E-21
  473.000000000000         0.81463153E-06      0.84576421E-19     -0.10270314E-09     -0.44411844E-21
  474.000000000000         0.81459530E-06      0.84903610E-19     -0.72449677E-10      0.65437741E-21
  475.000000000000         0.81450894E-06      0.89482921E-19     -0.17272840E-09      0.91586213E-20
  476.000000000000         0.81433693E-06      0.86777252E-19     -0.34401137E-09     -0.54113380E-20
  477.000000000000         0.81410724E-06      0.84439678E-19     -0.45937505E-09     -0.46751473E-20
  478.000000000000         0.81388377E-06      0.81878352E-19     -0.44695619E-09     -0.51226520E-20
  479.000000000000         0.81371727E-06      0.78821131E-19     -0.33300161E-09     -0.61144415E-20
  480.000000000000         0.81360348E-06      0.82196894E-19     -0.22756570E-09      0.67515257E-20
  481.000000000000         0.81348790E-06      0.83124616E-19     -0.23117319E-09      0.18554437E-20
  482.000000000000         0.81332633E-06      0.83806665E-19     -0.32312332E-09      0.13640984E-20
  483.000000000000         0.81313293E-06      0.87170848E-19     -0.38681378E-09      0.67283647E-20
  484.000000000000         0.81297483E-06      0.89373668E-19     -0.31619708E-09      0.44056415E-20
  485.000000000000         0.81292040E-06      0.90258790E-19     -0.10885274E-09      0.17702441E-20
  486.000000000000         0.81298183E-06      0.94942739E-19      0.12285953E-09      0.93678980E-20
  487.000000000000         0.81309581E-06      0.92465372E-19      0.22796111E-09     -0.49547343E-20
  488.000000000000         0.81316095E-06      0.97741169E-19      0.13026859E-09      0.10551593E-19
  489.000000000000         0.81310892E-06      0.96292401E-19     -0.10404947E-09     -0.28975361E-20
  490.000000000000         0.81295858E-06      0.93505255E-19     -0.30068145E-09     -0.55742926E-20
  491.000000000000         0.81280490E-06      0.91429070E-19     -0.30735326E-09     -0.41523691E-20
  492.000000000000         0.81275194E-06      0.91906392E-19     -0.10592179E-09      0.95464398E-21
  493.000000000000         0.81283546E-06      0.95317310E-19      0.16702788E-09      0.68218361E-20
  494.000000000000         0.81299069E-06      0.94770996E-19      0.31047191E-09     -0.10926280E-20
  495.000000000000         0.81310973E-06      0.92014042E-19      0.23807211E-09     -0.55139084E-20
  496.000000000000         0.81312248E-06      0.94394706E-19      0.25499256E-10      0.47613292E-20
  497.000000000000         0.81302708E-06      0.95109843E-19     -0.19079135E-09      0.14302728E-20
  498.000000000000         0.81288239E-06      0.96492928E-19     -0.28938350E-09      0.27661695E-20
  499.000000000000         0.81276364E-06      0.94598723E-19     -0.23751196E-09     -0.37884097E-20
  500.000000000000         0.81271168E-06      0.96998826E-19     -0.10391350E-09      0.48002066E-20
