 #            500
    0.000000000000         0.00000000E+00      0.00000000E+00
    1.000000000000         0.87187966E-17     -0.31350018E-20
    2.000000000000         0.18156930E-14     -0.61079657E-20
    3.000000000000         0.65440000E-13     -0.27911918E-19
    4.000000000000         0.34009078E-11     -0.35573953E-19
    5.000000000000         0.68615065E-10     -0.18515555E-19
    6.000000000000         0.69814944E-09     -0.27725108E-19
    7.000000000000         0.46578956E-08     -0.14452282E-19
    8.000000000000         0.22709700E-07     -0.34731851E-19
    9.000000000000         0.85609477E-07     -0.24137788E-19
   10.000000000000         0.25815130E-06     -0.34450593E-19
   11.000000000000         0.63721527E-06     -0.58778056E-19
   12.000000000000         0.13119559E-05     -0.65905064E-19
   13.000000000000         0.22702414E-05     -0.94466794E-19
   14.000000000000         0.33631647E-05     -0.10259895E-18
   15.000000000000         0.44165576E-05     -0.13272176E-18
   16.000000000000         0.53102286E-05     -0.13078091E-18
   17.000000000000         0.59969328E-05     -0.12130727E-18
   18.000000000000         0.64914345E-05     -0.12428059E-18
   19.000000000000         0.68455580E-05     -0.15130648E-18
   20.000000000000         0.71194606E-05     -0.14620703E-18
   21.000000000000         0.73588841E-05     -0.15407532E-18
   22.000000000000         0.75848403E-05     -0.16375528E-18
   23.000000000000         0.77952565E-05     -0.17496882E-18
   24.000000000000         0.79755486E-05     -0.16298503E-18
   25.000000000000         0.81136314E-05     -0.16084404E-18
   26.000000000000         0.82124222E-05     -0.17087461E-18
   27.000000000000         0.82927264E-05     -0.16035832E-18
   28.000000000000         0.83832942E-05     -0.18187881E-18
   29.000000000000         0.85037644E-05     -0.18853974E-18
   30.000000000000         0.86533635E-05     -0.19843719E-18
   31.000000000000         0.88134299E-05     -0.17421191E-18
   32.000000000000         0.89608840E-05     -0.17741037E-18
   33.000000000000         0.90818809E-05     -0.16752686E-18
   34.000000000000         0.91761248E-05     -0.17587256E-18
   35.000000000000         0.92518578E-05     -0.19473995E-18
   36.000000000000         0.93178091E-05     -0.21932048E-18
   37.000000000000         0.93780989E-05     -0.21404280E-18
   38.000000000000         0.94323369E-05     -0.21752767E-18
   39.000000000000         0.94784320E-05     -0.22510604E-18
   40.000000000000         0.95159956E-05     -0.21218972E-18
   41.000000000000         0.95484063E-05     -0.20986596E-18
   42.000000000000         0.95814005E-05     -0.22028508E-18
   43.000000000000         0.96186643E-05     -0.20933802E-18
   44.000000000000         0.96582579E-05     -0.22115393E-18
   45.000000000000         0.96943524E-05     -0.19648143E-18
   46.000000000000         0.97226680E-05     -0.19987469E-18
   47.000000000000         0.97434916E-05     -0.20798842E-18
   48.000000000000         0.97602198E-05     -0.20905291E-18
   49.000000000000         0.97762965E-05     -0.21645437E-18
   50.000000000000         0.97930553E-05     -0.21214480E-18
   51.000000000000         0.98095983E-05     -0.20593071E-18
   52.000000000000         0.98243947E-05     -0.23020258E-18
   53.000000000000         0.98366981E-05     -0.22872118E-18
   54.000000000000         0.98470981E-05     -0.22326727E-18
   55.000000000000         0.98572179E-05     -0.25560584E-18
   56.000000000000         0.98684184E-05     -0.27819566E-18
   57.000000000000         0.98805177E-05     -0.25303925E-18
   58.000000000000         0.98918409E-05     -0.26645324E-18
   59.000000000000         0.99007041E-05     -0.27300846E-18
   60.000000000000         0.99068067E-05     -0.27608932E-18
   61.000000000000         0.99111407E-05     -0.27519892E-18
   62.000000000000         0.99150528E-05     -0.28939916E-18
   63.000000000000         0.99194916E-05     -0.26921380E-18
   64.000000000000         0.99245900E-05     -0.29098803E-18
   65.000000000000         0.99296322E-05     -0.30750928E-18
   66.000000000000         0.99335919E-05     -0.30483138E-18
   67.000000000000         0.99361383E-05     -0.28771881E-18
   68.000000000000         0.99382126E-05     -0.28079753E-18
   69.000000000000         0.99413152E-05     -0.30417066E-18
   70.000000000000         0.99459946E-05     -0.30053801E-18
   71.000000000000         0.99512688E-05     -0.32102352E-18
   72.000000000000         0.99555789E-05     -0.30318387E-18
   73.000000000000         0.99581730E-05     -0.30050760E-18
   74.000000000000         0.99596793E-05     -0.32594890E-18
   75.000000000000         0.99612169E-05     -0.33581203E-18
   76.000000000000         0.99632529E-05     -0.31190712E-18
   77.000000000000         0.99656119E-05     -0.31719806E-18
   78.000000000000         0.99681296E-05     -0.32431079E-18
   79.000000000000         0.99709201E-05     -0.33092660E-18
   80.000000000000         0.99741565E-05     -0.33849053E-18
   81.000000000000         0.99779499E-05     -0.32025225E-18
   82.000000000000         0.99823132E-05     -0.32652891E-18
   83.000000000000         0.99870467E-05     -0.32734712E-18
   84.000000000000         0.99917769E-05     -0.33490994E-18
   85.000000000000         0.99961337E-05     -0.33107540E-18
   86.000000000000         0.99999492E-05     -0.34490187E-18
   87.000000000000         0.10003321E-04     -0.36306170E-18
   88.000000000000         0.10006439E-04     -0.37153238E-18
   89.000000000000         0.10009510E-04     -0.35060763E-18
   90.000000000000         0.10012770E-04     -0.33639052E-18
   91.000000000000         0.10016390E-04     -0.34226772E-18
   92.000000000000         0.10020246E-04     -0.33371702E-18
   93.000000000000         0.10023881E-04     -0.32986366E-18
   94.000000000000         0.10026827E-04     -0.33504543E-18
   95.000000000000         0.10028998E-04     -0.37082796E-18
   96.000000000000         0.10030831E-04     -0.36718543E-18
   97.000000000000         0.10033183E-04     -0.36661136E-18
   98.000000000000         0.10036994E-04     -0.36364759E-18
   99.000000000000         0.10042873E-04     -0.37019548E-18
  100.000000000000         0.10050809E-04     -0.37413959E-18
  101.000000000000         0.10060163E-04     -0.36894231E-18
  102.000000000000         0.10069940E-04     -0.37074822E-18
  103.000000000000         0.10079194E-04     -0.37310504E-18
  104.000000000000         0.10087405E-04     -0.35380541E-18
  105.000000000000         0.10094613E-04     -0.33838699E-18
  106.000000000000         0.10101133E-04     -0.34718537E-18
  107.000000000000         0.10107076E-04     -0.34717782E-18
  108.000000000000         0.10112204E-04     -0.33518986E-18
  109.000000000000         0.10116264E-04     -0.35390076E-18
  110.000000000000         0.10119397E-04     -0.33909638E-18
  111.000000000000         0.10122116E-04     -0.36749487E-18
  112.000000000000         0.10124861E-04     -0.36864532E-18
  113.000000000000         0.10127669E-04     -0.36504266E-18
  114.000000000000         0.10130358E-04     -0.38131907E-18
  115.000000000000         0.10132927E-04     -0.38477927E-18
  116.000000000000         0.10135653E-04     -0.41202194E-18
  117.000000000000         0.10138931E-04     -0.39605073E-18
  118.000000000000         0.10143112E-04     -0.37815079E-18
  119.000000000000         0.10148440E-04     -0.37237817E-18
  120.000000000000         0.10154970E-04     -0.37925924E-18
  121.000000000000         0.10162522E-04     -0.41252834E-18
  122.000000000000         0.10170694E-04     -0.41333364E-18
  123.000000000000         0.10178955E-04     -0.42051094E-18
  124.000000000000         0.10186781E-04     -0.39676472E-18
  125.000000000000         0.10193744E-04     -0.38398832E-18
  126.000000000000         0.10199550E-04     -0.39001151E-18
  127.000000000000         0.10204117E-04     -0.39633905E-18
  128.000000000000         0.10207651E-04     -0.41672577E-18
  129.000000000000         0.10210477E-04     -0.41975991E-18
  130.000000000000         0.10212787E-04     -0.41748097E-18
  131.000000000000         0.10214657E-04     -0.39472788E-18
  132.000000000000         0.10216109E-04     -0.40778864E-18
  133.000000000000         0.10217150E-04     -0.39932507E-18
  134.000000000000         0.10217832E-04     -0.41260391E-18
  135.000000000000         0.10218349E-04     -0.41290618E-18
  136.000000000000         0.10219081E-04     -0.41957110E-18
  137.000000000000         0.10220355E-04     -0.41897449E-18
  138.000000000000         0.10222226E-04     -0.41295509E-18
  139.000000000000         0.10224492E-04     -0.41105935E-18
  140.000000000000         0.10226907E-04     -0.40851425E-18
  141.000000000000         0.10229425E-04     -0.41705133E-18
  142.000000000000         0.10232133E-04     -0.40448991E-18
  143.000000000000         0.10235006E-04     -0.39394335E-18
  144.000000000000         0.10237905E-04     -0.41685451E-18
  145.000000000000         0.10240740E-04     -0.41093015E-18
  146.000000000000         0.10243462E-04     -0.43023403E-18
  147.000000000000         0.10245965E-04     -0.42390401E-18
  148.000000000000         0.10248089E-04     -0.45488733E-18
  149.000000000000         0.10249662E-04     -0.45386114E-18
  150.000000000000         0.10250696E-04     -0.44950061E-18
  151.000000000000         0.10251450E-04     -0.45551345E-18
  152.000000000000         0.10252242E-04     -0.46238041E-18
  153.000000000000         0.10253279E-04     -0.46954202E-18
  154.000000000000         0.10254451E-04     -0.48339453E-18
  155.000000000000         0.10255361E-04     -0.47572505E-18
  156.000000000000         0.10255681E-04     -0.46724813E-18
  157.000000000000         0.10255453E-04     -0.45844958E-18
  158.000000000000         0.10255138E-04     -0.45870214E-18
  159.000000000000         0.10255285E-04     -0.45585166E-18
  160.000000000000         0.10256129E-04     -0.46315095E-18
  161.000000000000         0.10257332E-04     -0.46469568E-18
  162.000000000000         0.10258133E-04     -0.49815305E-18
  163.000000000000         0.10258098E-04     -0.50328958E-18
  164.000000000000         0.10257575E-04     -0.52671725E-18
  165.000000000000         0.10257296E-04     -0.51133054E-18
  166.000000000000         0.10257716E-04     -0.52546192E-18
  167.000000000000         0.10258737E-04     -0.52357443E-18
  168.000000000000         0.10259848E-04     -0.52760327E-18
  169.000000000000         0.10260510E-04     -0.51395974E-18
  170.000000000000         0.10260610E-04     -0.53947256E-18
  171.000000000000         0.10260632E-04     -0.56421424E-18
  172.000000000000         0.10261364E-04     -0.56369835E-18
  173.000000000000         0.10263290E-04     -0.57606619E-18
  174.000000000000         0.10266111E-04     -0.56743413E-18
  175.000000000000         0.10268824E-04     -0.55891561E-18
  176.000000000000         0.10270518E-04     -0.55772807E-18
  177.000000000000         0.10271176E-04     -0.56432231E-18
  178.000000000000         0.10271567E-04     -0.57261544E-18
  179.000000000000         0.10272559E-04     -0.58929460E-18
  180.000000000000         0.10274581E-04     -0.60701557E-18
  181.000000000000         0.10277504E-04     -0.61319879E-18
  182.000000000000         0.10280842E-04     -0.61787450E-18
  183.000000000000         0.10283984E-04     -0.62900084E-18
  184.000000000000         0.10286475E-04     -0.61101112E-18
  185.000000000000         0.10288270E-04     -0.61303257E-18
  186.000000000000         0.10289705E-04     -0.63779605E-18
  187.000000000000         0.10291165E-04     -0.64240789E-18
  188.000000000000         0.10292739E-04     -0.63492035E-18
  189.000000000000         0.10294206E-04     -0.64285356E-18
  190.000000000000         0.10295317E-04     -0.64993236E-18
  191.000000000000         0.10296019E-04     -0.62746899E-18
  192.000000000000         0.10296595E-04     -0.63468963E-18
  193.000000000000         0.10297682E-04     -0.63124111E-18
  194.000000000000         0.10299926E-04     -0.63343960E-18
  195.000000000000         0.10303410E-04     -0.62342245E-18
  196.000000000000         0.10307446E-04     -0.62813535E-18
  197.000000000000         0.10310942E-04     -0.64404272E-18
  198.000000000000         0.10313173E-04     -0.64268346E-18
  199.000000000000         0.10314404E-04     -0.64012138E-18
  200.000000000000         0.10315725E-04     -0.62140159E-18
  201.000000000000         0.10318296E-04     -0.64089191E-18
  202.000000000000         0.10322615E-04     -0.63926490E-18
  203.000000000000         0.10328215E-04     -0.64370753E-18
  204.000000000000         0.10333992E-04     -0.66321194E-18
  205.000000000000         0.10338885E-04     -0.64543328E-18
  206.000000000000         0.10342460E-04     -0.65431798E-18
  207.000000000000         0.10344970E-04     -0.63547994E-18
  208.000000000000         0.10346966E-04     -0.62411629E-18
  209.000000000000         0.10348847E-04     -0.61292280E-18
  210.000000000000         0.10350666E-04     -0.62625161E-18
  211.000000000000         0.10352251E-04     -0.62024949E-18
  212.000000000000         0.10353521E-04     -0.61867138E-18
  213.000000000000         0.10354685E-04     -0.62086091E-18
  214.000000000000         0.10356162E-04     -0.61565459E-18
  215.000000000000         0.10358250E-04     -0.62270093E-18
  216.000000000000         0.10360869E-04     -0.60967284E-18
  217.000000000000         0.10363609E-04     -0.61675140E-18
  218.000000000000         0.10366024E-04     -0.61758454E-18
  219.000000000000         0.10367945E-04     -0.62366098E-18
  220.000000000000         0.10369596E-04     -0.60779808E-18
  221.000000000000         0.10371462E-04     -0.59729038E-18
  222.000000000000         0.10374013E-04     -0.61063889E-18
  223.000000000000         0.10377452E-04     -0.61521241E-18
  224.000000000000         0.10381605E-04     -0.63503908E-18
  225.000000000000         0.10386021E-04     -0.64284858E-18
  226.000000000000         0.10390264E-04     -0.64767674E-18
  227.000000000000         0.10394074E-04     -0.64046753E-18
  228.000000000000         0.10397319E-04     -0.65508052E-18
  229.000000000000         0.10400002E-04     -0.67308840E-18
  230.000000000000         0.10402267E-04     -0.67726773E-18
  231.000000000000         0.10404300E-04     -0.69912118E-18
  232.000000000000         0.10406223E-04     -0.71653698E-18
  233.000000000000         0.10408047E-04     -0.71012627E-18
  234.000000000000         0.10409711E-04     -0.72032036E-18
  235.000000000000         0.10411196E-04     -0.72428856E-18
  236.000000000000         0.10412581E-04     -0.73317551E-18
  237.000000000000         0.10413976E-04     -0.74905921E-18
  238.000000000000         0.10415409E-04     -0.76286948E-18
  239.000000000000         0.10416858E-04     -0.77489389E-18
  240.000000000000         0.10418284E-04     -0.76340995E-18
  241.000000000000         0.10419602E-04     -0.76801548E-18
  242.000000000000         0.10420785E-04     -0.75986812E-18
  243.000000000000         0.10421973E-04     -0.76288221E-18
  244.000000000000         0.10423358E-04     -0.75202092E-18
  245.000000000000         0.10425054E-04     -0.73229835E-18
  246.000000000000         0.10427062E-04     -0.73921027E-18
  247.000000000000         0.10429192E-04     -0.75086403E-18
  248.000000000000         0.10431153E-04     -0.76198434E-18
  249.000000000000         0.10432782E-04     -0.75567545E-18
  250.000000000000         0.10434137E-04     -0.75724393E-18
  251.000000000000         0.10435424E-04     -0.76328019E-18
  252.000000000000         0.10436830E-04     -0.73840223E-18
  253.000000000000         0.10438414E-04     -0.73015379E-18
  254.000000000000         0.10440100E-04     -0.72380998E-18
  255.000000000000         0.10441763E-04     -0.72572042E-18
  256.000000000000         0.10443302E-04     -0.75644562E-18
  257.000000000000         0.10444563E-04     -0.77704238E-18
  258.000000000000         0.10445434E-04     -0.77099097E-18
  259.000000000000         0.10446010E-04     -0.76400327E-18
  260.000000000000         0.10446510E-04     -0.76347221E-18
  261.000000000000         0.10447099E-04     -0.77706673E-18
  262.000000000000         0.10447832E-04     -0.77546945E-18
  263.000000000000         0.10448701E-04     -0.77040648E-18
  264.000000000000         0.10449623E-04     -0.76504297E-18
  265.000000000000         0.10450415E-04     -0.76026600E-18
  266.000000000000         0.10450908E-04     -0.76216125E-18
  267.000000000000         0.10451120E-04     -0.77499789E-18
  268.000000000000         0.10451265E-04     -0.76656661E-18
  269.000000000000         0.10451518E-04     -0.78209612E-18
  270.000000000000         0.10451832E-04     -0.78298790E-18
  271.000000000000         0.10452039E-04     -0.78662174E-18
  272.000000000000         0.10452067E-04     -0.80740731E-18
  273.000000000000         0.10451952E-04     -0.83001967E-18
  274.000000000000         0.10451745E-04     -0.83506708E-18
  275.000000000000         0.10451563E-04     -0.82457105E-18
  276.000000000000         0.10451579E-04     -0.84125622E-18
  277.000000000000         0.10451907E-04     -0.83649608E-18
  278.000000000000         0.10452537E-04     -0.83701406E-18
  279.000000000000         0.10453244E-04     -0.82409942E-18
  280.000000000000         0.10453719E-04     -0.82283711E-18
  281.000000000000         0.10453781E-04     -0.83032023E-18
  282.000000000000         0.10453491E-04     -0.82493191E-18
  283.000000000000         0.10453121E-04     -0.84002753E-18
  284.000000000000         0.10452973E-04     -0.84059294E-18
  285.000000000000         0.10453217E-04     -0.86690244E-18
  286.000000000000         0.10453818E-04     -0.87908339E-18
  287.000000000000         0.10454561E-04     -0.91015060E-18
  288.000000000000         0.10455220E-04     -0.90158217E-18
  289.000000000000         0.10455691E-04     -0.93178296E-18
  290.000000000000         0.10456006E-04     -0.93621635E-18
  291.000000000000         0.10456252E-04     -0.92978448E-18
  292.000000000000         0.10456476E-04     -0.93552889E-18
  293.000000000000         0.10456660E-04     -0.94708350E-18
  294.000000000000         0.10456803E-04     -0.94040936E-18
  295.000000000000         0.10456939E-04     -0.94665215E-18
  296.000000000000         0.10457088E-04     -0.94120485E-18
  297.000000000000         0.10457258E-04     -0.91694924E-18
  298.000000000000         0.10457470E-04     -0.93580865E-18
  299.000000000000         0.10457793E-04     -0.93105550E-18
  300.000000000000         0.10458305E-04     -0.91264564E-18
  301.000000000000         0.10458988E-04     -0.92406157E-18
  302.000000000000         0.10459709E-04     -0.92213590E-18
  303.000000000000         0.10460287E-04     -0.90034185E-18
  304.000000000000         0.10460672E-04     -0.90179522E-18
  305.000000000000         0.10461065E-04     -0.89731440E-18
  306.000000000000         0.10461821E-04     -0.91523225E-18
  307.000000000000         0.10463187E-04     -0.92256706E-18
  308.000000000000         0.10465088E-04     -0.92723751E-18
  309.000000000000         0.10467162E-04     -0.91569284E-18
  310.000000000000         0.10469012E-04     -0.92803022E-18
  311.000000000000         0.10470450E-04     -0.93873609E-18
  312.000000000000         0.10471582E-04     -0.93019121E-18
  313.000000000000         0.10472669E-04     -0.92935405E-18
  314.000000000000         0.10473889E-04     -0.95185903E-18
  315.000000000000         0.10475193E-04     -0.94710248E-18
  316.000000000000         0.10476407E-04     -0.94311122E-18
  317.000000000000         0.10477424E-04     -0.92571741E-18
  318.000000000000         0.10478306E-04     -0.91568009E-18
  319.000000000000         0.10479215E-04     -0.91644189E-18
  320.000000000000         0.10480283E-04     -0.93011225E-18
  321.000000000000         0.10481538E-04     -0.92527304E-18
  322.000000000000         0.10482897E-04     -0.92365343E-18
  323.000000000000         0.10484221E-04     -0.90298528E-18
  324.000000000000         0.10485425E-04     -0.92736368E-18
  325.000000000000         0.10486542E-04     -0.92770171E-18
  326.000000000000         0.10487698E-04     -0.92744683E-18
  327.000000000000         0.10489041E-04     -0.93287657E-18
  328.000000000000         0.10490673E-04     -0.93262980E-18
  329.000000000000         0.10492625E-04     -0.92300051E-18
  330.000000000000         0.10494821E-04     -0.92320918E-18
  331.000000000000         0.10497080E-04     -0.91751988E-18
  332.000000000000         0.10499217E-04     -0.91367864E-18
  333.000000000000         0.10501140E-04     -0.93078721E-18
  334.000000000000         0.10502881E-04     -0.93340930E-18
  335.000000000000         0.10504580E-04     -0.97755935E-18
  336.000000000000         0.10506376E-04     -0.99167846E-18
  337.000000000000         0.10508284E-04     -0.97985668E-18
  338.000000000000         0.10510174E-04     -0.99535696E-18
  339.000000000000         0.10511870E-04     -0.98978014E-18
  340.000000000000         0.10513266E-04     -0.96660961E-18
  341.000000000000         0.10514405E-04     -0.96712658E-18
  342.000000000000         0.10515446E-04     -0.95964939E-18
  343.000000000000         0.10516527E-04     -0.97832915E-18
  344.000000000000         0.10517692E-04     -0.99172011E-18
  345.000000000000         0.10518903E-04     -0.99452425E-18
  346.000000000000         0.10520090E-04     -0.10177326E-17
  347.000000000000         0.10521156E-04     -0.10223041E-17
  348.000000000000         0.10522060E-04     -0.10227483E-17
  349.000000000000         0.10522875E-04     -0.10290564E-17
  350.000000000000         0.10523721E-04     -0.10418232E-17
  351.000000000000         0.10524680E-04     -0.10634084E-17
  352.000000000000         0.10525752E-04     -0.10680730E-17
  353.000000000000         0.10526847E-04     -0.10631834E-17
  354.000000000000         0.10527884E-04     -0.10799462E-17
  355.000000000000         0.10528829E-04     -0.10760208E-17
  356.000000000000         0.10529632E-04     -0.10822426E-17
  357.000000000000         0.10530286E-04     -0.10893807E-17
  358.000000000000         0.10530902E-04     -0.10921286E-17
  359.000000000000         0.10531661E-04     -0.10843874E-17
  360.000000000000         0.10532661E-04     -0.11155776E-17
  361.000000000000         0.10533835E-04     -0.11095840E-17
  362.000000000000         0.10534991E-04     -0.11281869E-17
  363.000000000000         0.10535889E-04     -0.11438083E-17
  364.000000000000         0.10536393E-04     -0.11463626E-17
  365.000000000000         0.10536549E-04     -0.11363851E-17
  366.000000000000         0.10536539E-04     -0.11521047E-17
  367.000000000000         0.10536629E-04     -0.11616155E-17
  368.000000000000         0.10537035E-04     -0.11441109E-17
  369.000000000000         0.10537699E-04     -0.11130130E-17
  370.000000000000         0.10538317E-04     -0.11517476E-17
  371.000000000000         0.10538630E-04     -0.11806639E-17
  372.000000000000         0.10538617E-04     -0.11878625E-17
  373.000000000000         0.10538506E-04     -0.11688114E-17
  374.000000000000         0.10538559E-04     -0.11553604E-17
  375.000000000000         0.10538822E-04     -0.11721055E-17
  376.000000000000         0.10539118E-04     -0.11790344E-17
  377.000000000000         0.10539221E-04     -0.11773170E-17
  378.000000000000         0.10539053E-04     -0.12016685E-17
  379.000000000000         0.10538768E-04     -0.12001358E-17
  380.000000000000         0.10538678E-04     -0.11685289E-17
  381.000000000000         0.10539037E-04     -0.11773317E-17
  382.000000000000         0.10539773E-04     -0.11766667E-17
  383.000000000000         0.10540517E-04     -0.11898237E-17
  384.000000000000         0.10540894E-04     -0.11645050E-17
  385.000000000000         0.10540799E-04     -0.11590631E-17
  386.000000000000         0.10540489E-04     -0.11746832E-17
  387.000000000000         0.10540391E-04     -0.11944129E-17
  388.000000000000         0.10540763E-04     -0.12050560E-17
  389.000000000000         0.10541530E-04     -0.12066139E-17
  390.000000000000         0.10542383E-04     -0.12095260E-17
  391.000000000000         0.10543000E-04     -0.12221416E-17
  392.000000000000         0.10543265E-04     -0.12382177E-17
  393.000000000000         0.10543297E-04     -0.12279657E-17
  394.000000000000         0.10543285E-04     -0.12468690E-17
  395.000000000000         0.10543316E-04     -0.12460412E-17
  396.000000000000         0.10543342E-04     -0.12290986E-17
  397.000000000000         0.10543281E-04     -0.12397939E-17
  398.000000000000         0.10543116E-04     -0.12513046E-17
  399.000000000000         0.10542936E-04     -0.12851612E-17
  400.000000000000         0.10542929E-04     -0.12975426E-17
  401.000000000000         0.10543242E-04     -0.12951652E-17
  402.000000000000         0.10543870E-04     -0.13068754E-17
  403.000000000000         0.10544650E-04     -0.13043983E-17
  404.000000000000         0.10545344E-04     -0.12955810E-17
  405.000000000000         0.10545809E-04     -0.13050176E-17
  406.000000000000         0.10546089E-04     -0.13125742E-17
  407.000000000000         0.10546347E-04     -0.13345090E-17
  408.000000000000         0.10546780E-04     -0.13344388E-17
  409.000000000000         0.10547565E-04     -0.13084749E-17
  410.000000000000         0.10548778E-04     -0.12932235E-17
  411.000000000000         0.10550299E-04     -0.12880467E-17
  412.000000000000         0.10551857E-04     -0.13066336E-17
  413.000000000000         0.10553192E-04     -0.13223526E-17
  414.000000000000         0.10554211E-04     -0.12958764E-17
  415.000000000000         0.10555018E-04     -0.13299278E-17
  416.000000000000         0.10555820E-04     -0.13283449E-17
  417.000000000000         0.10556770E-04     -0.13457833E-17
  418.000000000000         0.10557878E-04     -0.13565503E-17
  419.000000000000         0.10559043E-04     -0.13497327E-17
  420.000000000000         0.10560154E-04     -0.13704780E-17
  421.000000000000         0.10561176E-04     -0.13704217E-17
  422.000000000000         0.10562163E-04     -0.13760020E-17
  423.000000000000         0.10563166E-04     -0.13964900E-17
  424.000000000000         0.10564183E-04     -0.14182788E-17
  425.000000000000         0.10565192E-04     -0.14043191E-17
  426.000000000000         0.10566192E-04     -0.13844316E-17
  427.000000000000         0.10567234E-04     -0.13684096E-17
  428.000000000000         0.10568385E-04     -0.13925117E-17
  429.000000000000         0.10569673E-04     -0.14020047E-17
  430.000000000000         0.10571074E-04     -0.13665275E-17
  431.000000000000         0.10572545E-04     -0.13555584E-17
  432.000000000000         0.10574037E-04     -0.13624205E-17
  433.000000000000         0.10575516E-04     -0.13724686E-17
  434.000000000000         0.10576962E-04     -0.13608884E-17
  435.000000000000         0.10578363E-04     -0.13267365E-17
  436.000000000000         0.10579714E-04     -0.13358641E-17
  437.000000000000         0.10581022E-04     -0.13206661E-17
  438.000000000000         0.10582297E-04     -0.13180338E-17
  439.000000000000         0.10583563E-04     -0.13094674E-17
  440.000000000000         0.10584842E-04     -0.13027523E-17
  441.000000000000         0.10586133E-04     -0.13251278E-17
  442.000000000000         0.10587404E-04     -0.13469656E-17
  443.000000000000         0.10588611E-04     -0.13444696E-17
  444.000000000000         0.10589728E-04     -0.13485995E-17
  445.000000000000         0.10590749E-04     -0.13189259E-17
  446.000000000000         0.10591682E-04     -0.13174938E-17
  447.000000000000         0.10592538E-04     -0.13051184E-17
  448.000000000000         0.10593325E-04     -0.13069071E-17
  449.000000000000         0.10594051E-04     -0.12998698E-17
  450.000000000000         0.10594743E-04     -0.12876958E-17
  451.000000000000         0.10595418E-04     -0.13018758E-17
  452.000000000000         0.10596078E-04     -0.13115463E-17
  453.000000000000         0.10596723E-04     -0.13170575E-17
  454.000000000000         0.10597352E-04     -0.13185997E-17
  455.000000000000         0.10597956E-04     -0.13250172E-17
  456.000000000000         0.10598502E-04     -0.13366247E-17
  457.000000000000         0.10598980E-04     -0.13325435E-17
  458.000000000000         0.10599467E-04     -0.13527418E-17
  459.000000000000         0.10600076E-04     -0.13611679E-17
  460.000000000000         0.10600841E-04     -0.13516633E-17
  461.000000000000         0.10601649E-04     -0.13681293E-17
  462.000000000000         0.10602315E-04     -0.13581084E-17
  463.000000000000         0.10602746E-04     -0.13650469E-17
  464.000000000000         0.10603010E-04     -0.13722577E-17
  465.000000000000         0.10603267E-04     -0.13922706E-17
  466.000000000000         0.10603663E-04     -0.14017422E-17
  467.000000000000         0.10604230E-04     -0.13968204E-17
  468.000000000000         0.10604842E-04     -0.13978647E-17
  469.000000000000         0.10605299E-04     -0.13968081E-17
  470.000000000000         0.10605477E-04     -0.13883303E-17
  471.000000000000         0.10605454E-04     -0.13454640E-17
  472.000000000000         0.10605470E-04     -0.13538448E-17
  473.000000000000         0.10605707E-04     -0.13571097E-17
  474.000000000000         0.10606147E-04     -0.13556789E-17
  475.000000000000         0.10606583E-04     -0.13647770E-17
  476.000000000000         0.10606804E-04     -0.13590378E-17
  477.000000000000         0.10606790E-04     -0.13690366E-17
  478.000000000000         0.10606695E-04     -0.13824829E-17
  479.000000000000         0.10606716E-04     -0.14106576E-17
  480.000000000000         0.10606903E-04     -0.14254108E-17
  481.000000000000         0.10607104E-04     -0.14534764E-17
  482.000000000000         0.10607137E-04     -0.14300715E-17
  483.000000000000         0.10606980E-04     -0.14313960E-17
  484.000000000000         0.10606814E-04     -0.14437899E-17
  485.000000000000         0.10606901E-04     -0.14541525E-17
  486.000000000000         0.10607386E-04     -0.14438872E-17
  487.000000000000         0.10608159E-04     -0.14638193E-17
  488.000000000000         0.10608898E-04     -0.14127185E-17
  489.000000000000         0.10609285E-04     -0.14439946E-17
  490.000000000000         0.10609250E-04     -0.14379746E-17
  491.000000000000         0.10609033E-04     -0.14584995E-17
  492.000000000000         0.10609020E-04     -0.14859771E-17
  493.000000000000         0.10609465E-04     -0.14511247E-17
  494.000000000000         0.10610290E-04     -0.14628634E-17
  495.000000000000         0.10611191E-04     -0.14910707E-17
  496.000000000000         0.10611870E-04     -0.14921687E-17
  497.000000000000         0.10612180E-04     -0.14976982E-17
  498.000000000000         0.10612199E-04     -0.15153678E-17
  499.000000000000         0.10612155E-04     -0.15252521E-17
  500.000000000000         0.10612239E-04     -0.15325281E-17
