 #            500
    0.000000000000         0.00000000E+00      0.00000000E+00      0.00000000E+00      0.00000000E+00
    1.000000000000         0.32211780E-18      0.29541642E-21      0.64423560E-18      0.59083284E-21
    2.000000000000         0.10922066E-16      0.52368303E-21      0.21199896E-16      0.45653322E-21
    3.000000000000         0.42387148E-15      0.10650127E-20      0.82589883E-15      0.10826594E-20
    4.000000000000         0.14135388E-13      0.11772926E-20      0.27423033E-13      0.22455975E-21
    5.000000000000         0.33480098E-12      0.12974651E-20      0.64133119E-12      0.24034494E-21
    6.000000000000         0.49277059E-11      0.20490057E-20      0.91858098E-11      0.15030814E-20
    7.000000000000         0.42699199E-10      0.25710414E-20      0.75542987E-10      0.10440713E-20
    8.000000000000         0.24947291E-09      0.32177971E-20      0.41354742E-09      0.12935115E-20
    9.000000000000         0.10624717E-08      0.34715386E-20      0.16259976E-08      0.50748308E-21
   10.000000000000         0.34826463E-08      0.36222445E-20      0.48403492E-08      0.30141171E-21
   11.000000000000         0.91170999E-08      0.40947236E-20      0.11268907E-07      0.94495823E-21
   12.000000000000         0.19565706E-07      0.44840711E-20      0.20897213E-07      0.77869492E-21
   13.000000000000         0.34909804E-07      0.50156936E-20      0.30688195E-07      0.10632451E-20
   14.000000000000         0.52638062E-07      0.57466667E-20      0.35456517E-07      0.14619461E-20
   15.000000000000         0.69565533E-07      0.60772843E-20      0.33854941E-07      0.66123528E-21
   16.000000000000         0.83620921E-07      0.65700293E-20      0.28110775E-07      0.98549008E-21
   17.000000000000         0.94190979E-07      0.70214153E-20      0.21140117E-07      0.90277202E-21
   18.000000000000         0.10172564E-06      0.75149876E-20      0.15069326E-07      0.98714444E-21
   19.000000000000         0.10714895E-06      0.78877914E-20      0.10846624E-07      0.74560770E-21
   20.000000000000         0.11135171E-06      0.78366652E-20      0.84055049E-08     -0.10225243E-21
   21.000000000000         0.11489596E-06      0.82770911E-20      0.70884987E-08      0.88085173E-21
   22.000000000000         0.11796098E-06      0.90363951E-20      0.61300568E-08      0.15186080E-20
   23.000000000000         0.12047209E-06      0.96962306E-20      0.50222187E-08      0.13196710E-20
   24.000000000000         0.12231385E-06      0.10115460E-19      0.36835064E-08      0.83845872E-21
   25.000000000000         0.12350019E-06      0.99861652E-20      0.23726907E-08     -0.25858956E-21
   26.000000000000         0.12421582E-06      0.10529368E-19      0.14312561E-08      0.10864061E-20
   27.000000000000         0.12474489E-06      0.10862622E-19      0.10581318E-08      0.66650855E-21
   28.000000000000         0.12534465E-06      0.11164806E-19      0.11995229E-08      0.60436661E-21
   29.000000000000         0.12613222E-06      0.11352735E-19      0.15751463E-08      0.37585797E-21
   30.000000000000         0.12704702E-06      0.12519839E-19      0.18296031E-08      0.23342081E-20
   31.000000000000         0.12791270E-06      0.13128079E-19      0.17313555E-08      0.12164803E-20
   32.000000000000         0.12856930E-06      0.13462264E-19      0.13131954E-08      0.66836971E-21
   33.000000000000         0.12898253E-06      0.14043976E-19      0.82646269E-09      0.11634244E-20
   34.000000000000         0.12924124E-06      0.14390039E-19      0.51742381E-09      0.69212530E-21
   35.000000000000         0.12945629E-06      0.14790605E-19      0.43010236E-09      0.80113220E-21
   36.000000000000         0.12966961E-06      0.14907189E-19      0.42664501E-09      0.23316931E-21
   37.000000000000         0.12985583E-06      0.15168944E-19      0.37243501E-09      0.52350971E-21
   38.000000000000         0.12998470E-06      0.15733489E-19      0.25773817E-09      0.11290899E-20
   39.000000000000         0.13006134E-06      0.16598415E-19      0.15328259E-09      0.17298525E-20
   40.000000000000         0.13011227E-06      0.17064364E-19      0.10185618E-09      0.93189782E-21
   41.000000000000         0.13015373E-06      0.17437320E-19      0.82918730E-10      0.74591143E-21
   42.000000000000         0.13018648E-06      0.17836736E-19      0.65498523E-10      0.79883160E-21
   43.000000000000         0.13021258E-06      0.18172420E-19      0.52203570E-10      0.67136824E-21
   44.000000000000         0.13024162E-06      0.18736154E-19      0.58069290E-10      0.11274679E-20
   45.000000000000         0.13027911E-06      0.19396978E-19      0.74982811E-10      0.13216485E-20
   46.000000000000         0.13031937E-06      0.20640176E-19      0.80518152E-10      0.24863964E-20
   47.000000000000         0.13035358E-06      0.21316982E-19      0.68420803E-10      0.13536113E-20
   48.000000000000         0.13038039E-06      0.21920169E-19      0.53633419E-10      0.12063732E-20
   49.000000000000         0.13040527E-06      0.22651342E-19      0.49754977E-10      0.14623468E-20
   50.000000000000         0.13042978E-06      0.23032773E-19      0.49011729E-10      0.76286217E-21
   51.000000000000         0.13044811E-06      0.23344018E-19      0.36662714E-10      0.62249027E-21
   52.000000000000         0.13045906E-06      0.23983833E-19      0.21899906E-10      0.12796303E-20
   53.000000000000         0.13047530E-06      0.24967995E-19      0.32480225E-10      0.19683228E-20
   54.000000000000         0.13051415E-06      0.25712261E-19      0.77701371E-10      0.14885322E-20
   55.000000000000         0.13057897E-06      0.26095476E-19      0.12963256E-09      0.76642939E-21
   56.000000000000         0.13065268E-06      0.26514266E-19      0.14743503E-09      0.83757984E-21
   57.000000000000         0.13071232E-06      0.26838353E-19      0.11928157E-09      0.64817487E-21
   58.000000000000         0.13074863E-06      0.26942640E-19      0.72606486E-10      0.20857361E-21
   59.000000000000         0.13077008E-06      0.27749326E-19      0.42907336E-10      0.16133719E-20
   60.000000000000         0.13079026E-06      0.28168500E-19      0.40351481E-10      0.83834886E-21
   61.000000000000         0.13081512E-06      0.28872973E-19      0.49725321E-10      0.14089452E-20
   62.000000000000         0.13084258E-06      0.29573721E-19      0.54931193E-10      0.14014973E-20
   63.000000000000         0.13086956E-06      0.30112755E-19      0.53957327E-10      0.10780665E-20
   64.000000000000         0.13089558E-06      0.30384196E-19      0.52039978E-10      0.54288383E-21
   65.000000000000         0.13092071E-06      0.30843780E-19      0.50259631E-10      0.91916699E-21
   66.000000000000         0.13094391E-06      0.31715868E-19      0.46396527E-10      0.17441763E-20
   67.000000000000         0.13096509E-06      0.32441125E-19      0.42361533E-10      0.14505142E-20
   68.000000000000         0.13098619E-06      0.33215566E-19      0.42195730E-10      0.15488809E-20
   69.000000000000         0.13100839E-06      0.33772522E-19      0.44402171E-10      0.11139131E-20
   70.000000000000         0.13102951E-06      0.34536092E-19      0.42247142E-10      0.15271399E-20
   71.000000000000         0.13104601E-06      0.34768224E-19      0.32988532E-10      0.46426289E-21
   72.000000000000         0.13105710E-06      0.35625962E-19      0.22185902E-10      0.17154770E-20
   73.000000000000         0.13106652E-06      0.36046886E-19      0.18836948E-10      0.84184823E-21
   74.000000000000         0.13107956E-06      0.36627224E-19      0.26078083E-10      0.11606763E-20
   75.000000000000         0.13109723E-06      0.37135232E-19      0.35346135E-10      0.10160150E-20
   76.000000000000         0.13111474E-06      0.37849752E-19      0.35011361E-10      0.14290398E-20
   77.000000000000         0.13112685E-06      0.38160859E-19      0.24216964E-10      0.62221481E-21
   78.000000000000         0.13113435E-06      0.38754007E-19      0.15001164E-10      0.11862962E-20
   79.000000000000         0.13114501E-06      0.39317122E-19      0.21330012E-10      0.11262303E-20
   80.000000000000         0.13116853E-06      0.39603699E-19      0.47039060E-10      0.57315347E-21
   81.000000000000         0.13120931E-06      0.40516988E-19      0.81549934E-10      0.18265777E-20
   82.000000000000         0.13126179E-06      0.40611956E-19      0.10497651E-09      0.18993620E-21
   83.000000000000         0.13131369E-06      0.41262689E-19      0.10379287E-09      0.13014666E-20
   84.000000000000         0.13135565E-06      0.41665934E-19      0.83928003E-10      0.80648949E-21
   85.000000000000         0.13138794E-06      0.42016998E-19      0.64561363E-10      0.70212740E-21
   86.000000000000         0.13141711E-06      0.43074950E-19      0.58358168E-10      0.21159035E-20
   87.000000000000         0.13144743E-06      0.43684712E-19      0.60629051E-10      0.12195240E-20
   88.000000000000         0.13147703E-06      0.44465387E-19      0.59195823E-10      0.15613500E-20
   89.000000000000         0.13150348E-06      0.44818558E-19      0.52905239E-10      0.70634247E-21
   90.000000000000         0.13152870E-06      0.45162753E-19      0.50442490E-10      0.68839007E-21
   91.000000000000         0.13155537E-06      0.45847824E-19      0.53333108E-10      0.13701420E-20
   92.000000000000         0.13158112E-06      0.46164564E-19      0.51511170E-10      0.63347949E-21
   93.000000000000         0.13160072E-06      0.46519472E-19      0.39189569E-10      0.70981598E-21
   94.000000000000         0.13161231E-06      0.46746695E-19      0.23186892E-10      0.45444659E-21
   95.000000000000         0.13161899E-06      0.47245236E-19      0.13350538E-10      0.99708191E-21
   96.000000000000         0.13162686E-06      0.47570923E-19      0.15749456E-10      0.65137373E-21
   97.000000000000         0.13164428E-06      0.47183334E-19      0.34847117E-10     -0.77517678E-21
   98.000000000000         0.13168079E-06      0.47455073E-19      0.73018434E-10      0.54347836E-21
   99.000000000000         0.13174293E-06      0.47954875E-19      0.12427792E-09      0.99960385E-21
  100.000000000000         0.13182827E-06      0.48539496E-19      0.17067066E-09      0.11692405E-20
  101.000000000000         0.13192318E-06      0.49039543E-19      0.18982472E-09      0.10000950E-20
  102.000000000000         0.13200888E-06      0.49497479E-19      0.17140167E-09      0.91587120E-21
  103.000000000000         0.13207219E-06      0.50404968E-19      0.12660830E-09      0.18149777E-20
  104.000000000000         0.13211216E-06      0.50858964E-19      0.79949182E-10      0.90799198E-21
  105.000000000000         0.13213879E-06      0.51590575E-19      0.53249487E-10      0.14632224E-20
  106.000000000000         0.13216499E-06      0.51954506E-19      0.52418625E-10      0.72786209E-21
  107.000000000000         0.13219711E-06      0.52730027E-19      0.64222777E-10      0.15510425E-20
  108.000000000000         0.13223165E-06      0.53086578E-19      0.69088647E-10      0.71310209E-21
  109.000000000000         0.13226171E-06      0.53630746E-19      0.60121488E-10      0.10883351E-20
  110.000000000000         0.13228544E-06      0.54070039E-19      0.47449001E-10      0.87858668E-21
  111.000000000000         0.13230715E-06      0.54547572E-19      0.43430114E-10      0.95506534E-21
  112.000000000000         0.13233042E-06      0.55255904E-19      0.46539813E-10      0.14166644E-20
  113.000000000000         0.13235236E-06      0.55344032E-19      0.43871739E-10      0.17625541E-21
  114.000000000000         0.13236717E-06      0.55946087E-19      0.29637031E-10      0.12041113E-20
  115.000000000000         0.13237488E-06      0.56642376E-19      0.15412179E-10      0.13925776E-20
  116.000000000000         0.13238418E-06      0.56877256E-19      0.18590540E-10      0.46975912E-21
  117.000000000000         0.13240637E-06      0.57154107E-19      0.44391984E-10      0.55370180E-21
  118.000000000000         0.13244824E-06      0.56871551E-19      0.83733991E-10     -0.56511168E-21
  119.000000000000         0.13250972E-06      0.57520433E-19      0.12296522E-09      0.12977637E-20
  120.000000000000         0.13258470E-06      0.57955365E-19      0.14996430E-09      0.86986574E-21
  121.000000000000         0.13266309E-06      0.58388767E-19      0.15677024E-09      0.86680258E-21
  122.000000000000         0.13273403E-06      0.58995831E-19      0.14187406E-09      0.12141280E-20
  123.000000000000         0.13278975E-06      0.59456083E-19      0.11144748E-09      0.92050470E-21
  124.000000000000         0.13282920E-06      0.59769871E-19      0.78898390E-10      0.62757613E-21
  125.000000000000         0.13285876E-06      0.60436395E-19      0.59126944E-10      0.13330481E-20
  126.000000000000         0.13288830E-06      0.61126025E-19      0.59084997E-10      0.13792604E-20
  127.000000000000         0.13292442E-06      0.61535173E-19      0.72239274E-10      0.81829620E-21
  128.000000000000         0.13296637E-06      0.62392479E-19      0.83890880E-10      0.17146110E-20
  129.000000000000         0.13300749E-06      0.63161182E-19      0.82248504E-10      0.15374070E-20
  130.000000000000         0.13304081E-06      0.63871166E-19      0.66638581E-10      0.14199667E-20
  131.000000000000         0.13306425E-06      0.64128992E-19      0.46868535E-10      0.51565149E-21
  132.000000000000         0.13308055E-06      0.64669965E-19      0.32608389E-10      0.10819471E-20
  133.000000000000         0.13309309E-06      0.65166044E-19      0.25068776E-10      0.99215761E-21
  134.000000000000         0.13310308E-06      0.65935643E-19      0.19979049E-10      0.15391986E-20
  135.000000000000         0.13311046E-06      0.66668361E-19      0.14769224E-10      0.14654358E-20
  136.000000000000         0.13311634E-06      0.67251202E-19      0.11767253E-10      0.11656814E-20
  137.000000000000         0.13312366E-06      0.67979787E-19      0.14627538E-10      0.14571704E-20
  138.000000000000         0.13313586E-06      0.68146836E-19      0.24410592E-10      0.33409827E-21
  139.000000000000         0.13315578E-06      0.69095610E-19      0.39832916E-10      0.18975472E-20
  140.000000000000         0.13318504E-06      0.69583224E-19      0.58517591E-10      0.97522787E-21
  141.000000000000         0.13322297E-06      0.69939284E-19      0.75860200E-10      0.71211981E-21
  142.000000000000         0.13326476E-06      0.70288720E-19      0.83592369E-10      0.69887200E-21
  143.000000000000         0.13330174E-06      0.70645267E-19      0.73953193E-10      0.71309562E-21
  144.000000000000         0.13332611E-06      0.71546415E-19      0.48740253E-10      0.18022954E-20
  145.000000000000         0.13333725E-06      0.72031867E-19      0.22277343E-10      0.97090294E-21
  146.000000000000         0.13334413E-06      0.72849395E-19      0.13757495E-10      0.16350563E-20
  147.000000000000         0.13336027E-06      0.73405173E-19      0.32272676E-10      0.11115576E-20
  148.000000000000         0.13339332E-06      0.73906442E-19      0.66109062E-10      0.10025378E-20
  149.000000000000         0.13343760E-06      0.74755715E-19      0.88564691E-10      0.16985456E-20
  150.000000000000         0.13347767E-06      0.74890734E-19      0.80138548E-10      0.27003701E-21
  151.000000000000         0.13350142E-06      0.75610627E-19      0.47500004E-10      0.14397867E-20
  152.000000000000         0.13350995E-06      0.75802299E-19      0.17065308E-10      0.38334460E-21
  153.000000000000         0.13351520E-06      0.76311420E-19      0.10498370E-10      0.10182413E-20
  154.000000000000         0.13352822E-06      0.76302312E-19      0.26031178E-10     -0.18216048E-22
  155.000000000000         0.13354979E-06      0.76899627E-19      0.43149877E-10      0.11946311E-20
  156.000000000000         0.13357218E-06      0.77908039E-19      0.44781050E-10      0.20168227E-20
  157.000000000000         0.13358790E-06      0.78439177E-19      0.31439765E-10      0.10622757E-20
  158.000000000000         0.13359618E-06      0.78801873E-19      0.16553527E-10      0.72539347E-21
  159.000000000000         0.13360262E-06      0.79641952E-19      0.12878829E-10      0.16801570E-20
  160.000000000000         0.13361384E-06      0.80551415E-19      0.22436770E-10      0.18189262E-20
  161.000000000000         0.13363172E-06      0.80843107E-19      0.35767823E-10      0.58338336E-21
  162.000000000000         0.13365226E-06      0.80951534E-19      0.41065937E-10      0.21685511E-21
  163.000000000000         0.13366973E-06      0.81064941E-19      0.34940107E-10      0.22681359E-21
  164.000000000000         0.13368129E-06      0.81521707E-19      0.23128412E-10      0.91353183E-21
  165.000000000000         0.13368779E-06      0.82014953E-19      0.12999196E-10      0.98649255E-21
  166.000000000000         0.13369247E-06      0.82508631E-19      0.93622029E-11      0.98735608E-21
  167.000000000000         0.13369922E-06      0.82851649E-19      0.13489251E-10      0.68603616E-21
  168.000000000000         0.13371039E-06      0.83417505E-19      0.22353201E-10      0.11317120E-20
  169.000000000000         0.13372557E-06      0.84235159E-19      0.30346578E-10      0.16353067E-20
  170.000000000000         0.13374242E-06      0.84803319E-19      0.33713374E-10      0.11363213E-20
  171.000000000000         0.13375882E-06      0.85359353E-19      0.32789171E-10      0.11120681E-20
  172.000000000000         0.13377382E-06      0.85507348E-19      0.30011998E-10      0.29598980E-21
  173.000000000000         0.13378756E-06      0.85631095E-19      0.27468638E-10      0.24749311E-21
  174.000000000000         0.13380065E-06      0.85875374E-19      0.26176984E-10      0.48855809E-21
  175.000000000000         0.13381396E-06      0.86139473E-19      0.26620055E-10      0.52819733E-21
  176.000000000000         0.13382846E-06      0.86962048E-19      0.29013771E-10      0.16451505E-20
  177.000000000000         0.13384480E-06      0.87420412E-19      0.32680841E-10      0.91672746E-21
  178.000000000000         0.13386261E-06      0.87887449E-19      0.35617774E-10      0.93407563E-21
  179.000000000000         0.13388043E-06      0.88028407E-19      0.35644381E-10      0.28191481E-21
  180.000000000000         0.13389673E-06      0.89001086E-19      0.32583273E-10      0.19453589E-20
  181.000000000000         0.13391163E-06      0.89700015E-19      0.29815006E-10      0.13978582E-20
  182.000000000000         0.13392751E-06      0.90392223E-19      0.31755526E-10      0.13844157E-20
  183.000000000000         0.13394667E-06      0.90865515E-19      0.38325219E-10      0.94658351E-21
  184.000000000000         0.13396841E-06      0.91315466E-19      0.43476460E-10      0.89990273E-21
  185.000000000000         0.13398876E-06      0.91490286E-19      0.40707157E-10      0.34964022E-21
  186.000000000000         0.13400368E-06      0.92169057E-19      0.29838266E-10      0.13575404E-20
  187.000000000000         0.13401223E-06      0.92755491E-19      0.17093091E-10      0.11728691E-20
  188.000000000000         0.13401698E-06      0.93096326E-19      0.95065358E-11      0.68166922E-21
  189.000000000000         0.13402175E-06      0.93819105E-19      0.95294089E-11      0.14455576E-20
  190.000000000000         0.13402810E-06      0.94208504E-19      0.12695866E-10      0.77879832E-21
  191.000000000000         0.13403388E-06      0.94350038E-19      0.11564240E-10      0.28306833E-21
  192.000000000000         0.13403646E-06      0.95130760E-19      0.51681529E-11      0.15614453E-20
  193.000000000000         0.13403809E-06      0.95645233E-19      0.32449123E-11      0.10289445E-20
  194.000000000000         0.13404616E-06      0.96349129E-19      0.16151946E-10      0.14077916E-20
  195.000000000000         0.13406661E-06      0.96904720E-19      0.40892833E-10      0.11111828E-20
  196.000000000000         0.13409677E-06      0.97401620E-19      0.60322518E-10      0.99380066E-21
  197.000000000000         0.13412591E-06      0.97934635E-19      0.58285824E-10      0.10660303E-20
  198.000000000000         0.13414403E-06      0.98642404E-19      0.36242621E-10      0.14155368E-20
  199.000000000000         0.13415072E-06      0.98900432E-19      0.13373654E-10      0.51605619E-21
  200.000000000000         0.13415576E-06      0.99861597E-19      0.10072530E-10      0.19223303E-20
  201.000000000000         0.13417191E-06      0.10064460E-18      0.32300344E-10      0.15660028E-20
  202.000000000000         0.13420552E-06      0.10093532E-18      0.67229639E-10      0.58145112E-21
  203.000000000000         0.13425169E-06      0.10129893E-18      0.92341872E-10      0.72721586E-21
  204.000000000000         0.13429780E-06      0.10218466E-18      0.92207500E-10      0.17714538E-20
  205.000000000000         0.13433266E-06      0.10284920E-18      0.69735216E-10      0.13290802E-20
  206.000000000000         0.13435354E-06      0.10318377E-18      0.41749891E-10      0.66914196E-21
  207.000000000000         0.13436564E-06      0.10346453E-18      0.24212301E-10      0.56152770E-21
  208.000000000000         0.13437636E-06      0.10395333E-18      0.21429520E-10      0.97759632E-21
  209.000000000000         0.13438924E-06      0.10459338E-18      0.25767558E-10      0.12800892E-20
  210.000000000000         0.13440246E-06      0.10462378E-18      0.26433506E-10      0.60805550E-22
  211.000000000000         0.13441246E-06      0.10538843E-18      0.20001445E-10      0.15292967E-20
  212.000000000000         0.13441901E-06      0.10565225E-18      0.13103147E-10      0.52764884E-21
  213.000000000000         0.13442713E-06      0.10659114E-18      0.16237275E-10      0.18777853E-20
  214.000000000000         0.13444369E-06      0.10672024E-18      0.33113944E-10      0.25819152E-21
  215.000000000000         0.13447114E-06      0.10698452E-18      0.54897225E-10      0.52855680E-21
  216.000000000000         0.13450409E-06      0.10748183E-18      0.65910964E-10      0.99462138E-21
  217.000000000000         0.13453287E-06      0.10787024E-18      0.57564564E-10      0.77682407E-21
  218.000000000000         0.13455120E-06      0.10793855E-18      0.36651377E-10      0.13661536E-21
  219.000000000000         0.13456104E-06      0.10843518E-18      0.19686515E-10      0.99325620E-21
  220.000000000000         0.13457131E-06      0.10850413E-18      0.20524813E-10      0.13790783E-21
  221.000000000000         0.13459178E-06      0.10869281E-18      0.40955287E-10      0.37736046E-21
  222.000000000000         0.13462641E-06      0.10915136E-18      0.69261465E-10      0.91709258E-21
  223.000000000000         0.13467051E-06      0.10966016E-18      0.88182830E-10      0.10176079E-20
  224.000000000000         0.13471384E-06      0.11023266E-18      0.86670460E-10      0.11449938E-20
  225.000000000000         0.13474704E-06      0.11083895E-18      0.66393583E-10      0.12125835E-20
  226.000000000000         0.13476699E-06      0.11155356E-18      0.39903462E-10      0.14292127E-20
  227.000000000000         0.13477783E-06      0.11212069E-18      0.21689027E-10      0.11342638E-20
  228.000000000000         0.13478681E-06      0.11237251E-18      0.17958149E-10      0.50363475E-21
  229.000000000000         0.13479886E-06      0.11293300E-18      0.24099657E-10      0.11209926E-20
  230.000000000000         0.13481463E-06      0.11334523E-18      0.31533783E-10      0.82445805E-21
  231.000000000000         0.13483154E-06      0.11382949E-18      0.33820912E-10      0.96851672E-21
  232.000000000000         0.13484625E-06      0.11440003E-18      0.29426965E-10      0.11410873E-20
  233.000000000000         0.13485765E-06      0.11504073E-18      0.22792719E-10      0.12813946E-20
  234.000000000000         0.13486808E-06      0.11559845E-18      0.20859245E-10      0.11154447E-20
  235.000000000000         0.13488134E-06      0.11580108E-18      0.26529503E-10      0.40526165E-21
  236.000000000000         0.13489924E-06      0.11650855E-18      0.35792834E-10      0.14149261E-20
  237.000000000000         0.13491957E-06      0.11727427E-18      0.40655959E-10      0.15314422E-20
  238.000000000000         0.13493731E-06      0.11798445E-18      0.35478623E-10      0.14203577E-20
  239.000000000000         0.13494879E-06      0.11822745E-18      0.22963758E-10      0.48601516E-21
  240.000000000000         0.13495524E-06      0.11852700E-18      0.12896072E-10      0.59909333E-21
  241.000000000000         0.13496191E-06      0.11868019E-18      0.13348566E-10      0.30637479E-21
  242.000000000000         0.13497430E-06      0.11897369E-18      0.24784802E-10      0.58700228E-21
  243.000000000000         0.13499503E-06      0.11954221E-18      0.41453509E-10      0.11370451E-20
  244.000000000000         0.13502235E-06      0.12021892E-18      0.54641947E-10      0.13534174E-20
  245.000000000000         0.13505087E-06      0.12115612E-18      0.57045688E-10      0.18743926E-20
  246.000000000000         0.13507510E-06      0.12176071E-18      0.48449549E-10      0.12091907E-20
  247.000000000000         0.13509257E-06      0.12256509E-18      0.34949916E-10      0.16087577E-20
  248.000000000000         0.13510440E-06      0.12279440E-18      0.23658051E-10      0.45862449E-21
  249.000000000000         0.13511435E-06      0.12289380E-18      0.19892062E-10      0.19878315E-21
  250.000000000000         0.13512706E-06      0.12361460E-18      0.25412288E-10      0.14416026E-20
  251.000000000000         0.13514537E-06      0.12436360E-18      0.36632053E-10      0.14980060E-20
  252.000000000000         0.13516855E-06      0.12498256E-18      0.46349621E-10      0.12379159E-20
  253.000000000000         0.13519267E-06      0.12552491E-18      0.48250587E-10      0.10847065E-20
  254.000000000000         0.13521320E-06      0.12594529E-18      0.41064313E-10      0.84075932E-21
  255.000000000000         0.13522837E-06      0.12658309E-18      0.30335764E-10      0.12756011E-20
  256.000000000000         0.13524046E-06      0.12672263E-18      0.24178079E-10      0.27908753E-21
  257.000000000000         0.13525297E-06      0.12714554E-18      0.25026085E-10      0.84581611E-21
  258.000000000000         0.13526713E-06      0.12770018E-18      0.28303800E-10      0.11092828E-20
  259.000000000000         0.13528170E-06      0.12807704E-18      0.29141591E-10      0.75370179E-21
  260.000000000000         0.13529504E-06      0.12857121E-18      0.26683403E-10      0.98835613E-21
  261.000000000000         0.13530688E-06      0.12901094E-18      0.23684995E-10      0.87945263E-21
  262.000000000000         0.13531886E-06      0.12929529E-18      0.23958192E-10      0.56870737E-21
  263.000000000000         0.13533320E-06      0.12964395E-18      0.28678375E-10      0.69731780E-21
  264.000000000000         0.13535039E-06      0.13008686E-18      0.34379562E-10      0.88580835E-21
  265.000000000000         0.13536841E-06      0.13055450E-18      0.36050065E-10      0.93528409E-21
  266.000000000000         0.13538463E-06      0.13110391E-18      0.32437642E-10      0.10988171E-20
  267.000000000000         0.13539833E-06      0.13150241E-18      0.27389164E-10      0.79701568E-21
  268.000000000000         0.13541119E-06      0.13218623E-18      0.25724587E-10      0.13676314E-20
  269.000000000000         0.13542507E-06      0.13308001E-18      0.27764584E-10      0.17875645E-20
  270.000000000000         0.13543966E-06      0.13326562E-18      0.29179194E-10      0.37122446E-21
  271.000000000000         0.13545287E-06      0.13415340E-18      0.26424606E-10      0.17755413E-20
  272.000000000000         0.13546294E-06      0.13505387E-18      0.20128613E-10      0.18009585E-20
  273.000000000000         0.13546950E-06      0.13581038E-18      0.13123937E-10      0.15130031E-20
  274.000000000000         0.13547340E-06      0.13682996E-18      0.77930699E-11      0.20391631E-20
  275.000000000000         0.13547618E-06      0.13743164E-18      0.55757255E-11      0.12033682E-20
  276.000000000000         0.13547940E-06      0.13797005E-18      0.64359120E-11      0.10768144E-20
  277.000000000000         0.13548378E-06      0.13849622E-18      0.87641822E-11      0.10523415E-20
  278.000000000000         0.13548902E-06      0.13899086E-18      0.10467376E-10      0.98928186E-21
  279.000000000000         0.13549413E-06      0.13945123E-18      0.10214207E-10      0.92073896E-21
  280.000000000000         0.13549817E-06      0.13977948E-18      0.80859628E-11      0.65650322E-21
  281.000000000000         0.13550081E-06      0.14026045E-18      0.52914783E-11      0.96193441E-21
  282.000000000000         0.13550257E-06      0.14077760E-18      0.35136015E-11      0.10342953E-20
  283.000000000000         0.13550455E-06      0.14107197E-18      0.39562713E-11      0.58875358E-21
  284.000000000000         0.13550768E-06      0.14174737E-18      0.62659351E-11      0.13507986E-20
  285.000000000000         0.13551209E-06      0.14220247E-18      0.88159838E-11      0.91019887E-21
  286.000000000000         0.13551722E-06      0.14277889E-18      0.10259268E-10      0.11528407E-20
  287.000000000000         0.13552267E-06      0.14318652E-18      0.10907858E-10      0.81525001E-21
  288.000000000000         0.13552888E-06      0.14347043E-18      0.12406173E-10      0.56782768E-21
  289.000000000000         0.13553659E-06      0.14439818E-18      0.15425610E-10      0.18554902E-20
  290.000000000000         0.13554572E-06      0.14522270E-18      0.18265096E-10      0.16490376E-20
  291.000000000000         0.13555478E-06      0.14598984E-18      0.18121477E-10      0.15342921E-20
  292.000000000000         0.13556172E-06      0.14654108E-18      0.13874201E-10      0.11024747E-20
  293.000000000000         0.13556554E-06      0.14727579E-18      0.76476651E-11      0.14694327E-20
  294.000000000000         0.13556713E-06      0.14730960E-18      0.31814971E-11      0.67615250E-22
  295.000000000000         0.13556818E-06      0.14788532E-18      0.20858794E-11      0.11514286E-20
  296.000000000000         0.13556943E-06      0.14837317E-18      0.25096068E-11      0.97570770E-21
  297.000000000000         0.13557041E-06      0.14895319E-18      0.19554046E-11      0.11600381E-20
  298.000000000000         0.13557064E-06      0.14931529E-18      0.46788120E-12      0.72420440E-21
  299.000000000000         0.13557095E-06      0.14987419E-18      0.61900711E-12      0.11177970E-20
  300.000000000000         0.13557311E-06      0.15045729E-18      0.43224021E-11      0.11662064E-20
  301.000000000000         0.13557800E-06      0.15137945E-18      0.97709521E-11      0.18443168E-20
  302.000000000000         0.13558404E-06      0.15146400E-18      0.12083491E-10      0.16909189E-21
  303.000000000000         0.13558822E-06      0.15156496E-18      0.83611177E-11      0.20192709E-21
  304.000000000000         0.13558919E-06      0.15225983E-18      0.19433554E-11      0.13897294E-20
  305.000000000000         0.13558952E-06      0.15262685E-18      0.66034316E-12      0.73404010E-21
  306.000000000000         0.13559431E-06      0.15335215E-18      0.95690621E-11      0.14506047E-20
  307.000000000000         0.13560680E-06      0.15388106E-18      0.24974292E-10      0.10578167E-20
  308.000000000000         0.13562511E-06      0.15440684E-18      0.36625783E-10      0.10515741E-20
  309.000000000000         0.13564333E-06      0.15492629E-18      0.36450293E-10      0.10388949E-20
  310.000000000000         0.13565574E-06      0.15534167E-18      0.24808827E-10      0.83075560E-21
  311.000000000000         0.13566076E-06      0.15620730E-18      0.10040514E-10      0.17312548E-20
  312.000000000000         0.13566211E-06      0.15648684E-18      0.27045534E-11      0.55908170E-21
  313.000000000000         0.13566577E-06      0.15658306E-18      0.73091500E-11      0.19244359E-21
  314.000000000000         0.13567480E-06      0.15665154E-18      0.18071123E-10      0.13695140E-21
  315.000000000000         0.13568708E-06      0.15725399E-18      0.24562547E-10      0.12049191E-20
  316.000000000000         0.13569803E-06      0.15785952E-18      0.21893502E-10      0.12110454E-20
  317.000000000000         0.13570528E-06      0.15860094E-18      0.14492743E-10      0.14828550E-20
  318.000000000000         0.13571051E-06      0.15867851E-18      0.10478896E-10      0.15512676E-21
  319.000000000000         0.13571726E-06      0.15918633E-18      0.13493696E-10      0.10156434E-20
  320.000000000000         0.13572740E-06      0.15972130E-18      0.20281820E-10      0.10699465E-20
  321.000000000000         0.13573988E-06      0.15976913E-18      0.24948199E-10      0.95644071E-22
  322.000000000000         0.13575202E-06      0.16001615E-18      0.24281777E-10      0.49405432E-21
  323.000000000000         0.13576184E-06      0.16069969E-18      0.19643981E-10      0.13670756E-20
  324.000000000000         0.13576953E-06      0.16104443E-18      0.15387292E-10      0.68948220E-21
  325.000000000000         0.13577770E-06      0.16153108E-18      0.16337585E-10      0.97329239E-21
  326.000000000000         0.13578976E-06      0.16242657E-18      0.24107940E-10      0.17909863E-20
  327.000000000000         0.13580734E-06      0.16332266E-18      0.35177646E-10      0.17921721E-20
  328.000000000000         0.13582914E-06      0.16372016E-18      0.43583857E-10      0.79500266E-21
  329.000000000000         0.13585158E-06      0.16446125E-18      0.44894017E-10      0.14821894E-20
  330.000000000000         0.13587083E-06      0.16498903E-18      0.38494874E-10      0.10555500E-20
  331.000000000000         0.13588468E-06      0.16540898E-18      0.27702183E-10      0.83990063E-21
  332.000000000000         0.13589380E-06      0.16584947E-18      0.18234635E-10      0.88098946E-21
  333.000000000000         0.13590146E-06      0.16613749E-18      0.15328695E-10      0.57604375E-21
  334.000000000000         0.13591175E-06      0.16638091E-18      0.20566646E-10      0.48683103E-21
  335.000000000000         0.13592706E-06      0.16654335E-18      0.30620178E-10      0.32487650E-21
  336.000000000000         0.13594650E-06      0.16728239E-18      0.38891327E-10      0.14780923E-20
  337.000000000000         0.13596620E-06      0.16756447E-18      0.39385145E-10      0.56415142E-21
  338.000000000000         0.13598183E-06      0.16827072E-18      0.31261597E-10      0.14124962E-20
  339.000000000000         0.13599185E-06      0.16901763E-18      0.20050204E-10      0.14938200E-20
  340.000000000000         0.13599862E-06      0.16958117E-18      0.13528739E-10      0.11270914E-20
  341.000000000000         0.13600657E-06      0.16986375E-18      0.15905156E-10      0.56514985E-21
  342.000000000000         0.13601902E-06      0.17041478E-18      0.24903924E-10      0.11020579E-20
  343.000000000000         0.13603555E-06      0.17080000E-18      0.33061693E-10      0.77043604E-21
  344.000000000000         0.13605213E-06      0.17154500E-18      0.33148262E-10      0.14900056E-20
  345.000000000000         0.13606459E-06      0.17207482E-18      0.24928659E-10      0.10596326E-20
  346.000000000000         0.13607246E-06      0.17256087E-18      0.15736760E-10      0.97210009E-21
  347.000000000000         0.13607938E-06      0.17314432E-18      0.13844974E-10      0.11669108E-20
  348.000000000000         0.13609027E-06      0.17370937E-18      0.21769953E-10      0.11301045E-20
  349.000000000000         0.13610743E-06      0.17410152E-18      0.34327804E-10      0.78430424E-21
  350.000000000000         0.13612854E-06      0.17463717E-18      0.42221331E-10      0.10712842E-20
  351.000000000000         0.13614820E-06      0.17504343E-18      0.39314076E-10      0.81252532E-21
  352.000000000000         0.13616226E-06      0.17558969E-18      0.28135357E-10      0.10925227E-20
  353.000000000000         0.13617113E-06      0.17570967E-18      0.17738821E-10      0.23996124E-21
  354.000000000000         0.13617954E-06      0.17661338E-18      0.16808146E-10      0.18074136E-20
  355.000000000000         0.13619302E-06      0.17705640E-18      0.26956503E-10      0.88603453E-21
  356.000000000000         0.13621311E-06      0.17729331E-18      0.40183597E-10      0.47383363E-21
  357.000000000000         0.13623548E-06      0.17771492E-18      0.44742576E-10      0.84322147E-21
  358.000000000000         0.13625351E-06      0.17805854E-18      0.36055450E-10      0.68723331E-21
  359.000000000000         0.13626394E-06      0.17821865E-18      0.20856906E-10      0.32021391E-21
  360.000000000000         0.13626943E-06      0.17876298E-18      0.10988543E-10      0.10886760E-20
  361.000000000000         0.13627631E-06      0.17916097E-18      0.13768506E-10      0.79597201E-21
  362.000000000000         0.13628948E-06      0.17953775E-18      0.26337407E-10      0.75355639E-21
  363.000000000000         0.13630849E-06      0.18015289E-18      0.38015980E-10      0.12302903E-20
  364.000000000000         0.13632813E-06      0.18046243E-18      0.39271962E-10      0.61906845E-21
  365.000000000000         0.13634278E-06      0.18084891E-18      0.29306076E-10      0.77296928E-21
  366.000000000000         0.13635082E-06      0.18128910E-18      0.16070914E-10      0.88037513E-21
  367.000000000000         0.13635590E-06      0.18184828E-18      0.10176584E-10      0.11183576E-20
  368.000000000000         0.13636421E-06      0.18224161E-18      0.16610390E-10      0.78666946E-21
  369.000000000000         0.13637910E-06      0.18258652E-18      0.29783653E-10      0.68980532E-21
  370.000000000000         0.13639841E-06      0.18300187E-18      0.38612589E-10      0.83070391E-21
  371.000000000000         0.13641702E-06      0.18350060E-18      0.37220016E-10      0.99745835E-21
  372.000000000000         0.13643153E-06      0.18382748E-18      0.29031829E-10      0.65375834E-21
  373.000000000000         0.13644268E-06      0.18365156E-18      0.22296055E-10     -0.35183479E-21
  374.000000000000         0.13645402E-06      0.18428116E-18      0.22678754E-10      0.12592028E-20
  375.000000000000         0.13646837E-06      0.18546377E-18      0.28694397E-10      0.23652112E-20
  376.000000000000         0.13648520E-06      0.18582202E-18      0.33656960E-10      0.71649805E-21
  377.000000000000         0.13650109E-06      0.18638714E-18      0.31782009E-10      0.11302515E-20
  378.000000000000         0.13651254E-06      0.18674953E-18      0.22905685E-10      0.72477874E-21
  379.000000000000         0.13651881E-06      0.18736066E-18      0.12543558E-10      0.12222673E-20
  380.000000000000         0.13652253E-06      0.18786997E-18      0.74369857E-11      0.10186185E-20
  381.000000000000         0.13652747E-06      0.18817481E-18      0.98810764E-11      0.60967381E-21
  382.000000000000         0.13653549E-06      0.18831662E-18      0.16032127E-10      0.28362571E-21
  383.000000000000         0.13654547E-06      0.18860401E-18      0.19959296E-10      0.57477228E-21
  384.000000000000         0.13655473E-06      0.18905075E-18      0.18521179E-10      0.89347512E-21
  385.000000000000         0.13656125E-06      0.18955315E-18      0.13043094E-10      0.10047996E-20
  386.000000000000         0.13656504E-06      0.18940138E-18      0.75844901E-11     -0.30353924E-21
  387.000000000000         0.13656779E-06      0.19042456E-18      0.54981775E-11      0.20463638E-20
  388.000000000000         0.13657136E-06      0.19094853E-18      0.71397017E-11      0.10479471E-20
  389.000000000000         0.13657654E-06      0.19130776E-18      0.10355843E-10      0.71845614E-21
  390.000000000000         0.13658281E-06      0.19188787E-18      0.12549552E-10      0.11602150E-20
  391.000000000000         0.13658901E-06      0.19260398E-18      0.12397662E-10      0.14322213E-20
  392.000000000000         0.13659418E-06      0.19311502E-18      0.10332645E-10      0.10220851E-20
  393.000000000000         0.13659803E-06      0.19363936E-18      0.77077669E-11      0.10486852E-20
  394.000000000000         0.13660081E-06      0.19401688E-18      0.55563956E-11      0.75502617E-21
  395.000000000000         0.13660290E-06      0.19471689E-18      0.41845106E-11      0.14000340E-20
  396.000000000000         0.13660464E-06      0.19528583E-18      0.34841291E-11      0.11378614E-20
  397.000000000000         0.13660627E-06      0.19604609E-18      0.32460978E-11      0.15205362E-20
  398.000000000000         0.13660784E-06      0.19641272E-18      0.31437432E-11      0.73325573E-21
  399.000000000000         0.13660925E-06      0.19675018E-18      0.28260005E-11      0.67492738E-21
  400.000000000000         0.13661038E-06      0.19654999E-18      0.22498496E-11     -0.40038238E-21
  401.000000000000         0.13661128E-06      0.19740889E-18      0.18154163E-11      0.17177881E-20
  402.000000000000         0.13661233E-06      0.19784827E-18      0.21003272E-11      0.87876843E-21
  403.000000000000         0.13661396E-06      0.19839998E-18      0.32567691E-11      0.11034199E-20
  404.000000000000         0.13661623E-06      0.19863798E-18      0.45248150E-11      0.47598721E-21
  405.000000000000         0.13661865E-06      0.19930919E-18      0.48440840E-11      0.13424363E-20
  406.000000000000         0.13662047E-06      0.19967920E-18      0.36517721E-11      0.74001292E-21
  407.000000000000         0.13662122E-06      0.20013081E-18      0.14923883E-11      0.90321549E-21
  408.000000000000         0.13662158E-06      0.20048882E-18      0.72570875E-12      0.71602145E-21
  409.000000000000         0.13662366E-06      0.20105893E-18      0.41516831E-11      0.11402246E-20
  410.000000000000         0.13662936E-06      0.20230080E-18      0.11410711E-10      0.24837403E-20
  411.000000000000         0.13663849E-06      0.20291214E-18      0.18249141E-10      0.12226712E-20
  412.000000000000         0.13664864E-06      0.20331772E-18      0.20312236E-10      0.81116176E-21
  413.000000000000         0.13665699E-06      0.20349314E-18      0.16688433E-10      0.35085514E-21
  414.000000000000         0.13666218E-06      0.20406528E-18      0.10386896E-10      0.11442764E-20
  415.000000000000         0.13666525E-06      0.20464966E-18      0.61401316E-11      0.11687494E-20
  416.000000000000         0.13666860E-06      0.20525882E-18      0.66859012E-11      0.12183156E-20
  417.000000000000         0.13667394E-06      0.20548777E-18      0.10681868E-10      0.45791687E-21
  418.000000000000         0.13668120E-06      0.20602989E-18      0.14519894E-10      0.10842283E-20
  419.000000000000         0.13668894E-06      0.20649042E-18      0.15485159E-10      0.92106692E-21
  420.000000000000         0.13669594E-06      0.20688113E-18      0.13996382E-10      0.78142204E-21
  421.000000000000         0.13670259E-06      0.20744782E-18      0.13298252E-10      0.11333809E-20
  422.000000000000         0.13671022E-06      0.20795300E-18      0.15268548E-10      0.10103443E-20
  423.000000000000         0.13671903E-06      0.20848933E-18      0.17628138E-10      0.10726607E-20
  424.000000000000         0.13672765E-06      0.20900924E-18      0.17227988E-10      0.10398384E-20
  425.000000000000         0.13673467E-06      0.21006936E-18      0.14050846E-10      0.21202268E-20
  426.000000000000         0.13674033E-06      0.21048789E-18      0.11312763E-10      0.83705639E-21
  427.000000000000         0.13674671E-06      0.21059284E-18      0.12767164E-10      0.20990486E-21
  428.000000000000         0.13675622E-06      0.21071263E-18      0.19019308E-10      0.23957996E-21
  429.000000000000         0.13676936E-06      0.21145935E-18      0.26275349E-10      0.14934371E-20
  430.000000000000         0.13678421E-06      0.21168153E-18      0.29690958E-10      0.44436532E-21
  431.000000000000         0.13679808E-06      0.21217288E-18      0.27745011E-10      0.98270157E-21
  432.000000000000         0.13680944E-06      0.21259806E-18      0.22713071E-10      0.85036560E-21
  433.000000000000         0.13681864E-06      0.21323909E-18      0.18400232E-10      0.12820521E-20
  434.000000000000         0.13682732E-06      0.21348044E-18      0.17367934E-10      0.48270159E-21
  435.000000000000         0.13683687E-06      0.21376982E-18      0.19108114E-10      0.57876440E-21
  436.000000000000         0.13684740E-06      0.21404996E-18      0.21057171E-10      0.56026593E-21
  437.000000000000         0.13685810E-06      0.21459831E-18      0.21400439E-10      0.10967031E-20
  438.000000000000         0.13686821E-06      0.21513604E-18      0.20220754E-10      0.10754718E-20
  439.000000000000         0.13687760E-06      0.21531495E-18      0.18772179E-10      0.35781307E-21
  440.000000000000         0.13688680E-06      0.21570026E-18      0.18403576E-10      0.77062426E-21
  441.000000000000         0.13689644E-06      0.21608777E-18      0.19284048E-10      0.77501058E-21
  442.000000000000         0.13690640E-06      0.21710738E-18      0.19917691E-10      0.20392342E-20
  443.000000000000         0.13691566E-06      0.21726503E-18      0.18516558E-10      0.31528799E-21
  444.000000000000         0.13692314E-06      0.21743066E-18      0.14952210E-10      0.33126776E-21
  445.000000000000         0.13692881E-06      0.21808825E-18      0.11356002E-10      0.13151708E-20
  446.000000000000         0.13693414E-06      0.21872547E-18      0.10660432E-10      0.12744378E-20
  447.000000000000         0.13694114E-06      0.21902913E-18      0.13984363E-10      0.60732798E-21
  448.000000000000         0.13695074E-06      0.21936346E-18      0.19203538E-10      0.66866698E-21
  449.000000000000         0.13696204E-06      0.21994325E-18      0.22612939E-10      0.11595793E-20
  450.000000000000         0.13697316E-06      0.22025582E-18      0.22228704E-10      0.62512367E-21
  451.000000000000         0.13698265E-06      0.22078857E-18      0.18990124E-10      0.10655069E-20
  452.000000000000         0.13699043E-06      0.22118482E-18      0.15561168E-10      0.79249527E-21
  453.000000000000         0.13699768E-06      0.22162175E-18      0.14490318E-10      0.87386593E-21
  454.000000000000         0.13700595E-06      0.22230768E-18      0.16534794E-10      0.13718545E-20
  455.000000000000         0.13701598E-06      0.22291828E-18      0.20074433E-10      0.12211978E-20
  456.000000000000         0.13702724E-06      0.22311243E-18      0.22513291E-10      0.38830445E-21
  457.000000000000         0.13703864E-06      0.22407397E-18      0.22788876E-10      0.19230799E-20
  458.000000000000         0.13704998E-06      0.22487932E-18      0.22682343E-10      0.16107029E-20
  459.000000000000         0.13706231E-06      0.22551502E-18      0.24657704E-10      0.12714102E-20
  460.000000000000         0.13707648E-06      0.22618224E-18      0.28352344E-10      0.13344310E-20
  461.000000000000         0.13709164E-06      0.22666957E-18      0.30312236E-10      0.97465272E-21
  462.000000000000         0.13710538E-06      0.22693488E-18      0.27485891E-10      0.53063444E-21
  463.000000000000         0.13711552E-06      0.22686290E-18      0.20286379E-10     -0.14395719E-21
  464.000000000000         0.13712178E-06      0.22747272E-18      0.12505943E-10      0.12196307E-20
  465.000000000000         0.13712611E-06      0.22826553E-18      0.86715250E-11      0.15856290E-20
  466.000000000000         0.13713161E-06      0.22899437E-18      0.10994005E-10      0.14576680E-20
  467.000000000000         0.13714056E-06      0.22957668E-18      0.17910689E-10      0.11646135E-20
  468.000000000000         0.13715305E-06      0.23025782E-18      0.24970400E-10      0.13622967E-20
  469.000000000000         0.13716685E-06      0.23061148E-18      0.27592719E-10      0.70730859E-21
  470.000000000000         0.13717892E-06      0.23133204E-18      0.24149132E-10      0.14411309E-20
  471.000000000000         0.13718755E-06      0.23209991E-18      0.17254415E-10      0.15357284E-20
  472.000000000000         0.13719347E-06      0.23275386E-18      0.11852038E-10      0.13079031E-20
  473.000000000000         0.13719917E-06      0.23340716E-18      0.11387885E-10      0.13066106E-20
  474.000000000000         0.13720707E-06      0.23407523E-18      0.15811801E-10      0.13361306E-20
  475.000000000000         0.13721815E-06      0.23417379E-18      0.22145627E-10      0.19712879E-21
  476.000000000000         0.13723147E-06      0.23448696E-18      0.26640320E-10      0.62633860E-21
  477.000000000000         0.13724513E-06      0.23472123E-18      0.27334703E-10      0.46854097E-21
  478.000000000000         0.13725767E-06      0.23546400E-18      0.25063947E-10      0.14855288E-20
  479.000000000000         0.13726873E-06      0.23627279E-18      0.22133167E-10      0.16175902E-20
  480.000000000000         0.13727886E-06      0.23678570E-18      0.20245548E-10      0.10258038E-20
  481.000000000000         0.13728856E-06      0.23741745E-18      0.19408556E-10      0.12635116E-20
  482.000000000000         0.13729779E-06      0.23777245E-18      0.18458990E-10      0.71000501E-21
  483.000000000000         0.13730593E-06      0.23850013E-18      0.16285287E-10      0.14553513E-20
  484.000000000000         0.13731243E-06      0.23867152E-18      0.12989391E-10      0.34279013E-21
  485.000000000000         0.13731746E-06      0.23886986E-18      0.10067097E-10      0.39666673E-21
  486.000000000000         0.13732211E-06      0.23921273E-18      0.92909906E-11      0.68573889E-21
  487.000000000000         0.13732767E-06      0.23950357E-18      0.11127833E-10      0.58169508E-21
  488.000000000000         0.13733468E-06      0.23999919E-18      0.14016387E-10      0.99122218E-21
  489.000000000000         0.13734233E-06      0.24092591E-18      0.15312419E-10      0.18534416E-20
  490.000000000000         0.13734906E-06      0.24139397E-18      0.13453095E-10      0.93611693E-21
  491.000000000000         0.13735380E-06      0.24219957E-18      0.94702801E-11      0.16112046E-20
  492.000000000000         0.13735690E-06      0.24278906E-18      0.61992712E-11      0.11789857E-20
  493.000000000000         0.13735989E-06      0.24329348E-18      0.59982498E-11      0.10088442E-20
  494.000000000000         0.13736441E-06      0.24388630E-18      0.90347416E-11      0.11856322E-20
  495.000000000000         0.13737104E-06      0.24426655E-18      0.13265887E-10      0.76050341E-21
  496.000000000000         0.13737889E-06      0.24476457E-18      0.15691956E-10      0.99603986E-21
  497.000000000000         0.13738620E-06      0.24523649E-18      0.14625662E-10      0.94384590E-21
  498.000000000000         0.13739176E-06      0.24545854E-18      0.11102642E-10      0.44409835E-21
  499.000000000000         0.13739555E-06      0.24619615E-18      0.75934967E-11      0.14752226E-20
  500.000000000000         0.13739844E-06      0.24660347E-18      0.57839338E-11      0.81463689E-21
