 
 # six columns.
 # Omega (column 1); |pulse ft|^2 (2); cross section (Mb) (3); flux (column 5)
 
  0.0000      0.103411E-10      0.000000E+00      0.000000E+00      0.110142E-06     -0.596311E-18
  0.0063      0.406993E-10      0.200802E+02     -0.116228E-09      0.101405E-06     -0.586955E-18
  0.0126      0.131874E-09      0.111882E+02     -0.717218E-10      0.915370E-07     -0.586796E-18
  0.0188      0.284166E-09      0.769303E+01     -0.489931E-10      0.904179E-07     -0.575828E-18
  0.0251      0.498076E-09      0.587858E+01     -0.373219E-10      0.908270E-07     -0.576642E-18
  0.0314      0.774308E-09      0.476650E+01     -0.301698E-10      0.915904E-07     -0.579725E-18
  0.0377      0.111377E-08      0.401491E+01     -0.255510E-10      0.924752E-07     -0.588514E-18
  0.0439      0.151756E-08      0.347336E+01     -0.218457E-10      0.934339E-07     -0.587652E-18
  0.0502      0.198701E-08      0.306863E+01     -0.191127E-10      0.945716E-07     -0.589031E-18
  0.0565      0.252362E-08      0.275180E+01     -0.170891E-10      0.957428E-07     -0.594577E-18
  0.0628      0.312914E-08      0.249592E+01     -0.149856E-10      0.969085E-07     -0.581843E-18
  0.0690      0.380551E-08      0.228605E+01     -0.134703E-10      0.981325E-07     -0.578236E-18
  0.0753      0.455488E-08      0.210996E+01     -0.121796E-10      0.993750E-07     -0.573634E-18
  0.0816      0.537962E-08      0.196077E+01     -0.114229E-10      0.100680E-06     -0.586530E-18
  0.0879      0.628233E-08      0.183150E+01     -0.106211E-10      0.101978E-06     -0.591384E-18
  0.0942      0.726582E-08      0.171953E+01     -0.984619E-11      0.103350E-06     -0.591791E-18
  0.1004      0.833314E-08      0.162023E+01     -0.919796E-11      0.104706E-06     -0.594411E-18
  0.1067      0.948756E-08      0.153276E+01     -0.830934E-11      0.106142E-06     -0.575412E-18
  0.1130      0.107326E-07      0.145393E+01     -0.768592E-11      0.107568E-06     -0.568636E-18
  0.1193      0.120720E-07      0.138355E+01     -0.727328E-11      0.109075E-06     -0.573405E-18
  0.1255      0.135097E-07      0.131926E+01     -0.712856E-11      0.110574E-06     -0.597480E-18
  0.1318      0.150500E-07      0.126125E+01     -0.673320E-11      0.112156E-06     -0.598748E-18
  0.1381      0.166973E-07      0.120771E+01     -0.632252E-11      0.113735E-06     -0.595416E-18
  0.1444      0.184564E-07      0.115893E+01     -0.587433E-11      0.115394E-06     -0.584904E-18
  0.1506      0.203324E-07      0.111370E+01     -0.537445E-11      0.117072E-06     -0.564959E-18
  0.1569      0.223303E-07      0.107217E+01     -0.516805E-11      0.118830E-06     -0.572781E-18
  0.1632      0.244559E-07      0.103326E+01     -0.511910E-11      0.120594E-06     -0.597463E-18
  0.1695      0.267149E-07      0.997334E+00     -0.476153E-11      0.122444E-06     -0.584578E-18
  0.1758      0.291133E-07      0.963548E+00     -0.468907E-11      0.124312E-06     -0.604960E-18
  0.1820      0.316576E-07      0.932149E+00     -0.442141E-11      0.126262E-06     -0.598890E-18
  0.1883      0.343544E-07      0.902614E+00     -0.430028E-11      0.128254E-06     -0.611033E-18
  0.1946      0.372107E-07      0.875062E+00     -0.396730E-11      0.130332E-06     -0.590892E-18
  0.2009      0.402337E-07      0.848784E+00     -0.378180E-11      0.132417E-06     -0.589992E-18
  0.2071      0.434310E-07      0.824187E+00     -0.372422E-11      0.134592E-06     -0.608173E-18
  0.2134      0.468103E-07      0.800922E+00     -0.347659E-11      0.136823E-06     -0.593914E-18
  0.2197      0.503800E-07      0.779018E+00     -0.330375E-11      0.139138E-06     -0.590071E-18
  0.2260      0.541485E-07      0.758216E+00     -0.312220E-11      0.141509E-06     -0.582709E-18
  0.2322      0.581245E-07      0.738576E+00     -0.295826E-11      0.143966E-06     -0.576634E-18
  0.2385      0.623173E-07      0.719927E+00     -0.279879E-11      0.146494E-06     -0.569511E-18
  0.2448      0.667362E-07      0.702275E+00     -0.264896E-11      0.149111E-06     -0.562443E-18
  0.2511      0.713911E-07      0.685484E+00     -0.262019E-11      0.151806E-06     -0.580261E-18
  0.2574      0.762921E-07      0.669562E+00     -0.249918E-11      0.154594E-06     -0.577031E-18
  0.2636      0.814497E-07      0.654419E+00     -0.244729E-11      0.157472E-06     -0.588886E-18
  0.2699      0.868745E-07      0.640064E+00     -0.236680E-11      0.160455E-06     -0.593323E-18
  0.2762      0.925779E-07      0.626385E+00     -0.226194E-11      0.163532E-06     -0.590531E-18
  0.2825      0.985713E-07      0.613430E+00     -0.215830E-11      0.166728E-06     -0.586620E-18
  0.2887      0.104866E-06      0.601045E+00     -0.206657E-11      0.170017E-06     -0.584569E-18
  0.2950      0.111476E-06      0.589370E+00     -0.200856E-11      0.173451E-06     -0.591117E-18
  0.3013      0.118411E-06      0.578075E+00     -0.191003E-11      0.176947E-06     -0.584655E-18
  0.3076      0.125686E-06      0.567554E+00     -0.184593E-11      0.180636E-06     -0.587507E-18
  0.3138      0.133314E-06      0.556910E+00     -0.179959E-11      0.184245E-06     -0.595368E-18
  0.3201      0.141308E-06      0.548120E+00     -0.171860E-11      0.188442E-06     -0.590848E-18
  0.3264      0.149682E-06      0.543519E+00     -0.168392E-11      0.194127E-06     -0.601440E-18
  0.3327      0.158450E-06      0.534959E+00     -0.157483E-11      0.198446E-06     -0.584195E-18
  0.3390      0.167627E-06      0.525067E+00     -0.154802E-11      0.202242E-06     -0.596258E-18
  0.3452      0.177228E-06      0.517547E+00     -0.144053E-11      0.206932E-06     -0.575969E-18
  0.3515      0.187269E-06      0.510435E+00     -0.143111E-11      0.211799E-06     -0.593823E-18
  0.3578      0.197764E-06      0.504121E+00     -0.138094E-11      0.217027E-06     -0.594505E-18
  0.3641      0.208730E-06      0.498137E+00     -0.129753E-11      0.222440E-06     -0.579404E-18
  0.3703      0.220183E-06      0.492940E+00     -0.129535E-11      0.228262E-06     -0.599825E-18
  0.3766      0.232140E-06      0.487617E+00     -0.119063E-11      0.234090E-06     -0.571588E-18
  0.3829      0.244617E-06      0.483186E+00     -0.117572E-11      0.240424E-06     -0.585015E-18
  0.3892      0.257632E-06      0.478994E+00     -0.112987E-11      0.246971E-06     -0.582567E-18
  0.3954      0.271203E-06      0.475726E+00     -0.112445E-11      0.254108E-06     -0.600619E-18
  0.4017      0.285347E-06      0.472453E+00     -0.108756E-11      0.261372E-06     -0.601665E-18
  0.4080      0.300082E-06      0.470359E+00     -0.103857E-11      0.269441E-06     -0.594935E-18
  0.4143      0.315427E-06      0.468112E+00     -0.100864E-11      0.277595E-06     -0.598131E-18
  0.4206      0.331400E-06      0.467497E+00     -0.934868E-12      0.286921E-06     -0.573766E-18
  0.4268      0.348020E-06      0.466352E+00     -0.916752E-12      0.296153E-06     -0.582176E-18
  0.4331      0.365307E-06      0.467883E+00     -0.900659E-12      0.307364E-06     -0.591666E-18
  0.4394      0.383280E-06      0.468067E+00     -0.880957E-12      0.318004E-06     -0.598521E-18
  0.4457      0.401958E-06      0.474270E+00     -0.860216E-12      0.333162E-06     -0.604279E-18
  0.4519      0.421362E-06      0.476928E+00     -0.819166E-12      0.346324E-06     -0.594842E-18
  0.4582      0.441511E-06      0.512970E+00     -0.801423E-12      0.384961E-06     -0.601433E-18
  0.4645      0.462426E-06      0.660285E+00     -0.749560E-12      0.511974E-06     -0.581197E-18
  0.4708      0.484126E-06      0.604190E+00     -0.719540E-12      0.483924E-06     -0.576313E-18
  0.4770      0.506633E-06      0.483118E+00     -0.712903E-12      0.399614E-06     -0.589681E-18
  0.4833      0.529967E-06      0.493274E+00     -0.708427E-12      0.421263E-06     -0.605007E-18
  0.4896      0.554149E-06      0.504556E+00     -0.680291E-12      0.444783E-06     -0.599699E-18
  0.4959      0.579200E-06      0.519707E+00     -0.662820E-12      0.472788E-06     -0.602982E-18
  0.5022      0.605141E-06      0.560688E+00     -0.647880E-12      0.526253E-06     -0.608090E-18
  0.5084      0.631993E-06      0.645437E+00     -0.602708E-12      0.624867E-06     -0.583500E-18
  0.5147      0.659776E-06      0.123694E+01     -0.585675E-12      0.123492E-05     -0.584717E-18
  0.5210      0.688513E-06      0.217400E+01     -0.651138E-12      0.223769E-05     -0.670215E-18
  0.5273      0.718224E-06      0.199686E+01     -0.594598E-12      0.211854E-05     -0.630828E-18
  0.5335      0.748930E-06      0.199189E+01     -0.545533E-12      0.217768E-05     -0.596417E-18
  0.5398      0.780652E-06      0.247400E+01     -0.609425E-12      0.278654E-05     -0.686414E-18
  0.5461      0.813412E-06      0.299339E+01     -0.553258E-12      0.347265E-05     -0.641839E-18
  0.5524      0.847230E-06      0.328088E+01     -0.644346E-12      0.391937E-05     -0.769741E-18
  0.5586      0.882128E-06      0.352686E+01     -0.570445E-12      0.433747E-05     -0.701555E-18
  0.5649      0.918125E-06      0.373016E+01     -0.712662E-12      0.472164E-05     -0.902090E-18
  0.5712      0.955242E-06      0.395833E+01     -0.628526E-12      0.515573E-05     -0.818657E-18
  0.5775      0.993501E-06      0.434626E+01     -0.787014E-12      0.582375E-05     -0.105456E-17
  0.5838      0.103292E-05      0.475956E+01     -0.448369E-12      0.655930E-05     -0.617911E-18
  0.5900      0.107352E-05      0.548082E+01     -0.316204E-12      0.776666E-05     -0.448080E-18
  0.5963      0.111532E-05      0.603738E+01     -0.507031E-12      0.879491E-05     -0.738613E-18
  0.6026      0.115834E-05      0.728504E+01     -0.378773E-12      0.109070E-04     -0.567089E-18
  0.6089      0.120260E-05      0.823003E+01     -0.663210E-12      0.126607E-04     -0.102025E-17
  0.6151      0.124812E-05      0.114187E+02     -0.517776E-12      0.180447E-04     -0.818234E-18
  0.6214      0.129491E-05      0.146996E+02     -0.108034E-11      0.238570E-04     -0.175336E-17
  0.6277      0.134299E-05      0.380376E+02     -0.141510E-11      0.633860E-04     -0.235814E-17
  0.6340      0.139239E-05      0.644251E+02     -0.449217E-11      0.110205E-03     -0.768428E-17
  0.6402      0.144312E-05      0.448334E+02     -0.228895E-11      0.787065E-04     -0.401832E-17
  0.6465      0.149519E-05      0.146966E+02     -0.668703E-12      0.264718E-04     -0.120448E-17
  0.6528      0.154863E-05      0.634110E+01     -0.685822E-12      0.117161E-04     -0.126716E-17
  0.6591      0.160344E-05      0.601180E+01     -0.531288E-12      0.113913E-04     -0.100670E-17
  0.6654      0.165964E-05      0.637418E+01     -0.768665E-12      0.123834E-04     -0.149332E-17
  0.6716      0.171725E-05      0.760887E+01     -0.262439E-12      0.151523E-04     -0.522619E-18
  0.6779      0.177628E-05      0.858237E+01     -0.562398E-12      0.175147E-04     -0.114773E-17
  0.6842      0.183675E-05      0.154680E+02     -0.456961E-12      0.323418E-04     -0.955453E-18
  0.6905      0.189866E-05      0.310647E+02     -0.126558E-13      0.665319E-04     -0.271051E-19
  0.6967      0.196203E-05      0.337492E+02     -0.119876E-11      0.740208E-04     -0.262919E-17
  0.7030      0.202687E-05      0.247875E+02     -0.427003E-12      0.556606E-04     -0.958841E-18
  0.7093      0.209319E-05      0.250605E+02     -0.132078E-11      0.576007E-04     -0.303577E-17
  0.7156      0.216100E-05      0.350087E+02     -0.100400E-11      0.823442E-04     -0.236153E-17
  0.7218      0.223031E-05      0.453650E+02     -0.288066E-11      0.109168E-03     -0.693212E-17
  0.7281      0.230113E-05      0.461769E+02     -0.196562E-11      0.113662E-03     -0.483825E-17
  0.7344      0.237346E-05      0.427874E+02     -0.339472E-11      0.107701E-03     -0.854487E-17
  0.7407      0.244730E-05      0.425894E+02     -0.247517E-11      0.109601E-03     -0.636969E-17
  0.7470      0.252268E-05      0.428163E+02     -0.160236E-11      0.112624E-03     -0.421484E-17
  0.7532      0.259958E-05      0.457945E+02     -0.334023E-11      0.123096E-03     -0.897855E-17
  0.7595      0.267802E-05      0.463570E+02      0.241814E-12      0.127306E-03      0.664074E-18
  0.7658      0.275799E-05      0.402169E+02     -0.128517E-11      0.112810E-03     -0.360497E-17
  0.7721      0.283950E-05      0.395364E+02     -0.440007E-12      0.113251E-03     -0.126039E-17
  0.7783      0.292255E-05      0.440766E+02     -0.207611E-11      0.128901E-03     -0.607153E-17
  0.7846      0.300714E-05      0.446662E+02     -0.115547E-11      0.133330E-03     -0.344912E-17
  0.7909      0.309326E-05      0.453844E+02     -0.281625E-11      0.138248E-03     -0.857875E-17
  0.7972      0.318091E-05      0.456684E+02     -0.188168E-11      0.141929E-03     -0.584792E-17
  0.8034      0.327009E-05      0.459296E+02     -0.914908E-12      0.145596E-03     -0.290024E-17
  0.8097      0.336080E-05      0.459286E+02     -0.259299E-11      0.148472E-03     -0.838224E-17
  0.8160      0.345302E-05      0.456521E+02     -0.162837E-11      0.150461E-03     -0.536680E-17
  0.8223      0.354676E-05      0.452170E+02     -0.326364E-11      0.151904E-03     -0.109640E-16
  0.8286      0.364199E-05      0.444529E+02     -0.226633E-11      0.152185E-03     -0.775882E-17
  0.8348      0.373872E-05      0.436836E+02     -0.379220E-11      0.152369E-03     -0.132273E-16
  0.8411      0.383693E-05      0.426145E+02     -0.281698E-11      0.151406E-03     -0.100085E-16
  0.8474      0.393661E-05      0.416316E+02     -0.423256E-11      0.150633E-03     -0.153144E-16
  0.8537      0.403775E-05      0.403712E+02     -0.996970E-12      0.148723E-03     -0.367273E-17
  0.8599      0.414033E-05      0.392300E+02     -0.146371E-12      0.147109E-03     -0.548877E-18
  0.8662      0.424433E-05      0.378382E+02     -0.153060E-11      0.144400E-03     -0.584114E-17
  0.8725      0.434975E-05      0.365875E+02     -0.717259E-12      0.142065E-03     -0.278504E-17
  0.8788      0.445655E-05      0.351266E+02     -0.194548E-11      0.138744E-03     -0.768428E-17
  0.8850      0.456472E-05      0.338312E+02     -0.117239E-11      0.135900E-03     -0.470950E-17
  0.8913      0.467425E-05      0.323530E+02     -0.228949E-11      0.132143E-03     -0.935124E-17
  0.8976      0.478510E-05      0.310586E+02     -0.156349E-11      0.128957E-03     -0.649166E-17
  0.9039      0.489725E-05      0.295472E+02     -0.876771E-12      0.124684E-03     -0.369984E-17
  0.9102      0.501068E-05      0.282210E+02     -0.187430E-11      0.121007E-03     -0.803665E-17
  0.9164      0.512537E-05      0.264574E+02     -0.120718E-11      0.115246E-03     -0.525838E-17
  0.9227      0.524128E-05      0.248110E+02     -0.202792E-11      0.109767E-03     -0.897177E-17
  0.9290      0.535839E-05      0.222725E+02     -0.136810E-11      0.100057E-03     -0.614607E-17
  0.9353      0.547667E-05      0.267524E+02     -0.257188E-11      0.122011E-03     -0.117297E-16
  0.9415      0.559608E-05      0.333507E+02     -0.603098E-12      0.154385E-03     -0.279182E-17
  0.9478      0.571660E-05      0.303908E+02     -0.165602E-11      0.142761E-03     -0.777915E-17
  0.9541      0.583818E-05      0.274576E+02     -0.946943E-12      0.130859E-03     -0.451299E-17
  0.9604      0.596080E-05      0.262793E+02     -0.357446E-12      0.127038E-03     -0.172795E-17
  0.9666      0.608441E-05      0.250929E+02     -0.125093E-11      0.123014E-03     -0.613252E-17
  0.9729      0.620899E-05      0.243711E+02     -0.711647E-12      0.121135E-03     -0.353721E-17
  0.9792      0.633449E-05      0.236190E+02     -0.153590E-11      0.119002E-03     -0.773849E-17
  0.9855      0.646087E-05      0.231116E+02     -0.103113E-11      0.118012E-03     -0.526516E-17
  0.9918      0.658808E-05      0.227095E+02     -0.183362E-11      0.117494E-03     -0.948677E-17
  0.9980      0.671610E-05      0.231425E+02     -0.139503E-11      0.121293E-03     -0.731159E-17
  1.0043      0.684487E-05      0.229117E+02     -0.220205E-11      0.121621E-03     -0.116891E-16
  1.0106      0.697435E-05      0.218991E+02     -0.165402E-11      0.117709E-03     -0.889046E-17
  1.0169      0.710449E-05      0.218260E+02     -0.119422E-11      0.118768E-03     -0.649844E-17
  1.0231      0.723525E-05      0.221185E+02     -0.200050E-11      0.121823E-03     -0.110182E-16
  1.0294      0.736657E-05      0.224806E+02     -0.293008E-12      0.125296E-03     -0.163308E-17
  1.0357      0.749841E-05      0.221726E+02     -0.108875E-11      0.125028E-03     -0.613929E-17
  1.0420      0.763073E-05      0.216445E+02     -0.185570E-11      0.123456E-03     -0.105845E-16
  1.0482      0.776346E-05      0.215083E+02     -0.170339E-12      0.124065E-03     -0.982558E-18
  1.0545      0.789655E-05      0.213418E+02     -0.930653E-12      0.124470E-03     -0.542779E-17
  1.0608      0.802996E-05      0.212108E+02     -0.168956E-11      0.125052E-03     -0.996111E-17
  1.0671      0.816362E-05      0.209947E+02     -0.420776E-13      0.125098E-03     -0.250722E-18
  1.0734      0.829749E-05      0.208068E+02     -0.795706E-12      0.125274E-03     -0.479082E-17
  1.0796      0.843150E-05      0.206115E+02     -0.153406E-11      0.125370E-03     -0.933091E-17
  1.0859      0.856560E-05      0.204542E+02     -0.226665E-11      0.125661E-03     -0.139252E-16
  1.0922      0.869974E-05      0.202901E+02     -0.671741E-12      0.125877E-03     -0.416740E-17
  1.0985      0.883385E-05      0.201404E+02     -0.138262E-11      0.126150E-03     -0.866006E-17
  1.1047      0.896787E-05      0.199768E+02     -0.209212E-11      0.126302E-03     -0.132273E-16
  1.1110      0.910176E-05      0.198178E+02     -0.278142E-11      0.126449E-03     -0.177470E-16
  1.1173      0.923543E-05      0.196491E+02     -0.124097E-11      0.126499E-03     -0.798921E-17
  1.1236      0.936885E-05      0.194855E+02     -0.193551E-11      0.126547E-03     -0.125700E-16
  1.1298      0.950193E-05      0.193160E+02     -0.262254E-11      0.126521E-03     -0.171778E-16
  1.1361      0.963463E-05      0.191506E+02     -0.111008E-11      0.126487E-03     -0.733192E-17
  1.1424      0.976688E-05      0.189777E+02     -0.177682E-11      0.126367E-03     -0.118314E-16
  1.1487      0.989861E-05      0.188058E+02     -0.244127E-11      0.126218E-03     -0.163850E-16
  1.1550      0.100298E-04      0.186228E+02     -0.308675E-11      0.125958E-03     -0.208777E-16
  1.1612      0.101603E-04      0.184382E+02      0.470338E-12      0.125649E-03      0.320517E-17
  1.1675      0.102901E-04      0.182398E+02     -0.196440E-12      0.125208E-03     -0.134848E-17
  1.1738      0.104191E-04      0.180382E+02     -0.851751E-12      0.124707E-03     -0.588857E-17
  1.1801      0.105474E-04      0.178219E+02      0.543165E-12      0.124065E-03      0.378116E-17
  1.1863      0.106747E-04      0.176034E+02     -0.986259E-13      0.123366E-03     -0.691179E-18
  1.1926      0.108010E-04      0.173769E+02     -0.723381E-12      0.122572E-03     -0.510253E-17
  1.1989      0.109264E-04      0.171637E+02     -0.133077E-11      0.121832E-03     -0.944611E-17
  1.2052      0.110506E-04      0.169953E+02     -0.189771E-14      0.121372E-03     -0.135525E-19
  1.2114      0.111737E-04      0.169666E+02     -0.615024E-12      0.121882E-03     -0.441812E-17
  1.2177      0.112956E-04      0.173804E+02     -0.126529E-11      0.125566E-03     -0.914118E-17
  1.2240      0.114161E-04      0.189934E+02      0.102610E-12      0.137973E-03      0.745389E-18
  1.2303      0.115354E-04      0.231096E+02     -0.686656E-12      0.168762E-03     -0.501444E-17
  1.2366      0.116532E-04      0.272943E+02     -0.178181E-11      0.200336E-03     -0.130782E-16
  1.2428      0.117696E-04      0.273929E+02     -0.277089E-11      0.202041E-03     -0.204372E-16
  1.2491      0.118844E-04      0.250271E+02     -0.601708E-12      0.185456E-03     -0.445878E-17
  1.2554      0.119976E-04      0.228998E+02     -0.138195E-11      0.170453E-03     -0.102864E-16
  1.2617      0.121092E-04      0.214348E+02     -0.208494E-11      0.160230E-03     -0.155854E-16
  1.2679      0.122190E-04      0.203793E+02     -0.271748E-11      0.152960E-03     -0.203966E-16
  1.2742      0.123270E-04      0.196335E+02     -0.110078E-11      0.147934E-03     -0.829415E-17
  1.2805      0.124332E-04      0.192623E+02     -0.177775E-11      0.145669E-03     -0.134441E-16
  1.2868      0.125375E-04      0.196623E+02     -0.251096E-11      0.149210E-03     -0.190549E-16
  1.2930      0.126399E-04      0.219582E+02     -0.109831E-11      0.167178E-03     -0.836191E-17
  1.2993      0.127402E-04      0.245729E+02     -0.211181E-11      0.187659E-03     -0.161275E-16
  1.3056      0.128384E-04      0.241803E+02     -0.295870E-11      0.185190E-03     -0.226598E-16
  1.3119      0.129345E-04      0.214943E+02     -0.340970E-11      0.165057E-03     -0.261835E-16
  1.3182      0.130284E-04      0.198445E+02     -0.160735E-11      0.152763E-03     -0.123735E-16
  1.3244      0.131201E-04      0.190608E+02     -0.223081E-11      0.147062E-03     -0.172117E-16
  1.3307      0.132094E-04      0.184315E+02     -0.282222E-11      0.142500E-03     -0.218196E-16
  1.3370      0.132965E-04      0.180094E+02     -0.136650E-11      0.139496E-03     -0.105845E-16
  1.3433      0.133811E-04      0.176241E+02      0.262016E-13      0.136738E-03      0.203288E-18
  1.3495      0.134632E-04      0.173180E+02     -0.608736E-12      0.134560E-03     -0.472983E-17
  1.3558      0.135428E-04      0.170277E+02     -0.120723E-11      0.132470E-03     -0.939190E-17
  1.3621      0.136199E-04      0.167752E+02      0.118333E-12      0.130644E-03      0.921572E-18
  1.3684      0.136944E-04      0.165339E+02     -0.479883E-12      0.128875E-03     -0.374050E-17
  1.3746      0.137663E-04      0.163132E+02     -0.105991E-11      0.127239E-03     -0.826704E-17
  1.3809      0.138354E-04      0.161033E+02      0.197992E-12      0.125659E-03      0.154499E-17
  1.3872      0.139019E-04      0.159066E+02     -0.378520E-12      0.124155E-03     -0.295445E-17
  1.3935      0.139655E-04      0.157221E+02     -0.948853E-12      0.122722E-03     -0.740646E-17
  1.3998      0.140264E-04      0.155492E+02     -0.149772E-11      0.121355E-03     -0.116891E-16
  1.4060      0.140844E-04      0.153922E+02     -0.286621E-12      0.120088E-03     -0.223617E-17
  1.4123      0.141395E-04      0.152517E+02     -0.835133E-12      0.118926E-03     -0.651199E-17
  1.4186      0.141917E-04      0.151356E+02     -0.136713E-11      0.117932E-03     -0.106523E-16
  1.4249      0.142409E-04      0.150522E+02     -0.190989E-11      0.117171E-03     -0.148671E-16
  1.4311      0.142872E-04      0.150235E+02     -0.745140E-12      0.116813E-03     -0.579371E-17
  1.4374      0.143304E-04      0.150943E+02     -0.129595E-11      0.117204E-03     -0.100628E-16
  1.4437      0.143706E-04      0.153399E+02     -0.186697E-11      0.118926E-03     -0.144741E-16
  1.4500      0.144077E-04      0.159494E+02     -0.700471E-12      0.123434E-03     -0.542101E-17
  1.4562      0.144418E-04      0.133162E+02     -0.107821E-11      0.102853E-03     -0.832803E-17
  1.4625      0.144727E-04      0.103128E+02     -0.122298E-11      0.794830E-04     -0.942578E-17
  1.4688      0.145004E-04      0.108295E+02     -0.167269E-11      0.832685E-04     -0.128613E-16
  1.4751      0.145250E-04      0.113800E+02     -0.873837E-12      0.872769E-04     -0.670172E-17
  1.4814      0.145465E-04      0.115985E+02     -0.130952E-11      0.887061E-04     -0.100153E-16
  1.4876      0.145647E-04      0.117090E+02     -0.174175E-11      0.892855E-04     -0.132815E-16
  1.4939      0.145797E-04      0.117678E+02     -0.837098E-12      0.894486E-04     -0.636291E-17
  1.5002      0.145915E-04      0.118372E+02     -0.127019E-11      0.896722E-04     -0.962229E-17
  1.5065      0.146001E-04      0.119639E+02     -0.171194E-11      0.903079E-04     -0.129223E-16
  1.5127      0.146055E-04      0.121940E+02     -0.218523E-11      0.916962E-04     -0.164324E-16
  1.5190      0.146076E-04      0.127273E+02      0.153805E-12      0.953246E-04      0.115196E-17
  1.5253      0.146064E-04      0.136952E+02     -0.326167E-12      0.102144E-03     -0.243268E-17
  1.5316      0.146021E-04      0.166910E+02     -0.980085E-12      0.123941E-03     -0.727771E-17
  1.5378      0.145944E-04      0.201352E+02     -0.189039E-11      0.148827E-03     -0.139727E-16
  1.5441      0.145835E-04      0.185149E+02     -0.309525E-12      0.136194E-03     -0.227682E-17
  1.5504      0.145694E-04      0.150604E+02     -0.803634E-12      0.110227E-03     -0.588180E-17
  1.5567      0.145520E-04      0.150134E+02     -0.134859E-11      0.109309E-03     -0.981881E-17
  1.5630      0.145314E-04      0.176589E+02     -0.204000E-12      0.127873E-03     -0.147723E-17
  1.5692      0.145076E-04      0.212471E+02     -0.100508E-11      0.152990E-03     -0.723705E-17
  1.5755      0.144806E-04      0.198483E+02     -0.165846E-11      0.142083E-03     -0.118720E-16
  1.5818      0.144504E-04      0.170656E+02     -0.204378E-11      0.121424E-03     -0.145419E-16
  1.5881      0.144170E-04      0.200070E+02     -0.828027E-12      0.141463E-03     -0.585469E-17
  1.5943      0.143804E-04      0.221810E+02     -0.170734E-11      0.155820E-03     -0.119940E-16
  1.6006      0.143407E-04      0.217208E+02     -0.246071E-11      0.151570E-03     -0.171711E-16
  1.6069      0.142978E-04      0.204805E+02     -0.737267E-12      0.141931E-03     -0.510930E-17
  1.6132      0.142519E-04      0.190005E+02     -0.138659E-11      0.130741E-03     -0.954098E-17
  1.6194      0.142029E-04      0.182904E+02     -0.199399E-11      0.124936E-03     -0.136203E-16
  1.6257      0.141508E-04      0.179925E+02     -0.260781E-11      0.121978E-03     -0.176793E-16
  1.6320      0.140957E-04      0.184021E+02     -0.123901E-11      0.123791E-03     -0.833480E-17
  1.6383      0.140376E-04      0.190847E+02     -0.196781E-11      0.127364E-03     -0.131324E-16
  1.6446      0.139766E-04      0.196389E+02     -0.273130E-11      0.129995E-03     -0.180791E-16
  1.6508      0.139126E-04      0.193722E+02     -0.119960E-11      0.127157E-03     -0.787402E-17
  1.6571      0.138458E-04      0.188987E+02     -0.186598E-11      0.122985E-03     -0.121431E-16
  1.6634      0.137761E-04      0.192724E+02     -0.258848E-11      0.124315E-03     -0.166967E-16
  1.6697      0.137036E-04      0.192157E+02     -0.327135E-11      0.122833E-03     -0.209115E-16
  1.6759      0.136283E-04      0.183207E+02     -0.170011E-11      0.116032E-03     -0.107675E-16
  1.6822      0.135502E-04      0.174858E+02     -0.225529E-11      0.109699E-03     -0.141488E-16
  1.6885      0.134695E-04      0.166815E+02     -0.276260E-11      0.103644E-03     -0.171643E-16
  1.6948      0.133862E-04      0.159710E+02     -0.322965E-11      0.982495E-04     -0.198680E-16
  1.7010      0.133002E-04      0.153242E+02     -0.184715E-12      0.933195E-04     -0.112486E-17
  1.7073      0.132117E-04      0.147437E+02     -0.706079E-12      0.888592E-04     -0.425549E-17
  1.7136      0.131207E-04      0.142121E+02     -0.119538E-11      0.847537E-04     -0.712863E-17
  1.7199      0.130272E-04      0.137100E+02     -0.953366E-13      0.808807E-04     -0.562430E-18
  1.7261      0.129314E-04      0.132871E+02     -0.572556E-12      0.775264E-04     -0.334070E-17
  1.7324      0.128332E-04      0.128442E+02     -0.102065E-11      0.741036E-04     -0.588857E-17
  1.7387      0.127327E-04      0.126152E+02     -0.146252E-11      0.719515E-04     -0.834158E-17
  1.7450      0.126300E-04      0.124001E+02     -0.488036E-12      0.699021E-04     -0.275116E-17
  1.7513      0.125251E-04      0.120303E+02     -0.906284E-12      0.670132E-04     -0.504832E-17
  1.7575      0.124180E-04      0.117220E+02     -0.131264E-11      0.645065E-04     -0.722350E-17
  1.7638      0.123089E-04      0.114773E+02     -0.396457E-12      0.623821E-04     -0.215485E-17
  1.7701      0.121979E-04      0.112099E+02     -0.792251E-12      0.601650E-04     -0.425211E-17
  1.7764      0.120848E-04      0.109377E+02     -0.117465E-11      0.579545E-04     -0.622400E-17
  1.7826      0.119699E-04      0.106729E+02     -0.153996E-11      0.558163E-04     -0.805359E-17
  1.7889      0.118532E-04      0.104275E+02     -0.705784E-12      0.538116E-04     -0.364224E-17
  1.7952      0.117347E-04      0.101750E+02     -0.105681E-11      0.518021E-04     -0.538035E-17
  1.8015      0.116145E-04      0.993169E+01     -0.139131E-11      0.498712E-04     -0.698633E-17
  1.8077      0.114927E-04      0.968603E+01     -0.610362E-12      0.479604E-04     -0.302221E-17
  1.8140      0.113694E-04      0.948867E+01     -0.941184E-12      0.463181E-04     -0.459431E-17
  1.8203      0.112445E-04      0.938063E+01     -0.127253E-11      0.451317E-04     -0.612235E-17
  1.8266      0.111182E-04      0.951327E+01     -0.163518E-11      0.451003E-04     -0.775205E-17
  1.8329      0.109906E-04      0.100783E+02     -0.954709E-12      0.470689E-04     -0.445878E-17
  1.8391      0.108617E-04      0.110813E+02     -0.143119E-11      0.509713E-04     -0.658314E-17
  1.8454      0.107315E-04      0.120608E+02     -0.197714E-11      0.546254E-04     -0.895483E-17
  1.8517      0.106002E-04      0.124431E+02     -0.248415E-11      0.554786E-04     -0.110758E-16
  1.8580      0.104678E-04      0.123023E+02     -0.150411E-11      0.539827E-04     -0.660008E-17
  1.8642      0.103343E-04      0.119552E+02     -0.190379E-11      0.516166E-04     -0.821961E-17
  1.8705      0.101999E-04      0.115729E+02     -0.226723E-11      0.491507E-04     -0.962907E-17
  1.8768      0.100647E-04      0.112304E+02     -0.632733E-13      0.469063E-04     -0.264274E-18
  1.8831      0.992857E-05      0.109247E+02     -0.458736E-12      0.448621E-04     -0.188380E-17
  1.8893      0.979172E-05      0.106625E+02     -0.831830E-12      0.430387E-04     -0.335764E-17
  1.8956      0.965420E-05      0.104291E+02     -0.119498E-11      0.413677E-04     -0.474000E-17
  1.9019      0.951607E-05      0.102238E+02     -0.379075E-12      0.398414E-04     -0.147723E-17
  1.9082      0.937739E-05      0.100381E+02     -0.744460E-12      0.384210E-04     -0.284942E-17
  1.9145      0.923823E-05      0.986979E+01     -0.109712E-11      0.370940E-04     -0.412336E-17
  1.9207      0.909867E-05      0.971571E+01     -0.335189E-12      0.358458E-04     -0.123667E-17
  1.9270      0.895876E-05      0.957216E+01     -0.675587E-12      0.346598E-04     -0.244623E-17
  1.9333      0.881858E-05      0.944001E+01     -0.101568E-11      0.335372E-04     -0.360836E-17
  1.9396      0.867820E-05      0.931408E+01     -0.134366E-11      0.324577E-04     -0.468240E-17
  1.9458      0.853766E-05      0.919799E+01     -0.617185E-12      0.314324E-04     -0.210911E-17
  1.9521      0.839706E-05      0.908540E+01     -0.943052E-12      0.304381E-04     -0.315943E-17
  1.9584      0.825643E-05      0.898181E+01     -0.126556E-11      0.294923E-04     -0.415554E-17
  1.9647      0.811586E-05      0.888012E+01     -0.158226E-11      0.285704E-04     -0.509067E-17
  1.9709      0.797541E-05      0.878699E+01     -0.883695E-12      0.276930E-04     -0.278504E-17
  1.9772      0.783513E-05      0.869528E+01     -0.119604E-11      0.268365E-04     -0.369137E-17
  1.9835      0.769509E-05      0.861213E+01     -0.150200E-11      0.260222E-04     -0.453840E-17
  1.9898      0.755535E-05      0.853186E+01     -0.829463E-12      0.252316E-04     -0.245301E-17
  1.9961      0.741597E-05      0.846096E+01     -0.113224E-11      0.244831E-04     -0.327632E-17
  2.0023      0.727701E-05      0.840013E+01     -0.143519E-11      0.237769E-04     -0.406237E-17
  2.0086      0.713852E-05      0.832557E+01     -0.173813E-11      0.230451E-04     -0.481115E-17
  2.0149      0.700058E-05      0.813695E+01     -0.106613E-11      0.220190E-04     -0.288499E-17
  2.0212      0.686322E-05      0.800038E+01     -0.134579E-11      0.211587E-04     -0.355923E-17
  2.0274      0.672651E-05      0.797373E+01     -0.163965E-11      0.206042E-04     -0.423686E-17
  2.0337      0.659050E-05      0.795367E+01     -0.102223E-11      0.200746E-04     -0.258006E-17
  2.0400      0.645525E-05      0.793728E+01     -0.130945E-11      0.195618E-04     -0.322720E-17
  2.0463      0.632080E-05      0.794452E+01     -0.160970E-11      0.191130E-04     -0.387263E-17
  2.0525      0.618720E-05      0.798424E+01     -0.101308E-11      0.187451E-04     -0.237847E-17
  2.0588      0.605451E-05      0.807947E+01     -0.386830E-12      0.185053E-04     -0.885996E-18
  2.0651      0.592278E-05      0.822492E+01     -0.162827E-11      0.183725E-04     -0.363716E-17
  2.0714      0.579205E-05      0.838450E+01     -0.100812E-11      0.182601E-04     -0.219551E-17
  2.0777      0.566236E-05      0.847449E+01     -0.367123E-12      0.179883E-04     -0.779270E-18
  2.0839      0.553377E-05      0.843619E+01     -0.162961E-11      0.174476E-04     -0.337034E-17
  2.0902      0.540631E-05      0.830264E+01     -0.977177E-12      0.167255E-04     -0.196850E-17
  2.0965      0.528002E-05      0.812746E+01     -0.350639E-12      0.159423E-04     -0.687791E-18
  2.1028      0.515495E-05      0.795551E+01     -0.154026E-11      0.151899E-04     -0.294090E-17
  2.1090      0.503114E-05      0.779759E+01     -0.917265E-12      0.144875E-04     -0.170423E-17
  2.1153      0.490862E-05      0.765657E+01     -0.322443E-12      0.138379E-04     -0.582759E-18
  2.1216      0.478742E-05      0.752766E+01     -0.145792E-11      0.132297E-04     -0.256227E-17
  2.1279      0.466759E-05      0.740972E+01     -0.867142E-12      0.126591E-04     -0.148146E-17
  2.1341      0.454916E-05      0.730581E+01     -0.314284E-12      0.121291E-04     -0.521772E-18
  2.1404      0.443215E-05      0.725268E+01     -0.142122E-11      0.116968E-04     -0.229207E-17
  2.1467      0.431660E-05      0.744264E+01     -0.862658E-12      0.116560E-04     -0.135102E-17
  2.1530      0.420254E-05      0.792891E+01     -0.209825E-11      0.120542E-04     -0.318993E-17
  2.1593      0.408999E-05      0.811782E+01     -0.152381E-11      0.119759E-04     -0.224803E-17
  2.1655      0.397898E-05      0.787305E+01     -0.885467E-12      0.112669E-04     -0.126716E-17
  2.1718      0.386953E-05      0.764131E+01     -0.203262E-11      0.106037E-04     -0.282062E-17
  2.1781      0.376168E-05      0.748758E+01     -0.143511E-11      0.100716E-04     -0.193039E-17
  2.1844      0.365543E-05      0.736912E+01     -0.879941E-12      0.960463E-05     -0.114688E-17
  2.1906      0.355080E-05      0.727954E+01     -0.195650E-11      0.918992E-05     -0.246995E-17
  2.1969      0.344783E-05      0.720131E+01     -0.140119E-11      0.880228E-05     -0.171270E-17
  2.2032      0.334651E-05      0.713722E+01     -0.851673E-12      0.844347E-05     -0.100755E-17
  2.2095      0.324688E-05      0.707659E+01     -0.192306E-11      0.809941E-05     -0.220102E-17
  2.2157      0.314893E-05      0.702455E+01     -0.138281E-11      0.777524E-05     -0.153059E-17
  2.2220      0.305269E-05      0.697248E+01     -0.244530E-11      0.746060E-05     -0.261648E-17
  2.2283      0.295817E-05      0.692791E+01     -0.193745E-11      0.716315E-05     -0.200323E-17
  2.2346      0.286537E-05      0.688890E+01     -0.138160E-11      0.687998E-05     -0.137982E-17
  2.2409      0.277431E-05      0.685812E+01     -0.243193E-11      0.661300E-05     -0.234501E-17
  2.2471      0.268498E-05      0.682039E+01     -0.190686E-11      0.634708E-05     -0.177453E-17
  2.2534      0.259740E-05      0.678715E+01     -0.140159E-11      0.609310E-05     -0.125827E-17
  2.2597      0.251157E-05      0.675232E+01     -0.243641E-11      0.584525E-05     -0.210911E-17
  2.2660      0.242749E-05      0.672225E+01     -0.192326E-11      0.560883E-05     -0.160470E-17
  2.2722      0.234517E-05      0.669074E+01     -0.144624E-11      0.537832E-05     -0.116255E-17
  2.2785      0.226460E-05      0.666348E+01     -0.245491E-11      0.515813E-05     -0.190032E-17
  2.2848      0.218578E-05      0.663494E+01     -0.195645E-11      0.494366E-05     -0.145774E-17
  2.2911      0.210871E-05      0.661009E+01     -0.147936E-11      0.473846E-05     -0.106049E-17
  2.2973      0.203338E-05      0.658426E+01     -0.250261E-11      0.453891E-05     -0.172519E-17
  2.3036      0.195980E-05      0.656153E+01     -0.201946E-11      0.434768E-05     -0.133810E-17
  2.3099      0.188795E-05      0.653788E+01     -0.301882E-11      0.416185E-05     -0.192171E-17
  2.3162      0.181783E-05      0.651677E+01     -0.256041E-11      0.398351E-05     -0.156511E-17
  2.3225      0.174943E-05      0.649563E+01     -0.601332E-12      0.381085E-05     -0.352789E-18
  2.3287      0.168273E-05      0.647647E+01     -0.162094E-11      0.364490E-05     -0.912254E-18
  2.3350      0.161774E-05      0.645764E+01     -0.116750E-11      0.348454E-05     -0.629981E-18
  2.3413      0.155443E-05      0.644015E+01     -0.708874E-12      0.333015E-05     -0.366554E-18
  2.3476      0.149279E-05      0.642356E+01     -0.173294E-11      0.318134E-05     -0.858256E-18
  2.3538      0.143282E-05      0.640759E+01     -0.126627E-11      0.303781E-05     -0.600335E-18
  2.3601      0.137449E-05      0.639311E+01     -0.849207E-12      0.289982E-05     -0.385188E-18
  2.3664      0.131779E-05      0.637857E+01     -0.186213E-11      0.276652E-05     -0.807646E-18
  2.3727      0.126270E-05      0.636614E+01     -0.139447E-11      0.263871E-05     -0.577994E-18
  2.3789      0.120921E-05      0.635309E+01     -0.238859E-11      0.251509E-05     -0.945606E-18
  2.3852      0.115730E-05      0.634282E+01     -0.198454E-11      0.239690E-05     -0.749942E-18
  2.3915      0.110694E-05      0.633100E+01     -0.156307E-11      0.228233E-05     -0.563489E-18
  2.3978      0.105813E-05      0.632166E+01     -0.257350E-11      0.217276E-05     -0.884514E-18
  2.4041      0.101083E-05      0.630911E+01     -0.225156E-11      0.206611E-05     -0.737342E-18
  2.4103      0.965031E-06      0.630021E+01     -0.177275E-11      0.196459E-05     -0.552795E-18
  2.4166      0.920707E-06      0.628746E+01     -0.286522E-11      0.186570E-05     -0.850209E-18
  2.4229      0.877837E-06      0.627598E+01     -0.246064E-11      0.177099E-05     -0.694355E-18
  2.4292      0.836398E-06      0.625768E+01     -0.209098E-11      0.167812E-05     -0.560736E-18
  2.4354      0.796365E-06      0.623761E+01     -0.312346E-11      0.158857E-05     -0.795470E-18
  2.4417      0.757715E-06      0.621822E+01     -0.278790E-11      0.150290E-05     -0.673815E-18
  2.4480      0.720423E-06      0.622043E+01     -0.249953E-11      0.142577E-05     -0.572912E-18
  2.4543      0.684465E-06      0.624201E+01     -0.344041E-11      0.135583E-05     -0.747295E-18
  2.4605      0.649815E-06      0.627274E+01     -0.313871E-11      0.129023E-05     -0.645598E-18
  2.4668      0.616448E-06      0.628902E+01     -0.427911E-11      0.122403E-05     -0.832845E-18
  2.4731      0.584337E-06      0.630690E+01     -0.393486E-11      0.116062E-05     -0.724107E-18
  2.4794      0.553456E-06      0.631625E+01     -0.358640E-11      0.109813E-05     -0.623522E-18
  2.4857      0.523779E-06      0.633123E+01     -0.472626E-11      0.103908E-05     -0.775670E-18
  2.4919      0.495279E-06      0.634107E+01     -0.459841E-11      0.981587E-06     -0.711825E-18
  2.4982      0.467929E-06      0.635804E+01     -0.421898E-11      0.927528E-06     -0.615475E-18
  2.5045      0.441701E-06      0.637127E+01     -0.547006E-11      0.875163E-06     -0.751371E-18
  2.5108      0.416569E-06      0.639272E+01     -0.532258E-11      0.826076E-06     -0.687791E-18
  2.5170      0.392506E-06      0.641090E+01     -0.508002E-11      0.778624E-06     -0.616984E-18
  2.5233      0.369483E-06      0.644145E+01     -0.624605E-11      0.734613E-06     -0.712328E-18
  2.5296      0.347473E-06      0.643766E+01     -0.623116E-11      0.688734E-06     -0.666641E-18
  2.5359      0.326450E-06      0.643347E+01     -0.772050E-11      0.645041E-06     -0.774082E-18
  2.5421      0.306385E-06      0.648196E+01     -0.736921E-11      0.608450E-06     -0.691735E-18
  2.5484      0.287251E-06      0.653124E+01     -0.745073E-11      0.573374E-06     -0.654095E-18
  2.5547      0.269021E-06      0.657194E+01     -0.878787E-11      0.539003E-06     -0.720746E-18
  2.5610      0.251668E-06      0.662037E+01     -0.879577E-11      0.506706E-06     -0.673206E-18
  2.5673      0.235164E-06      0.667122E+01     -0.873378E-11      0.475949E-06     -0.623099E-18
  2.5735      0.219484E-06      0.673167E+01     -0.104362E-10      0.447145E-06     -0.693217E-18
  2.5798      0.204600E-06      0.680136E+01     -0.107679E-10      0.420113E-06     -0.665119E-18
  2.5861      0.190486E-06      0.688476E+01     -0.106551E-10      0.394967E-06     -0.611267E-18
  2.5924      0.177115E-06      0.699675E+01     -0.126707E-10      0.372314E-06     -0.674238E-18
  2.5986      0.164463E-06      0.712813E+01     -0.131573E-10      0.351359E-06     -0.648549E-18
  2.6049      0.152503E-06      0.707215E+01     -0.147282E-10      0.322469E-06     -0.671565E-18
  2.6112      0.141210E-06      0.691878E+01     -0.154040E-10      0.291413E-06     -0.648801E-18
  2.6175      0.130559E-06      0.698193E+01     -0.161481E-10      0.271240E-06     -0.627334E-18
  2.6237      0.120526E-06      0.714446E+01     -0.190314E-10      0.255611E-06     -0.680895E-18
  2.6300      0.111086E-06      0.730694E+01     -0.192050E-10      0.240373E-06     -0.631781E-18
  2.6363      0.102215E-06      0.749744E+01     -0.204657E-10      0.226405E-06     -0.618016E-18
  2.6426      0.938906E-07      0.764186E+01     -0.239766E-10      0.211469E-06     -0.663491E-18
  2.6489      0.860891E-07      0.765664E+01     -0.249269E-10      0.193812E-06     -0.630973E-18
  2.6551      0.787881E-07      0.780230E+01     -0.269735E-10      0.180322E-06     -0.623396E-18
  2.6614      0.719654E-07      0.804924E+01     -0.302189E-10      0.169520E-06     -0.636420E-18
  2.6677      0.655995E-07      0.831249E+01     -0.337620E-10      0.159202E-06     -0.646617E-18
  2.6740      0.596691E-07      0.859478E+01     -0.348679E-10      0.149376E-06     -0.605999E-18
  2.6802      0.541536E-07      0.891645E+01     -0.376906E-10      0.140313E-06     -0.593115E-18
  2.6865      0.490328E-07      0.927601E+01     -0.412802E-10      0.131859E-06     -0.586802E-18
  2.6928      0.442870E-07      0.966753E+01     -0.474348E-10      0.123834E-06     -0.607607E-18
  2.6991      0.398971E-07      0.100405E+02     -0.517558E-10      0.115594E-06     -0.595851E-18
  2.7053      0.358443E-07      0.105680E+02     -0.571333E-10      0.109054E-06     -0.589575E-18
  2.7116      0.321106E-07      0.112075E+02     -0.666893E-10      0.103367E-06     -0.615075E-18
  2.7179      0.286785E-07      0.119271E+02     -0.713711E-10      0.980187E-07     -0.586541E-18
  2.7242      0.255308E-07      0.127487E+02     -0.787083E-10      0.930567E-07     -0.574517E-18
  2.7305      0.226511E-07      0.137185E+02     -0.906741E-10      0.886365E-07     -0.585856E-18
  2.7367      0.200234E-07      0.148448E+02     -0.101642E-09      0.845929E-07     -0.579202E-18
  2.7430      0.176323E-07      0.161876E+02     -0.114882E-09      0.810432E-07     -0.575155E-18
  2.7493      0.154629E-07      0.177751E+02     -0.134231E-09      0.778635E-07     -0.588000E-18
  2.7556      0.135009E-07      0.196772E+02     -0.157114E-09      0.750872E-07     -0.599539E-18
  2.7618      0.117324E-07      0.219485E+02     -0.173997E-09      0.726184E-07     -0.575683E-18
  2.7681      0.101444E-07      0.246922E+02     -0.207021E-09      0.704779E-07     -0.590893E-18
  2.7744      0.872397E-08      0.280437E+02     -0.237114E-09      0.686805E-07     -0.580706E-18
  2.7807      0.745904E-08      0.321395E+02     -0.288485E-09      0.671468E-07     -0.602710E-18
  2.7869      0.633795E-08      0.372213E+02     -0.333143E-09      0.659272E-07     -0.590069E-18
  2.7932      0.534959E-08      0.435082E+02     -0.396585E-09      0.648991E-07     -0.591566E-18
  2.7995      0.448336E-08      0.514506E+02     -0.488056E-09      0.641750E-07     -0.608759E-18
  2.8058      0.372918E-08      0.614202E+02     -0.564198E-09      0.635804E-07     -0.584041E-18
  2.8121      0.307745E-08      0.742371E+02     -0.693968E-09      0.632763E-07     -0.591507E-18
  2.8183      0.251911E-08      0.905833E+02     -0.868145E-09      0.630603E-07     -0.604366E-18
  2.8246      0.204556E-08      0.111976E+03     -0.107347E-08      0.631583E-07     -0.605476E-18
  2.8309      0.164869E-08      0.139716E+03     -0.130492E-08      0.633745E-07     -0.591907E-18
  2.8372      0.132084E-08      0.176370E+03     -0.164888E-08      0.639503E-07     -0.597871E-18
  2.8434      0.105483E-08      0.222880E+03     -0.211072E-08      0.643965E-07     -0.609847E-18
  2.8497      0.843928E-09      0.281269E+03     -0.261728E-08      0.648752E-07     -0.603680E-18
  2.8560      0.681828E-09      0.350349E+03     -0.320177E-08      0.651435E-07     -0.595333E-18
  2.8623      0.562655E-09      0.424631E+03     -0.382492E-08      0.650124E-07     -0.585607E-18
  2.8685      0.480945E-09      0.499176E+03     -0.463225E-08      0.651838E-07     -0.604892E-18
  2.8748      0.431637E-09      0.562416E+03     -0.512029E-08      0.657684E-07     -0.598761E-18
  2.8811      0.410054E-09      0.598975E+03     -0.539136E-08      0.663963E-07     -0.597631E-18
  2.8874      0.411896E-09      0.605151E+03     -0.557983E-08      0.672358E-07     -0.619950E-18
  2.8937      0.433223E-09      0.583234E+03     -0.504871E-08      0.680080E-07     -0.588704E-18
  2.8999      0.470441E-09      0.545232E+03     -0.470933E-08      0.688893E-07     -0.595017E-18
  2.9062      0.520292E-09      0.499912E+03     -0.428623E-08      0.697053E-07     -0.597651E-18
  2.9125      0.579832E-09      0.455155E+03     -0.391861E-08      0.705749E-07     -0.607607E-18
  2.9188      0.646426E-09      0.413920E+03     -0.353821E-08      0.713986E-07     -0.610319E-18
  2.9250      0.717727E-09      0.378109E+03     -0.322748E-08      0.722598E-07     -0.616799E-18
  2.9313      0.791662E-09      0.347475E+03     -0.291749E-08      0.730892E-07     -0.613677E-18
  2.9376      0.866423E-09      0.321711E+03     -0.262492E-08      0.739022E-07     -0.602987E-18
  2.9439      0.940445E-09      0.300248E+03     -0.242612E-08      0.747045E-07     -0.603642E-18
  2.9501      0.101240E-08      0.282338E+03     -0.224089E-08      0.754620E-07     -0.598937E-18
  2.9564      0.108116E-08      0.267649E+03     -0.214922E-08      0.762329E-07     -0.612150E-18
  2.9627      0.114583E-08      0.255401E+03     -0.199190E-08      0.769321E-07     -0.600000E-18
  2.9690      0.120567E-08      0.245600E+03     -0.188360E-08      0.776791E-07     -0.595750E-18
  2.9753      0.126015E-08      0.237499E+03     -0.188307E-08      0.783451E-07     -0.621180E-18
  2.9815      0.130886E-08      0.231445E+03     -0.178668E-08      0.791327E-07     -0.610879E-18
  2.9878      0.135158E-08      0.226830E+03     -0.174818E-08      0.799174E-07     -0.615924E-18
  2.9941      0.138818E-08      0.224631E+03     -0.171916E-08      0.811154E-07     -0.620796E-18
  3.0004      0.141868E-08      0.215903E+03     -0.169669E-08      0.795096E-07     -0.624833E-18
  3.0066      0.144319E-08      0.208140E+03     -0.166644E-08      0.778125E-07     -0.622996E-18
  3.0129      0.146193E-08      0.208427E+03     -0.166922E-08      0.787671E-07     -0.630820E-18
  3.0192      0.147518E-08      0.209100E+03     -0.165913E-08      0.795723E-07     -0.631376E-18
  3.0255      0.148331E-08      0.209322E+03     -0.163601E-08      0.799298E-07     -0.624710E-18
  3.0317      0.148675E-08      0.210246E+03     -0.162788E-08      0.803015E-07     -0.621753E-18
  3.0380      0.148594E-08      0.211089E+03     -0.155121E-08      0.804133E-07     -0.590928E-18
  3.0443      0.148140E-08      0.212677E+03     -0.160433E-08      0.806042E-07     -0.608038E-18
  3.0506      0.147366E-08      0.214152E+03     -0.158405E-08      0.805728E-07     -0.595986E-18
  3.0569      0.146325E-08      0.216307E+03     -0.159502E-08      0.806432E-07     -0.594652E-18
  3.0631      0.145074E-08      0.218270E+03     -0.163974E-08      0.805138E-07     -0.604856E-18
  3.0694      0.143667E-08      0.220848E+03     -0.162658E-08      0.805093E-07     -0.592964E-18
  3.0757      0.142157E-08      0.223033E+03     -0.170367E-08      0.802875E-07     -0.613289E-18
  3.0820      0.140598E-08      0.225407E+03     -0.169457E-08      0.800886E-07     -0.602092E-18
  3.0882      0.139038E-08      0.227248E+03     -0.168655E-08      0.796850E-07     -0.591393E-18
  3.0945      0.137525E-08      0.229376E+03     -0.174931E-08      0.793946E-07     -0.605491E-18
  3.1008      0.136101E-08      0.230925E+03     -0.175819E-08      0.789428E-07     -0.601046E-18
  3.1071      0.134806E-08      0.232549E+03     -0.178485E-08      0.785824E-07     -0.603133E-18
  3.1133      0.133672E-08      0.233449E+03     -0.181141E-08      0.780655E-07     -0.605736E-18
  3.1196      0.132730E-08      0.234260E+03     -0.180153E-08      0.776276E-07     -0.596980E-18
  3.1259      0.132002E-08      0.234283E+03     -0.184381E-08      0.770546E-07     -0.606420E-18
  3.1322      0.131507E-08      0.234138E+03     -0.188310E-08      0.765642E-07     -0.615784E-18
  3.1385      0.131256E-08      0.233206E+03     -0.190673E-08      0.759618E-07     -0.621075E-18
  3.1447      0.131256E-08      0.232256E+03     -0.185810E-08      0.755014E-07     -0.604027E-18
  3.1510      0.131507E-08      0.230752E+03     -0.191245E-08      0.750059E-07     -0.621642E-18
  3.1573      0.132002E-08      0.229016E+03     -0.182293E-08      0.745737E-07     -0.593592E-18
  3.1636      0.132730E-08      0.226184E+03     -0.185301E-08      0.739107E-07     -0.605510E-18
  3.1698      0.133672E-08      0.221979E+03     -0.182874E-08      0.729068E-07     -0.600631E-18
  3.1761      0.134806E-08      0.217774E+03     -0.181419E-08      0.719898E-07     -0.599718E-18
  3.1824      0.136101E-08      0.213446E+03     -0.183129E-08      0.710966E-07     -0.609986E-18
  3.1887      0.137525E-08      0.209057E+03     -0.180867E-08      0.702246E-07     -0.607555E-18
  3.1949      0.139038E-08      0.204672E+03     -0.178876E-08      0.693715E-07     -0.606282E-18
  3.2012      0.140598E-08      0.200395E+03     -0.174509E-08      0.685490E-07     -0.596944E-18
  3.2075      0.142157E-08      0.196095E+03     -0.172280E-08      0.676893E-07     -0.594689E-18
  3.2138      0.143667E-08      0.192087E+03     -0.167477E-08      0.668790E-07     -0.583106E-18
  3.2201      0.145074E-08      0.188175E+03     -0.173045E-08      0.660299E-07     -0.607207E-18
  3.2263      0.146325E-08      0.184736E+03     -0.172645E-08      0.652551E-07     -0.609841E-18
  3.2326      0.147366E-08      0.181557E+03     -0.171997E-08      0.644630E-07     -0.610686E-18
  3.2389      0.148140E-08      0.179177E+03     -0.170774E-08      0.638281E-07     -0.608348E-18
  3.2452      0.148594E-08      0.177527E+03     -0.163937E-08      0.633115E-07     -0.584648E-18
  3.2514      0.148675E-08      0.176494E+03     -0.170455E-08      0.628554E-07     -0.607049E-18
  3.2577      0.148331E-08      0.171939E+03     -0.168450E-08      0.609743E-07     -0.597369E-18
  3.2640      0.147518E-08      0.167568E+03     -0.174056E-08      0.589847E-07     -0.612687E-18
  3.2703      0.146193E-08      0.165827E+03     -0.181092E-08      0.577363E-07     -0.630513E-18
  3.2765      0.144319E-08      0.165792E+03     -0.177342E-08      0.568751E-07     -0.608373E-18
  3.2828      0.141868E-08      0.166356E+03     -0.183718E-08      0.559921E-07     -0.618357E-18
  3.2891      0.138818E-08      0.167908E+03     -0.181794E-08      0.551940E-07     -0.597586E-18
  3.2954      0.135158E-08      0.169965E+03     -0.189828E-08      0.542935E-07     -0.606386E-18
  3.3017      0.130886E-08      0.173260E+03     -0.194768E-08      0.534951E-07     -0.601359E-18
  3.3079      0.126015E-08      0.177253E+03     -0.206982E-08      0.525910E-07     -0.614116E-18
  3.3142      0.120567E-08      0.182822E+03     -0.214384E-08      0.518003E-07     -0.607429E-18
  3.3205      0.114583E-08      0.189421E+03     -0.226555E-08      0.509095E-07     -0.608899E-18
  3.3268      0.108116E-08      0.198073E+03     -0.246226E-08      0.501356E-07     -0.623239E-18
  3.3330      0.101240E-08      0.208284E+03     -0.257455E-08      0.492741E-07     -0.609065E-18
  3.3393      0.940445E-09      0.221295E+03     -0.276634E-08      0.485401E-07     -0.606784E-18
  3.3456      0.866423E-09      0.236519E+03     -0.300284E-08      0.477063E-07     -0.605679E-18
  3.3519      0.791662E-09      0.255256E+03     -0.327922E-08      0.469550E-07     -0.603221E-18
  3.3581      0.717727E-09      0.277153E+03     -0.365082E-08      0.461351E-07     -0.607718E-18
  3.3644      0.646426E-09      0.303554E+03     -0.406112E-08      0.454252E-07     -0.607724E-18
  3.3707      0.579832E-09      0.333362E+03     -0.456845E-08      0.446634E-07     -0.612073E-18
  3.3770      0.520292E-09      0.366597E+03     -0.499595E-08      0.439907E-07     -0.599500E-18
  3.3833      0.470441E-09      0.399489E+03     -0.530989E-08      0.432641E-07     -0.575055E-18
  3.3895      0.433223E-09      0.428091E+03     -0.582129E-08      0.426148E-07     -0.579486E-18
  3.3958      0.411896E-09      0.443943E+03     -0.616200E-08      0.419396E-07     -0.582128E-18
  3.4021      0.410054E-09      0.440251E+03     -0.606354E-08      0.413284E-07     -0.569213E-18
  3.4084      0.431637E-09      0.412512E+03     -0.592995E-08      0.406876E-07     -0.584893E-18
  3.4146      0.480945E-09      0.365561E+03     -0.522185E-08      0.401018E-07     -0.572833E-18
  3.4209      0.562655E-09      0.308423E+03     -0.439967E-08      0.395093E-07     -0.563602E-18
  3.4272      0.681828E-09      0.251411E+03     -0.367866E-08      0.389559E-07     -0.570005E-18
  3.4335      0.843928E-09      0.200643E+03     -0.298023E-08      0.384103E-07     -0.570525E-18
  3.4397      0.105483E-08      0.158645E+03     -0.236885E-08      0.378909E-07     -0.565778E-18
  3.4460      0.132084E-08      0.125256E+03     -0.191080E-08      0.373923E-07     -0.570426E-18
  3.4523      0.164869E-08      0.992258E+02     -0.152360E-08      0.369068E-07     -0.566701E-18
  3.4586      0.204556E-08      0.791393E+02     -0.123733E-08      0.364552E-07     -0.569973E-18
  3.4649      0.251911E-08      0.635541E+02     -0.100635E-08      0.359881E-07     -0.569855E-18
  3.4711      0.307745E-08      0.514982E+02     -0.834403E-09      0.355603E-07     -0.576168E-18
  3.4774      0.372918E-08      0.420654E+02     -0.682767E-09      0.351346E-07     -0.570272E-18
  3.4837      0.448336E-08      0.346893E+02     -0.578714E-09      0.347707E-07     -0.580071E-18
  3.4900      0.534959E-08      0.288041E+02     -0.481843E-09      0.343880E-07     -0.575252E-18
  3.4962      0.633795E-08      0.241232E+02     -0.408810E-09      0.340593E-07     -0.577195E-18
  3.5025      0.745904E-08      0.203232E+02     -0.351023E-09      0.337091E-07     -0.582226E-18
  3.5088      0.872397E-08      0.172563E+02     -0.293483E-09      0.334161E-07     -0.568319E-18
  3.5151      0.101444E-07      0.147250E+02     -0.254098E-09      0.330979E-07     -0.571143E-18
  3.5213      0.117324E-07      0.126553E+02     -0.216001E-09      0.328401E-07     -0.560515E-18
  3.5276      0.135009E-07      0.109211E+02     -0.188850E-09      0.325535E-07     -0.562924E-18
  3.5339      0.154629E-07      0.948641E+01     -0.165754E-09      0.323289E-07     -0.564876E-18
  3.5402      0.176323E-07      0.826815E+01     -0.146267E-09      0.320734E-07     -0.567393E-18
  3.5465      0.200234E-07      0.724952E+01     -0.130981E-09      0.318791E-07     -0.575977E-18
  3.5527      0.226511E-07      0.637454E+01     -0.113322E-09      0.316540E-07     -0.562721E-18
  3.5590      0.255308E-07      0.563569E+01     -0.102639E-09      0.314873E-07     -0.573460E-18
  3.5653      0.286785E-07      0.499475E+01     -0.929163E-10      0.312916E-07     -0.582113E-18
  3.5716      0.321106E-07      0.444855E+01     -0.833898E-10      0.311503E-07     -0.583924E-18
  3.5778      0.358443E-07      0.397071E+01     -0.748276E-10      0.309828E-07     -0.583867E-18
  3.5841      0.398971E-07      0.355990E+01     -0.669594E-10      0.308638E-07     -0.580528E-18
  3.5904      0.442870E-07      0.319800E+01     -0.595438E-10      0.307231E-07     -0.572036E-18
  3.5967      0.490328E-07      0.288418E+01     -0.535921E-10      0.306240E-07     -0.569036E-18
  3.6029      0.541536E-07      0.260616E+01     -0.493767E-10      0.305087E-07     -0.578022E-18
  3.6092      0.596691E-07      0.236306E+01     -0.447305E-10      0.304273E-07     -0.575960E-18
  3.6155      0.655995E-07      0.214670E+01     -0.408783E-10      0.303359E-07     -0.577667E-18
  3.6218      0.719654E-07      0.195589E+01     -0.383890E-10      0.302691E-07     -0.594103E-18
  3.6281      0.787881E-07      0.178548E+01     -0.341001E-10      0.301992E-07     -0.576759E-18
  3.6343      0.860891E-07      0.163398E+01     -0.314933E-10      0.301455E-07     -0.581025E-18
  3.6406      0.938906E-07      0.149832E+01     -0.279913E-10      0.300957E-07     -0.562244E-18
  3.6469      0.102215E-06      0.137672E+01     -0.252697E-10      0.300532E-07     -0.551627E-18
  3.6532      0.111086E-06      0.126766E+01     -0.236241E-10      0.300224E-07     -0.559496E-18
  3.6594      0.120526E-06      0.116913E+01     -0.220991E-10      0.299902E-07     -0.566883E-18
  3.6657      0.130559E-06      0.108076E+01     -0.203528E-10      0.299800E-07     -0.564581E-18
  3.6720      0.141210E-06      0.999917E+00     -0.193201E-10      0.299489E-07     -0.578662E-18
  3.6783      0.152503E-06      0.927086E+00     -0.175308E-10      0.299370E-07     -0.566094E-18
  3.6845      0.164463E-06      0.860260E+00     -0.157775E-10      0.299066E-07     -0.548499E-18
  3.6908      0.177115E-06      0.800317E+00     -0.153494E-10      0.299122E-07     -0.573691E-18
  3.6971      0.190486E-06      0.744966E+00     -0.141174E-10      0.298944E-07     -0.566510E-18
  3.7034      0.204600E-06      0.695153E+00     -0.134306E-10      0.299116E-07     -0.577905E-18
  3.7097      0.219484E-06      0.648768E+00     -0.127549E-10      0.298959E-07     -0.587756E-18
  3.7159      0.235164E-06      0.607083E+00     -0.114892E-10      0.299230E-07     -0.566299E-18
  3.7222      0.251668E-06      0.568070E+00     -0.108091E-10      0.299145E-07     -0.569204E-18
  3.7285      0.269021E-06      0.532821E+00     -0.994002E-11      0.299425E-07     -0.558590E-18
  3.7348      0.287251E-06      0.499543E+00     -0.960211E-11      0.299243E-07     -0.575198E-18
  3.7410      0.306385E-06      0.469604E+00     -0.897969E-11      0.299543E-07     -0.572781E-18
  3.7473      0.326450E-06      0.441303E+00     -0.858332E-11      0.299423E-07     -0.582377E-18
  3.7536      0.347473E-06      0.415752E+00     -0.817109E-11      0.299752E-07     -0.589125E-18
  3.7599      0.369483E-06      0.391457E+00     -0.765410E-11      0.299611E-07     -0.585826E-18
  3.7661      0.392506E-06      0.369503E+00     -0.722165E-11      0.299930E-07     -0.586190E-18
  3.7724      0.416569E-06      0.348579E+00     -0.648776E-11      0.299792E-07     -0.557975E-18
  3.7787      0.441701E-06      0.329613E+00     -0.625033E-11      0.300085E-07     -0.569039E-18
  3.7850      0.467929E-06      0.311502E+00     -0.589997E-11      0.299937E-07     -0.568093E-18
  3.7913      0.495279E-06      0.295034E+00     -0.565232E-11      0.300187E-07     -0.575104E-18
  3.7975      0.523779E-06      0.279293E+00     -0.536998E-11      0.300027E-07     -0.576863E-18
  3.8038      0.553456E-06      0.264926E+00     -0.503108E-11      0.300222E-07     -0.570136E-18
  3.8101      0.584337E-06      0.251193E+00     -0.486954E-11      0.300046E-07     -0.581660E-18
  3.8164      0.616448E-06      0.238600E+00     -0.451788E-11      0.300172E-07     -0.568374E-18
  3.8226      0.649815E-06      0.226575E+00     -0.432134E-11      0.299980E-07     -0.572134E-18
  3.8289      0.684465E-06      0.215493E+00     -0.416065E-11      0.300027E-07     -0.579281E-18
  3.8352      0.720423E-06      0.204930E+00     -0.397722E-11      0.299818E-07     -0.581879E-18
  3.8415      0.757715E-06      0.195139E+00     -0.371462E-11      0.299782E-07     -0.570657E-18
  3.8477      0.796365E-06      0.185832E+00     -0.362619E-11      0.299557E-07     -0.584532E-18
  3.8540      0.836398E-06      0.177152E+00     -0.339250E-11      0.299431E-07     -0.573418E-18
  3.8603      0.877837E-06      0.168926E+00     -0.323271E-11      0.299187E-07     -0.572550E-18
  3.8666      0.920707E-06      0.161203E+00     -0.322352E-11      0.298966E-07     -0.597830E-18
  3.8729      0.965031E-06      0.153912E+00     -0.303987E-11      0.298700E-07     -0.589953E-18
  3.8791      0.101083E-05      0.147022E+00     -0.296745E-11      0.298387E-07     -0.602254E-18
  3.8854      0.105813E-05      0.140546E+00     -0.282915E-11      0.298107E-07     -0.600081E-18
  3.8917      0.110694E-05      0.134402E+00     -0.266201E-11      0.297746E-07     -0.589725E-18
  3.8980      0.115730E-05      0.128666E+00     -0.257076E-11      0.297526E-07     -0.594458E-18
  3.9042      0.120921E-05      0.123096E+00     -0.243109E-11      0.296936E-07     -0.586435E-18
  3.9105      0.126270E-05      0.117917E+00     -0.234433E-11      0.296547E-07     -0.589573E-18
  3.9168      0.131779E-05      0.112935E+00     -0.229042E-11      0.295934E-07     -0.600182E-18
  3.9231      0.137449E-05      0.108322E+00     -0.215629E-11      0.295586E-07     -0.588403E-18
  3.9293      0.143282E-05      0.103832E+00     -0.211366E-11      0.294886E-07     -0.600287E-18
  3.9356      0.149279E-05      0.996972E-01     -0.198421E-11      0.294525E-07     -0.586175E-18
  3.9419      0.155443E-05      0.956443E-01     -0.189219E-11      0.293749E-07     -0.581142E-18
  3.9482      0.161774E-05      0.919300E-01     -0.184334E-11      0.293374E-07     -0.588259E-18
  3.9545      0.168273E-05      0.882632E-01     -0.180762E-11      0.292524E-07     -0.599084E-18
  3.9607      0.174943E-05      0.849198E-01     -0.174380E-11      0.292134E-07     -0.599888E-18
  3.9670      0.181783E-05      0.816200E-01     -0.167581E-11      0.291299E-07     -0.598093E-18
  3.9733      0.188795E-05      0.786503E-01     -0.161933E-11      0.291068E-07     -0.599279E-18
  3.9796      0.195980E-05      0.756617E-01     -0.154450E-11      0.290205E-07     -0.592404E-18
  3.9858      0.203338E-05      0.729215E-01     -0.151343E-11      0.289740E-07     -0.601334E-18
  3.9921      0.210871E-05      0.702227E-01     -0.144250E-11      0.288898E-07     -0.593447E-18
  3.9984      0.218578E-05      0.676372E-01     -0.137601E-11      0.287978E-07     -0.585861E-18
  4.0047      0.226460E-05      0.649134E-01     -0.134715E-11      0.285898E-07     -0.593327E-18
  4.0109      0.234517E-05      0.626037E-01     -0.131662E-11      0.285089E-07     -0.599570E-18
  4.0172      0.242749E-05      0.603607E-01     -0.126766E-11      0.284079E-07     -0.596607E-18
  4.0235      0.251157E-05      0.583287E-01     -0.123207E-11      0.283581E-07     -0.599003E-18
  4.0298      0.259740E-05      0.562913E-01     -0.117140E-11      0.282587E-07     -0.588054E-18
  4.0361      0.268498E-05      0.544328E-01     -0.114353E-11      0.282032E-07     -0.592495E-18
  4.0423      0.277431E-05      0.525510E-01     -0.111482E-11      0.280903E-07     -0.595908E-18
  4.0486      0.286537E-05      0.508511E-01     -0.109554E-11      0.280304E-07     -0.603888E-18
  4.0549      0.295817E-05      0.491388E-01     -0.106451E-11      0.279204E-07     -0.604849E-18
  4.0612      0.305269E-05      0.475823E-01     -0.103724E-11      0.278568E-07     -0.607245E-18
  4.0674      0.314893E-05      0.460182E-01     -0.100153E-11      0.277475E-07     -0.603890E-18
  4.0737      0.324688E-05      0.445910E-01     -0.952040E-12      0.276805E-07     -0.590994E-18
  4.0800      0.334651E-05      0.431615E-01     -0.938349E-12      0.275729E-07     -0.599446E-18
  4.0863      0.344783E-05      0.418513E-01     -0.920175E-12      0.275030E-07     -0.604702E-18
  4.0925      0.355080E-05      0.405446E-01     -0.900052E-12      0.273980E-07     -0.608209E-18
  4.0988      0.365543E-05      0.393403E-01     -0.873360E-12      0.273256E-07     -0.606631E-18
  4.1051      0.376168E-05      0.381455E-01     -0.836746E-12      0.272241E-07     -0.597178E-18
  4.1114      0.386953E-05      0.370373E-01     -0.802168E-12      0.271496E-07     -0.588016E-18
  4.1177      0.397898E-05      0.359438E-01     -0.782167E-12      0.270520E-07     -0.588673E-18
  4.1239      0.408999E-05      0.349216E-01     -0.755872E-12      0.269747E-07     -0.583864E-18
  4.1302      0.420254E-05      0.339193E-01     -0.742201E-12      0.268806E-07     -0.588185E-18
  4.1365      0.431660E-05      0.329781E-01     -0.725602E-12      0.268034E-07     -0.589742E-18
  4.1428      0.443215E-05      0.320640E-01     -0.705415E-12      0.267175E-07     -0.587790E-18
  4.1490      0.454916E-05      0.311960E-01     -0.702434E-12      0.266400E-07     -0.599848E-18
  4.1553      0.466759E-05      0.303577E-01     -0.666978E-12      0.265589E-07     -0.583516E-18
  4.1616      0.478742E-05      0.295552E-01     -0.655152E-12      0.264806E-07     -0.586999E-18
  4.1679      0.490862E-05      0.287867E-01     -0.638811E-12      0.264052E-07     -0.585963E-18
  4.1741      0.503114E-05      0.280446E-01     -0.624903E-12      0.263270E-07     -0.586630E-18
  4.1804      0.515495E-05      0.273399E-01     -0.628118E-12      0.262575E-07     -0.603251E-18
  4.1867      0.528002E-05      0.266527E-01     -0.601324E-12      0.261793E-07     -0.590643E-18
  4.1930      0.540631E-05      0.260052E-01     -0.584691E-12      0.261151E-07     -0.587161E-18
  4.1993      0.553377E-05      0.253679E-01     -0.578815E-12      0.260367E-07     -0.594074E-18
  4.2055      0.566236E-05      0.247726E-01     -0.568612E-12      0.259778E-07     -0.596273E-18
  4.2118      0.579205E-05      0.241820E-01     -0.542551E-12      0.259006E-07     -0.581108E-18
  4.2181      0.592278E-05      0.236330E-01     -0.534951E-12      0.258454E-07     -0.585028E-18
  4.2244      0.605451E-05      0.230871E-01     -0.527521E-12      0.257716E-07     -0.588858E-18
  4.2306      0.618720E-05      0.225839E-01     -0.506181E-12      0.257241E-07     -0.576563E-18
  4.2369      0.632080E-05      0.220792E-01     -0.507541E-12      0.256542E-07     -0.589720E-18
  4.2432      0.645525E-05      0.216161E-01     -0.500590E-12      0.256124E-07     -0.593136E-18
  4.2495      0.659050E-05      0.211489E-01     -0.483050E-12      0.255461E-07     -0.583483E-18
  4.2557      0.672651E-05      0.207219E-01     -0.470087E-12      0.255091E-07     -0.578689E-18
  4.2620      0.686322E-05      0.202902E-01     -0.469623E-12      0.254478E-07     -0.588999E-18
  4.2683      0.700058E-05      0.198954E-01     -0.465918E-12      0.254147E-07     -0.595170E-18
  4.2746      0.713852E-05      0.194921E-01     -0.443310E-12      0.253528E-07     -0.576601E-18
  4.2809      0.727701E-05      0.191309E-01     -0.448061E-12      0.253286E-07     -0.593216E-18
  4.2871      0.741597E-05      0.187603E-01     -0.446890E-12      0.252751E-07     -0.602080E-18
  4.2934      0.755535E-05      0.184243E-01     -0.422766E-12      0.252520E-07     -0.579435E-18
  4.2997      0.769509E-05      0.180793E-01     -0.424179E-12      0.252006E-07     -0.591260E-18
  4.3060      0.783513E-05      0.177649E-01     -0.423152E-12      0.251762E-07     -0.599688E-18
  4.3122      0.797541E-05      0.174499E-01     -0.414016E-12      0.251360E-07     -0.596376E-18
  4.3185      0.811586E-05      0.171625E-01     -0.406798E-12      0.251208E-07     -0.595431E-18
  4.3248      0.825643E-05      0.168706E-01     -0.406101E-12      0.250848E-07     -0.603829E-18
  4.3311      0.839706E-05      0.166034E-01     -0.394876E-12      0.250716E-07     -0.596273E-18
  4.3373      0.853766E-05      0.163336E-01     -0.390378E-12      0.250409E-07     -0.598485E-18
  4.3436      0.867820E-05      0.160852E-01     -0.382922E-12      0.250298E-07     -0.595855E-18
  4.3499      0.881858E-05      0.158363E-01     -0.383420E-12      0.250050E-07     -0.605407E-18
  4.3562      0.895876E-05      0.156055E-01     -0.385077E-12      0.249961E-07     -0.616799E-18
  4.3625      0.909867E-05      0.153761E-01     -0.371737E-12      0.249773E-07     -0.603858E-18
  4.3687      0.923823E-05      0.151613E-01     -0.364688E-12      0.249703E-07     -0.600631E-18
  4.3750      0.937739E-05      0.149501E-01     -0.364016E-12      0.249575E-07     -0.607682E-18
  4.3813      0.951607E-05      0.147507E-01     -0.360519E-12      0.249529E-07     -0.609870E-18
  4.3876      0.965420E-05      0.145563E-01     -0.345180E-12      0.249458E-07     -0.591550E-18
  4.3938      0.979172E-05      0.143706E-01     -0.349188E-12      0.249427E-07     -0.606075E-18
  4.4001      0.992857E-05      0.141920E-01     -0.353337E-12      0.249413E-07     -0.620961E-18
  4.4064      0.100647E-04      0.140192E-01     -0.335916E-12      0.249398E-07     -0.597585E-18
  4.4127      0.101999E-04      0.138551E-01     -0.338020E-12      0.249436E-07     -0.608544E-18
  4.4189      0.103343E-04      0.136942E-01     -0.337347E-12      0.249432E-07     -0.614460E-18
  4.4252      0.104678E-04      0.135428E-01     -0.324801E-12      0.249506E-07     -0.598396E-18
  4.4315      0.106002E-04      0.133916E-01     -0.323054E-12      0.249486E-07     -0.601853E-18
  4.4378      0.107315E-04      0.132501E-01     -0.323607E-12      0.249556E-07     -0.609488E-18
  4.4441      0.108617E-04      0.131068E-01     -0.328281E-12      0.249498E-07     -0.624907E-18
  4.4503      0.109906E-04      0.129773E-01     -0.313719E-12      0.249612E-07     -0.603425E-18
  4.4566      0.111182E-04      0.128476E-01     -0.314837E-12      0.249635E-07     -0.611745E-18
  4.4629      0.112445E-04      0.127322E-01     -0.309088E-12      0.249851E-07     -0.606540E-18
  4.4692      0.113694E-04      0.126135E-01     -0.305919E-12      0.249919E-07     -0.606135E-18
  4.4754      0.114927E-04      0.125084E-01     -0.298923E-12      0.250174E-07     -0.597860E-18
  4.4817      0.116145E-04      0.123986E-01     -0.305723E-12      0.250254E-07     -0.617075E-18
  4.4880      0.117347E-04      0.123021E-01     -0.297854E-12      0.250526E-07     -0.606563E-18
  4.4943      0.118532E-04      0.122008E-01     -0.302827E-12      0.250622E-07     -0.622048E-18
  4.5005      0.119699E-04      0.121133E-01     -0.300907E-12      0.250923E-07     -0.623320E-18
  4.5068      0.120848E-04      0.120201E-01     -0.293554E-12      0.251032E-07     -0.613072E-18
  4.5131      0.121979E-04      0.119398E-01     -0.286716E-12      0.251339E-07     -0.603551E-18
  4.5194      0.123089E-04      0.118545E-01     -0.287016E-12      0.251465E-07     -0.608838E-18
  4.5257      0.124180E-04      0.117823E-01     -0.283866E-12      0.251800E-07     -0.606649E-18
  4.5319      0.125251E-04      0.117050E-01     -0.285571E-12      0.251954E-07     -0.614701E-18
  4.5382      0.126300E-04      0.116391E-01     -0.281091E-12      0.252284E-07     -0.609281E-18
  4.5445      0.127327E-04      0.115681E-01     -0.281860E-12      0.252436E-07     -0.615065E-18
  4.5508      0.128332E-04      0.115096E-01     -0.279964E-12      0.252792E-07     -0.614901E-18
  4.5570      0.129314E-04      0.114466E-01     -0.272970E-12      0.252984E-07     -0.603296E-18
  4.5633      0.130272E-04      0.113936E-01     -0.270858E-12      0.253328E-07     -0.602235E-18
  4.5696      0.131207E-04      0.113391E-01     -0.278404E-12      0.253578E-07     -0.622597E-18
  4.5759      0.132117E-04      0.112931E-01     -0.277758E-12      0.253952E-07     -0.624604E-18
  4.5821      0.133002E-04      0.112453E-01     -0.271150E-12      0.254222E-07     -0.612989E-18
  4.5884      0.133862E-04      0.112040E-01     -0.271561E-12      0.254578E-07     -0.617040E-18
  4.5947      0.134695E-04      0.111629E-01     -0.271193E-12      0.254873E-07     -0.619193E-18
  4.6010      0.135502E-04      0.111284E-01     -0.269050E-12      0.255260E-07     -0.617138E-18
  4.6073      0.136283E-04      0.110949E-01     -0.261971E-12      0.255609E-07     -0.603537E-18
  4.6135      0.137036E-04      0.110686E-01     -0.271127E-12      0.256063E-07     -0.627230E-18
  4.6198      0.137761E-04      0.110438E-01     -0.274033E-12      0.256491E-07     -0.636439E-18
  4.6261      0.138458E-04      0.110508E-01     -0.268936E-12      0.257604E-07     -0.626910E-18
  4.6324      0.139126E-04      0.110550E-01     -0.267608E-12      0.258594E-07     -0.625979E-18
  4.6386      0.139766E-04      0.109846E-01     -0.267447E-12      0.257780E-07     -0.627628E-18
  4.6449      0.140376E-04      0.109193E-01     -0.252806E-12      0.257019E-07     -0.595056E-18
  4.6512      0.140957E-04      0.108863E-01     -0.252465E-12      0.256954E-07     -0.595906E-18
  4.6575      0.141508E-04      0.108664E-01     -0.259205E-12      0.257141E-07     -0.613376E-18
  4.6637      0.142029E-04      0.108504E-01     -0.261478E-12      0.257360E-07     -0.620197E-18
  4.6700      0.142519E-04      0.108469E-01     -0.258354E-12      0.257817E-07     -0.614076E-18
  4.6763      0.142978E-04      0.108457E-01     -0.257324E-12      0.258273E-07     -0.612775E-18
  4.6826      0.143407E-04      0.108540E-01     -0.259807E-12      0.258897E-07     -0.619709E-18
  4.6889      0.143804E-04      0.108555E-01     -0.258444E-12      0.259303E-07     -0.617338E-18
  4.6951      0.144170E-04      0.108538E-01     -0.252706E-12      0.259573E-07     -0.604358E-18
  4.7014      0.144504E-04      0.108452E-01     -0.256806E-12      0.259622E-07     -0.614764E-18
  4.7077      0.144806E-04      0.108846E-01     -0.259130E-12      0.260761E-07     -0.620796E-18
  4.7140      0.145076E-04      0.109037E-01     -0.259062E-12      0.261358E-07     -0.620964E-18
  4.7202      0.145314E-04      0.108910E-01     -0.251572E-12      0.261135E-07     -0.603198E-18
  4.7265      0.145520E-04      0.108718E-01     -0.251870E-12      0.260697E-07     -0.603966E-18
  4.7328      0.145694E-04      0.108728E-01     -0.253591E-12      0.260687E-07     -0.608011E-18
  4.7391      0.145835E-04      0.108887E-01     -0.248066E-12      0.260975E-07     -0.594553E-18
  4.7453      0.145944E-04      0.109372E-01     -0.254278E-12      0.261985E-07     -0.609089E-18
  4.7516      0.146021E-04      0.109498E-01     -0.260325E-12      0.262079E-07     -0.623075E-18
  4.7579      0.146064E-04      0.109612E-01     -0.254577E-12      0.262083E-07     -0.608697E-18
  4.7642      0.146076E-04      0.109728E-01     -0.254168E-12      0.262037E-07     -0.606967E-18
  4.7705      0.146055E-04      0.110003E-01     -0.261040E-12      0.262309E-07     -0.622467E-18
  4.7767      0.146001E-04      0.110216E-01     -0.256736E-12      0.262375E-07     -0.611174E-18
  4.7830      0.145915E-04      0.110579E-01     -0.249828E-12      0.262740E-07     -0.593601E-18
  4.7893      0.145797E-04      0.110867E-01     -0.259179E-12      0.262865E-07     -0.614514E-18
  4.7956      0.145647E-04      0.111287E-01     -0.261804E-12      0.263245E-07     -0.619285E-18
  4.8018      0.145465E-04      0.111635E-01     -0.257518E-12      0.263392E-07     -0.607589E-18
  4.8081      0.145250E-04      0.112117E-01     -0.261745E-12      0.263795E-07     -0.615848E-18
  4.8144      0.145004E-04      0.112554E-01     -0.262845E-12      0.264029E-07     -0.616584E-18
  4.8207      0.144727E-04      0.113134E-01     -0.259921E-12      0.264537E-07     -0.607764E-18
  4.8269      0.144418E-04      0.113571E-01     -0.255057E-12      0.264647E-07     -0.594344E-18
  4.8332      0.144077E-04      0.114107E-01     -0.250668E-12      0.264926E-07     -0.581984E-18
  4.8395      0.143706E-04      0.114623E-01     -0.254533E-12      0.265095E-07     -0.588670E-18
  4.8458      0.143304E-04      0.115278E-01     -0.255074E-12      0.265519E-07     -0.587510E-18
  4.8521      0.142872E-04      0.115887E-01     -0.260052E-12      0.265771E-07     -0.596396E-18
  4.8583      0.142409E-04      0.116626E-01     -0.255416E-12      0.266256E-07     -0.583113E-18
  4.8646      0.141917E-04      0.117301E-01     -0.259176E-12      0.266526E-07     -0.588890E-18
  4.8709      0.141395E-04      0.118027E-01     -0.252547E-12      0.266847E-07     -0.570980E-18
  4.8772      0.140844E-04      0.118755E-01     -0.263281E-12      0.267101E-07     -0.592165E-18
  4.8834      0.140264E-04      0.119577E-01     -0.267733E-12      0.267498E-07     -0.598928E-18
  4.8897      0.139655E-04      0.120390E-01     -0.267811E-12      0.267803E-07     -0.595739E-18
  4.8960      0.139019E-04      0.121276E-01     -0.265085E-12      0.268201E-07     -0.586234E-18
  4.9023      0.138354E-04      0.122167E-01     -0.275599E-12      0.268536E-07     -0.605796E-18
  4.9085      0.137663E-04      0.123119E-01     -0.269912E-12      0.268932E-07     -0.589575E-18
  4.9148      0.136944E-04      0.124092E-01     -0.270860E-12      0.269297E-07     -0.587806E-18
  4.9211      0.136199E-04      0.125112E-01     -0.274529E-12      0.269691E-07     -0.591772E-18
  4.9274      0.135428E-04      0.126169E-01     -0.279882E-12      0.270085E-07     -0.599132E-18
  4.9337      0.134632E-04      0.127264E-01     -0.280589E-12      0.270481E-07     -0.596353E-18
  4.9399      0.133811E-04      0.128410E-01     -0.279356E-12      0.270908E-07     -0.589360E-18
  4.9462      0.132965E-04      0.129584E-01     -0.281230E-12      0.271310E-07     -0.588814E-18
  4.9525      0.132094E-04      0.130825E-01     -0.277815E-12      0.271773E-07     -0.577126E-18
  4.9588      0.131201E-04      0.132086E-01     -0.278632E-12      0.272191E-07     -0.574179E-18
  4.9650      0.130284E-04      0.133433E-01     -0.290091E-12      0.272700E-07     -0.592867E-18
  4.9713      0.129345E-04      0.134805E-01     -0.288270E-12      0.273173E-07     -0.584160E-18
  4.9776      0.128384E-04      0.136281E-01     -0.294273E-12      0.273767E-07     -0.591148E-18
  4.9839      0.127402E-04      0.137674E-01     -0.302245E-12      0.274103E-07     -0.601757E-18
  4.9901      0.126399E-04      0.139144E-01     -0.304373E-12      0.274503E-07     -0.600465E-18
  4.9964      0.125375E-04      0.140638E-01     -0.291850E-12      0.274859E-07     -0.570382E-18
  5.0027      0.124332E-04      0.142279E-01     -0.298270E-12      0.275406E-07     -0.577354E-18
  5.0090      0.123270E-04      0.143909E-01     -0.306518E-12      0.275836E-07     -0.587515E-18
  5.0152      0.122190E-04      0.145687E-01     -0.301941E-12      0.276450E-07     -0.572950E-18
  5.0215      0.121092E-04      0.147448E-01     -0.313091E-12      0.276930E-07     -0.588033E-18
  5.0278      0.119976E-04      0.149369E-01     -0.316371E-12      0.277605E-07     -0.587983E-18
  5.0341      0.118844E-04      0.151295E-01     -0.316122E-12      0.278184E-07     -0.581252E-18
  5.0404      0.117696E-04      0.153408E-01     -0.316076E-12      0.278997E-07     -0.574834E-18
  5.0466      0.116532E-04      0.155457E-01     -0.329521E-12      0.279580E-07     -0.592624E-18
  5.0529      0.115354E-04      0.157552E-01     -0.328763E-12      0.280135E-07     -0.584555E-18
  5.0592      0.114161E-04      0.159569E-01     -0.336257E-12      0.280440E-07     -0.590966E-18
  5.0655      0.112956E-04      0.161791E-01     -0.350864E-12      0.280992E-07     -0.609367E-18
  5.0717      0.111737E-04      0.164027E-01     -0.348177E-12      0.281454E-07     -0.597436E-18
  5.0780      0.110506E-04      0.166452E-01     -0.349969E-12      0.282120E-07     -0.593163E-18
  5.0843      0.109264E-04      0.168873E-01     -0.349765E-12      0.282655E-07     -0.585429E-18
  5.0906      0.108010E-04      0.171470E-01     -0.361814E-12      0.283360E-07     -0.597911E-18
  5.0968      0.106747E-04      0.174066E-01     -0.363452E-12      0.283935E-07     -0.592860E-18
  5.1031      0.105474E-04      0.176837E-01     -0.382977E-12      0.284664E-07     -0.616499E-18
  5.1094      0.104191E-04      0.179618E-01     -0.388049E-12      0.285275E-07     -0.616312E-18
  5.1157      0.102901E-04      0.182569E-01     -0.379944E-12      0.286019E-07     -0.595234E-18
  5.1220      0.101603E-04      0.185545E-01     -0.396551E-12      0.286664E-07     -0.612663E-18
  5.1282      0.100298E-04      0.188690E-01     -0.395736E-12      0.287425E-07     -0.602811E-18
  5.1345      0.989861E-05      0.191877E-01     -0.387559E-12      0.288105E-07     -0.581923E-18
  5.1408      0.976688E-05      0.195226E-01     -0.411098E-12      0.288879E-07     -0.608309E-18
  5.1471      0.963463E-05      0.198639E-01     -0.431292E-12      0.289597E-07     -0.628781E-18
  5.1533      0.950193E-05      0.202207E-01     -0.425473E-12      0.290383E-07     -0.611009E-18
  5.1596      0.936885E-05      0.205862E-01     -0.422699E-12      0.291138E-07     -0.597795E-18
  5.1659      0.923543E-05      0.209663E-01     -0.447371E-12      0.291935E-07     -0.622920E-18
  5.1722      0.910176E-05      0.213584E-01     -0.443340E-12      0.292734E-07     -0.607634E-18
  5.1784      0.896787E-05      0.217663E-01     -0.447391E-12      0.293580E-07     -0.603433E-18
  5.1847      0.883385E-05      0.221852E-01     -0.478856E-12      0.294401E-07     -0.635450E-18
  5.1910      0.869974E-05      0.226163E-01     -0.479002E-12      0.295208E-07     -0.625238E-18
  5.1973      0.856560E-05      0.230656E-01     -0.490091E-12      0.296073E-07     -0.629087E-18
  5.2036      0.843150E-05      0.235276E-01     -0.484698E-12      0.296917E-07     -0.611685E-18
  5.2098      0.829749E-05      0.240084E-01     -0.506113E-12      0.297810E-07     -0.627802E-18
  5.2161      0.816362E-05      0.244999E-01     -0.505491E-12      0.298643E-07     -0.616172E-18
  5.2224      0.802996E-05      0.250166E-01     -0.500230E-12      0.299588E-07     -0.599054E-18
  5.2287      0.789655E-05      0.255443E-01     -0.527552E-12      0.300465E-07     -0.620533E-18
  5.2349      0.776346E-05      0.260976E-01     -0.544315E-12      0.301437E-07     -0.628704E-18
  5.2412      0.763073E-05      0.266618E-01     -0.543455E-12      0.302326E-07     -0.616240E-18
  5.2475      0.749841E-05      0.272554E-01     -0.561378E-12      0.303335E-07     -0.624778E-18
  5.2538      0.736657E-05      0.278589E-01     -0.576143E-12      0.304236E-07     -0.629183E-18
  5.2600      0.723525E-05      0.284956E-01     -0.577210E-12      0.305276E-07     -0.618372E-18
  5.2663      0.710449E-05      0.291410E-01     -0.577216E-12      0.306184E-07     -0.606479E-18
  5.2726      0.697435E-05      0.298230E-01     -0.593691E-12      0.307243E-07     -0.611634E-18
  5.2789      0.684487E-05      0.305213E-01     -0.610048E-12      0.308232E-07     -0.616084E-18
  5.2852      0.671610E-05      0.312532E-01     -0.632030E-12      0.309319E-07     -0.625532E-18
  5.2914      0.658808E-05      0.319976E-01     -0.629896E-12      0.310281E-07     -0.610812E-18
  5.2977      0.646087E-05      0.327846E-01     -0.650704E-12      0.311405E-07     -0.618071E-18
  5.3040      0.633449E-05      0.335861E-01     -0.663330E-12      0.312407E-07     -0.617009E-18
  5.3103      0.620899E-05      0.344304E-01     -0.649798E-12      0.313545E-07     -0.591747E-18
  5.3165      0.608441E-05      0.352927E-01     -0.659389E-12      0.314577E-07     -0.587738E-18
  5.3228      0.596080E-05      0.362020E-01     -0.680427E-12      0.315754E-07     -0.593467E-18
  5.3291      0.583818E-05      0.371317E-01     -0.693697E-12      0.316827E-07     -0.591897E-18
  5.3354      0.571660E-05      0.381121E-01     -0.708623E-12      0.318045E-07     -0.591345E-18
  5.3416      0.559608E-05      0.391285E-01     -0.744816E-12      0.319267E-07     -0.607730E-18
  5.3479      0.547667E-05      0.401906E-01     -0.738311E-12      0.320559E-07     -0.588875E-18
  5.3542      0.535839E-05      0.412559E-01     -0.735797E-12      0.321572E-07     -0.573522E-18
  5.3605      0.524128E-05      0.423740E-01     -0.760792E-12      0.322690E-07     -0.579366E-18
  5.3668      0.512537E-05      0.435371E-01     -0.774656E-12      0.323837E-07     -0.576202E-18
  5.3730      0.501068E-05      0.447565E-01     -0.798241E-12      0.325077E-07     -0.579781E-18
  5.3793      0.489725E-05      0.460160E-01     -0.816819E-12      0.326278E-07     -0.579167E-18
  5.3856      0.478510E-05      0.473311E-01     -0.872479E-12      0.327534E-07     -0.603761E-18
  5.3919      0.467425E-05      0.486941E-01     -0.855103E-12      0.328777E-07     -0.577356E-18
  5.3981      0.456472E-05      0.501132E-01     -0.868211E-12      0.330046E-07     -0.571805E-18
  5.4044      0.445655E-05      0.515906E-01     -0.902653E-12      0.331339E-07     -0.579726E-18
  5.4107      0.434975E-05      0.531266E-01     -0.938520E-12      0.332640E-07     -0.587634E-18
  5.4170      0.424433E-05      0.547259E-01     -0.972715E-12      0.333963E-07     -0.593596E-18
  5.4232      0.414033E-05      0.563847E-01     -0.984018E-12      0.335266E-07     -0.585101E-18
  5.4295      0.403775E-05      0.581200E-01     -0.983170E-12      0.336633E-07     -0.569454E-18
  5.4358      0.393661E-05      0.599157E-01     -0.101591E-11      0.337950E-07     -0.573016E-18
  5.4421      0.383693E-05      0.618010E-01     -0.104488E-11      0.339365E-07     -0.573772E-18
  5.4484      0.373872E-05      0.637496E-01     -0.108504E-11      0.340713E-07     -0.579903E-18
  5.4546      0.364199E-05      0.657967E-01     -0.113035E-11      0.342161E-07     -0.587814E-18
  5.4609      0.354676E-05      0.679089E-01     -0.116780E-11      0.343515E-07     -0.590729E-18
  5.4672      0.345302E-05      0.701362E-01     -0.114858E-11      0.345009E-07     -0.565001E-18
  5.4735      0.336080E-05      0.724302E-01     -0.120373E-11      0.346380E-07     -0.575655E-18
  5.4797      0.327009E-05      0.748543E-01     -0.125488E-11      0.347912E-07     -0.583250E-18
  5.4860      0.318091E-05      0.773531E-01     -0.124589E-11      0.349321E-07     -0.562635E-18
  5.4923      0.309326E-05      0.799947E-01     -0.132434E-11      0.350894E-07     -0.580917E-18
  5.4986      0.300714E-05      0.827134E-01     -0.136379E-11      0.352315E-07     -0.580904E-18
  5.5048      0.292255E-05      0.855945E-01     -0.139950E-11      0.353928E-07     -0.578684E-18
  5.5111      0.283950E-05      0.885586E-01     -0.145577E-11      0.355374E-07     -0.584180E-18
  5.5174      0.275799E-05      0.917088E-01     -0.152509E-11      0.357044E-07     -0.593754E-18
  5.5237      0.267802E-05      0.949509E-01     -0.154266E-11      0.358539E-07     -0.582515E-18
  5.5300      0.259958E-05      0.983871E-01     -0.158344E-11      0.360224E-07     -0.579744E-18
  5.5362      0.252268E-05      0.101922E+00     -0.162328E-11      0.361717E-07     -0.576093E-18
  5.5425      0.244730E-05      0.105680E+00     -0.172106E-11      0.363437E-07     -0.591876E-18
  5.5488      0.237346E-05      0.109567E+00     -0.172344E-11      0.365019E-07     -0.574158E-18
  5.5551      0.230113E-05      0.113694E+00     -0.175436E-11      0.366809E-07     -0.566008E-18
  5.5613      0.223031E-05      0.117943E+00     -0.186597E-11      0.368393E-07     -0.582831E-18
  5.5676      0.216100E-05      0.122462E+00     -0.185182E-11      0.370204E-07     -0.559806E-18
  5.5739      0.209319E-05      0.127130E+00     -0.198245E-11      0.371836E-07     -0.579835E-18
  5.5802      0.202687E-05      0.132089E+00     -0.205032E-11      0.373679E-07     -0.580032E-18
  5.5864      0.196203E-05      0.137232E+00     -0.214024E-11      0.375387E-07     -0.585444E-18
  5.5927      0.189866E-05      0.142696E+00     -0.221794E-11      0.377302E-07     -0.586445E-18
  5.5990      0.183675E-05      0.148339E+00     -0.223824E-11      0.379007E-07     -0.571871E-18
  5.6053      0.177628E-05      0.154332E+00     -0.240385E-11      0.380913E-07     -0.593300E-18
  5.6116      0.171725E-05      0.160564E+00     -0.244552E-11      0.382695E-07     -0.582874E-18
  5.6178      0.165964E-05      0.167177E+00     -0.253787E-11      0.384658E-07     -0.583940E-18
  5.6241      0.160344E-05      0.174062E+00     -0.260674E-11      0.386504E-07     -0.578826E-18
  5.6304      0.154863E-05      0.181366E+00     -0.277434E-11      0.388523E-07     -0.594321E-18
  5.6367      0.149519E-05      0.189013E+00     -0.285467E-11      0.390499E-07     -0.589772E-18
  5.6429      0.144312E-05      0.197204E+00     -0.280261E-11      0.392794E-07     -0.558229E-18
  5.6492      0.139239E-05      0.205756E+00     -0.303224E-11      0.394983E-07     -0.582090E-18
  5.6555      0.134299E-05      0.214687E+00     -0.315938E-11      0.397066E-07     -0.584330E-18
  5.6618      0.129491E-05      0.223924E+00     -0.315795E-11      0.398878E-07     -0.562529E-18
  5.6680      0.124812E-05      0.233652E+00     -0.347558E-11      0.400722E-07     -0.596075E-18
  5.6743      0.120260E-05      0.243951E+00     -0.367878E-11      0.402682E-07     -0.607243E-18
  5.6806      0.115834E-05      0.254895E+00     -0.380348E-11      0.404814E-07     -0.604054E-18
  5.6869      0.111532E-05      0.266416E+00     -0.378779E-11      0.406947E-07     -0.578580E-18
  5.6932      0.107352E-05      0.278586E+00     -0.405701E-11      0.409136E-07     -0.595820E-18
  5.6994      0.103292E-05      0.291413E+00     -0.423294E-11      0.411335E-07     -0.597489E-18
  5.7057      0.993501E-06      0.304958E+00     -0.428046E-11      0.413571E-07     -0.580499E-18
  5.7120      0.955242E-06      0.319260E+00     -0.451148E-11      0.415837E-07     -0.587622E-18
  5.7183      0.918125E-06      0.334360E+00     -0.486390E-11      0.418123E-07     -0.608239E-18
  5.7245      0.882128E-06      0.350331E+00     -0.497638E-11      0.420457E-07     -0.597251E-18
  5.7308      0.847230E-06      0.367197E+00     -0.513359E-11      0.422801E-07     -0.591097E-18
  5.7371      0.813412E-06      0.385075E+00     -0.548618E-11      0.425223E-07     -0.605817E-18
  5.7434      0.780652E-06      0.403920E+00     -0.549027E-11      0.427601E-07     -0.581215E-18
  5.7496      0.748930E-06      0.423922E+00     -0.583496E-11      0.430070E-07     -0.591957E-18
  5.7559      0.718224E-06      0.445043E+00     -0.613059E-11      0.432513E-07     -0.595798E-18
  5.7622      0.688513E-06      0.467490E+00     -0.643160E-11      0.435059E-07     -0.598543E-18
  5.7685      0.659776E-06      0.491192E+00     -0.676367E-11      0.437562E-07     -0.602518E-18
  5.7748      0.631993E-06      0.516418E+00     -0.695638E-11      0.440182E-07     -0.592945E-18
  5.7810      0.605141E-06      0.543063E+00     -0.723336E-11      0.442745E-07     -0.589717E-18
  5.7873      0.579200E-06      0.571452E+00     -0.763455E-11      0.445435E-07     -0.595097E-18
  5.7936      0.554149E-06      0.601469E+00     -0.796514E-11      0.448069E-07     -0.593370E-18
  5.7999      0.529967E-06      0.633485E+00     -0.828117E-11      0.450837E-07     -0.589353E-18
  5.8061      0.506633E-06      0.667361E+00     -0.874644E-11      0.453544E-07     -0.594415E-18
  5.8124      0.484126E-06      0.703526E+00     -0.937323E-11      0.456388E-07     -0.608056E-18
  5.8187      0.462426E-06      0.741841E+00     -0.931019E-11      0.459177E-07     -0.576272E-18
  5.8250      0.441511E-06      0.782791E+00     -0.101774E-10      0.462111E-07     -0.600811E-18
  5.8312      0.421362E-06      0.826197E+00     -0.106850E-10      0.464976E-07     -0.601342E-18
  5.8375      0.401958E-06      0.872628E+00     -0.113085E-10      0.467987E-07     -0.606472E-18
  5.8438      0.383280E-06      0.921926E+00     -0.118261E-10      0.470944E-07     -0.604107E-18
  5.8501      0.365307E-06      0.974706E+00     -0.125391E-10      0.474048E-07     -0.609839E-18
  5.8564      0.348020E-06      0.103081E+01     -0.134157E-10      0.477099E-07     -0.620930E-18
  5.8626      0.331400E-06      0.109094E+01     -0.135606E-10      0.480302E-07     -0.597024E-18
  5.8689      0.315427E-06      0.115490E+01     -0.147520E-10      0.483434E-07     -0.617512E-18
  5.8752      0.300082E-06      0.122350E+01     -0.155106E-10      0.486715E-07     -0.617019E-18
  5.8815      0.285347E-06      0.129663E+01     -0.157916E-10      0.489954E-07     -0.596713E-18
  5.8877      0.271203E-06      0.137514E+01     -0.166791E-10      0.493339E-07     -0.598371E-18
  5.8940      0.257632E-06      0.145892E+01     -0.178742E-10      0.496675E-07     -0.608512E-18
  5.9003      0.244617E-06      0.154895E+01     -0.186250E-10      0.500155E-07     -0.601397E-18
  5.9066      0.232140E-06      0.164518E+01     -0.196061E-10      0.503594E-07     -0.600146E-18
  5.9128      0.220183E-06      0.174870E+01     -0.208900E-10      0.507173E-07     -0.605868E-18
  5.9191      0.208730E-06      0.185953E+01     -0.213456E-10      0.510721E-07     -0.586258E-18
  5.9254      0.197764E-06      0.197888E+01     -0.230301E-10      0.514400E-07     -0.598655E-18
  5.9317      0.187269E-06      0.210685E+01     -0.249933E-10      0.518052E-07     -0.614559E-18
  5.9380      0.177228E-06      0.224476E+01     -0.256147E-10      0.521817E-07     -0.595441E-18
  5.9442      0.167627E-06      0.239302E+01     -0.273032E-10      0.525590E-07     -0.599673E-18
  5.9505      0.158450E-06      0.255282E+01     -0.285666E-10      0.529433E-07     -0.592447E-18
  5.9568      0.149682E-06      0.272542E+01     -0.301911E-10      0.533387E-07     -0.590865E-18
  5.9631      0.141308E-06      0.291223E+01     -0.333886E-10      0.537496E-07     -0.616236E-18
  5.9693      0.133314E-06      0.311304E+01     -0.350630E-10      0.541484E-07     -0.609889E-18
  5.9756      0.125686E-06      0.333027E+01     -0.368101E-10      0.545553E-07     -0.603010E-18
  5.9819      0.118411E-06      0.356560E+01     -0.390190E-10      0.549717E-07     -0.601565E-18
  5.9882      0.111476E-06      0.382059E+01     -0.427161E-10      0.553947E-07     -0.619340E-18
  5.9944      0.104866E-06      0.409709E+01     -0.450583E-10      0.558233E-07     -0.613924E-18
  6.0007      0.985713E-07      0.439723E+01     -0.477885E-10      0.562572E-07     -0.611396E-18
  6.0070      0.925779E-07      0.472367E+01     -0.522762E-10      0.566998E-07     -0.627489E-18
  6.0133      0.868745E-07      0.507861E+01     -0.554360E-10      0.571450E-07     -0.623772E-18
  6.0196      0.814497E-07      0.546634E+01     -0.569433E-10      0.576068E-07     -0.600095E-18
  6.0258      0.762921E-07      0.588890E+01     -0.618141E-10      0.580696E-07     -0.609541E-18
  6.0321      0.713911E-07      0.635118E+01     -0.667876E-10      0.585440E-07     -0.615635E-18
  6.0384      0.667362E-07      0.685665E+01     -0.675743E-10      0.590208E-07     -0.581668E-18
  6.0447      0.623173E-07      0.741106E+01     -0.741640E-10      0.595072E-07     -0.595501E-18
  6.0509      0.581245E-07      0.801874E+01     -0.804738E-10      0.599923E-07     -0.602065E-18
  6.0572      0.541485E-07      0.868963E+01     -0.849931E-10      0.605016E-07     -0.591765E-18
  6.0635      0.503800E-07      0.942760E+01     -0.934775E-10      0.610083E-07     -0.604916E-18
  6.0698      0.468103E-07      0.102441E+02     -0.105133E-09      0.615313E-07     -0.631484E-18
  6.0760      0.434310E-07      0.111460E+02     -0.103678E-09      0.620509E-07     -0.577187E-18
  6.0823      0.402337E-07      0.121494E+02     -0.111386E-09      0.625934E-07     -0.573859E-18
  6.0886      0.372107E-07      0.132628E+02     -0.125462E-09      0.631306E-07     -0.597193E-18
  6.0949      0.343544E-07      0.145086E+02     -0.132804E-09      0.636937E-07     -0.583016E-18
  6.1012      0.316576E-07      0.158989E+02     -0.144373E-09      0.642518E-07     -0.583450E-18
  6.1074      0.291133E-07      0.174622E+02     -0.160876E-09      0.648313E-07     -0.597280E-18
  6.1137      0.267149E-07      0.192180E+02     -0.173557E-09      0.654046E-07     -0.590667E-18
  6.1200      0.244559E-07      0.212089E+02     -0.188668E-09      0.660092E-07     -0.587198E-18
  6.1263      0.223303E-07      0.234634E+02     -0.205721E-09      0.666106E-07     -0.584025E-18
  6.1325      0.203324E-07      0.260388E+02     -0.223871E-09      0.672388E-07     -0.578092E-18
  6.1388      0.184564E-07      0.289775E+02     -0.250991E-09      0.678543E-07     -0.587725E-18
  6.1451      0.166973E-07      0.323686E+02     -0.279457E-09      0.685007E-07     -0.591405E-18
  6.1514      0.150500E-07      0.362859E+02     -0.320914E-09      0.691439E-07     -0.611511E-18
  6.1576      0.135097E-07      0.408592E+02     -0.346591E-09      0.698188E-07     -0.592244E-18
  6.1639      0.120720E-07      0.462150E+02     -0.393713E-09      0.704947E-07     -0.600555E-18
  6.1702      0.107326E-07      0.525417E+02     -0.451212E-09      0.711807E-07     -0.611277E-18
  6.1765      0.948756E-08      0.600698E+02     -0.495468E-09      0.718658E-07     -0.592764E-18
  6.1828      0.833314E-08      0.691525E+02     -0.573096E-09      0.725917E-07     -0.601598E-18
  6.1890      0.726582E-08      0.801820E+02     -0.661209E-09      0.733148E-07     -0.604579E-18
  6.1953      0.628233E-08      0.937822E+02     -0.753723E-09      0.740680E-07     -0.595281E-18
  6.2016      0.537962E-08      0.110744E+03     -0.902150E-09      0.748208E-07     -0.609509E-18
  6.2079      0.455488E-08      0.132313E+03     -0.105899E-08      0.756121E-07     -0.605170E-18
  6.2141      0.380551E-08      0.160191E+03     -0.122107E-08      0.764050E-07     -0.582407E-18
  6.2204      0.312914E-08      0.197146E+03     -0.149141E-08      0.772407E-07     -0.584326E-18
  6.2267      0.252362E-08      0.247376E+03     -0.192537E-08      0.780868E-07     -0.607764E-18
  6.2330      0.198701E-08      0.318062E+03     -0.239128E-08      0.789711E-07     -0.593727E-18
  6.2392      0.151756E-08      0.421657E+03     -0.315569E-08      0.798777E-07     -0.597807E-18
  6.2455      0.111377E-08      0.582211E+03     -0.436925E-08      0.808645E-07     -0.606855E-18
  6.2518      0.774308E-09      0.849085E+03     -0.608718E-08      0.819053E-07     -0.587187E-18
  6.2581      0.498076E-09      0.134235E+04     -0.956582E-08      0.832093E-07     -0.592966E-18
  6.2644      0.284166E-09      0.240170E+04     -0.170620E-07      0.848528E-07     -0.602807E-18
  6.2706      0.131874E-09      0.538118E+04     -0.351587E-07      0.881409E-07     -0.575882E-18
  6.2769      0.406993E-10      0.199047E+05     -0.118268E-06      0.100519E-06     -0.597259E-18
