 
 # six columns.
 # Omega (column 1); |pulse ft|^2 (2); cross section (Mb) (3); flux (column 5)
 
  0.0000      0.103411E-10      0.000000E+00      0.000000E+00      0.986033E-07     -0.128749E-18
  0.0063      0.406993E-10      0.178666E+02     -0.260252E-10      0.902270E-07     -0.131428E-18
  0.0126      0.131874E-09      0.977370E+01     -0.149320E-10      0.799641E-07     -0.122167E-18
  0.0188      0.284166E-09      0.668666E+01     -0.953150E-11      0.785898E-07     -0.112026E-18
  0.0251      0.498076E-09      0.509533E+01     -0.841089E-11      0.787254E-07     -0.129952E-18
  0.0314      0.774308E-09      0.412189E+01     -0.699774E-11      0.792039E-07     -0.134465E-18
  0.0377      0.111377E-08      0.346931E+01     -0.558075E-11      0.799085E-07     -0.128541E-18
  0.0439      0.151756E-08      0.299885E+01     -0.471279E-11      0.806696E-07     -0.126775E-18
  0.0502      0.198701E-08      0.264506E+01     -0.437937E-11      0.815176E-07     -0.134967E-18
  0.0565      0.252362E-08      0.236789E+01     -0.344866E-11      0.823855E-07     -0.119988E-18
  0.0628      0.312914E-08      0.214547E+01     -0.282461E-11      0.833019E-07     -0.109671E-18
  0.0690      0.380551E-08      0.196212E+01     -0.285866E-11      0.842270E-07     -0.122713E-18
  0.0753      0.455488E-08      0.180938E+01     -0.264771E-11      0.852183E-07     -0.124702E-18
  0.0816      0.537962E-08      0.167915E+01     -0.243322E-11      0.862194E-07     -0.124939E-18
  0.0879      0.628233E-08      0.156690E+01     -0.232786E-11      0.872453E-07     -0.129615E-18
  0.0942      0.726582E-08      0.146893E+01     -0.212424E-11      0.882877E-07     -0.127675E-18
  0.1004      0.833314E-08      0.138289E+01     -0.195075E-11      0.893682E-07     -0.126066E-18
  0.1067      0.948756E-08      0.130636E+01     -0.161637E-11      0.904636E-07     -0.111932E-18
  0.1130      0.107326E-07      0.123811E+01     -0.177138E-11      0.916004E-07     -0.131054E-18
  0.1193      0.120720E-07      0.117651E+01     -0.170300E-11      0.927525E-07     -0.134260E-18
  0.1255      0.135097E-07      0.112092E+01     -0.158314E-11      0.939498E-07     -0.132691E-18
  0.1318      0.150500E-07      0.107018E+01     -0.142168E-11      0.951653E-07     -0.126422E-18
  0.1381      0.166973E-07      0.102387E+01     -0.131809E-11      0.964219E-07     -0.124130E-18
  0.1444      0.184564E-07      0.981242E+00     -0.125401E-11      0.977018E-07     -0.124861E-18
  0.1506      0.203324E-07      0.941973E+00     -0.105664E-11      0.990197E-07     -0.111074E-18
  0.1569      0.223303E-07      0.905555E+00     -0.110189E-11      0.100364E-06     -0.122123E-18
  0.1632      0.244559E-07      0.871851E+00     -0.113773E-11      0.101756E-06     -0.132787E-18
  0.1695      0.267149E-07      0.840395E+00     -0.995680E-12      0.103176E-06     -0.122241E-18
  0.1758      0.291133E-07      0.811090E+00     -0.111025E-11      0.104643E-06     -0.143240E-18
  0.1820      0.316576E-07      0.783603E+00     -0.103332E-11      0.106141E-06     -0.139966E-18
  0.1883      0.343544E-07      0.757921E+00     -0.106703E-11      0.107694E-06     -0.151616E-18
  0.1946      0.372107E-07      0.733737E+00     -0.873318E-12      0.109283E-06     -0.130072E-18
  0.2009      0.402337E-07      0.711010E+00     -0.868707E-12      0.110923E-06     -0.135525E-18
  0.2071      0.434310E-07      0.689545E+00     -0.999705E-12      0.112604E-06     -0.163254E-18
  0.2134      0.468103E-07      0.669333E+00     -0.759914E-12      0.114344E-06     -0.129818E-18
  0.2197      0.503800E-07      0.650192E+00     -0.655746E-12      0.116128E-06     -0.117121E-18
  0.2260      0.541485E-07      0.632128E+00     -0.629625E-12      0.117977E-06     -0.117509E-18
  0.2322      0.581245E-07      0.614988E+00     -0.661622E-12      0.119876E-06     -0.128966E-18
  0.2385      0.623173E-07      0.598776E+00     -0.523582E-12      0.121842E-06     -0.106541E-18
  0.2448      0.667362E-07      0.583372E+00     -0.556336E-12      0.123865E-06     -0.118125E-18
  0.2511      0.713911E-07      0.568787E+00     -0.594175E-12      0.125962E-06     -0.131585E-18
  0.2574      0.762921E-07      0.554915E+00     -0.494756E-12      0.128123E-06     -0.114234E-18
  0.2636      0.814497E-07      0.541773E+00     -0.466549E-12      0.130366E-06     -0.112265E-18
  0.2699      0.868745E-07      0.529267E+00     -0.492692E-12      0.132680E-06     -0.123511E-18
  0.2762      0.925779E-07      0.517420E+00     -0.547714E-12      0.135084E-06     -0.142993E-18
  0.2825      0.985713E-07      0.506139E+00     -0.472661E-12      0.137567E-06     -0.128468E-18
  0.2887      0.104866E-06      0.495483E+00     -0.450452E-12      0.140157E-06     -0.127419E-18
  0.2950      0.111476E-06      0.485334E+00     -0.478929E-12      0.142833E-06     -0.140948E-18
  0.3013      0.118411E-06      0.475757E+00     -0.358397E-12      0.145628E-06     -0.109704E-18
  0.3076      0.125686E-06      0.466636E+00     -0.401427E-12      0.148517E-06     -0.127763E-18
  0.3138      0.133314E-06      0.458083E+00     -0.389733E-12      0.151550E-06     -0.128938E-18
  0.3201      0.141308E-06      0.449934E+00     -0.379910E-12      0.154686E-06     -0.130612E-18
  0.3264      0.149682E-06      0.442338E+00     -0.374442E-12      0.157989E-06     -0.133739E-18
  0.3327      0.158450E-06      0.435092E+00     -0.354726E-12      0.161400E-06     -0.131588E-18
  0.3390      0.167627E-06      0.428443E+00     -0.369842E-12      0.165025E-06     -0.142454E-18
  0.3452      0.177228E-06      0.422067E+00     -0.290372E-12      0.168756E-06     -0.116100E-18
  0.3515      0.187269E-06      0.416355E+00     -0.306090E-12      0.172762E-06     -0.127009E-18
  0.3578      0.197764E-06      0.410787E+00     -0.275946E-12      0.176846E-06     -0.118796E-18
  0.3641      0.208730E-06      0.406117E+00     -0.282885E-12      0.181349E-06     -0.126320E-18
  0.3703      0.220183E-06      0.401228E+00     -0.280454E-12      0.185793E-06     -0.129867E-18
  0.3766      0.232140E-06      0.398071E+00     -0.266244E-12      0.191102E-06     -0.127816E-18
  0.3829      0.244617E-06      0.390062E+00     -0.273033E-12      0.194088E-06     -0.135856E-18
  0.3892      0.257632E-06      0.382342E+00     -0.233637E-12      0.197137E-06     -0.120464E-18
  0.3954      0.271203E-06      0.384491E+00     -0.238869E-12      0.205375E-06     -0.127591E-18
  0.4017      0.285347E-06      0.384949E+00     -0.217403E-12      0.212963E-06     -0.120272E-18
  0.4080      0.300082E-06      0.383050E+00     -0.231722E-12      0.219426E-06     -0.132739E-18
  0.4143      0.315427E-06      0.382802E+00     -0.221631E-12      0.227005E-06     -0.131429E-18
  0.4206      0.331400E-06      0.382000E+00     -0.197432E-12      0.234449E-06     -0.121172E-18
  0.4268      0.348020E-06      0.383171E+00     -0.219830E-12      0.243329E-06     -0.139602E-18
  0.4331      0.365307E-06      0.383510E+00     -0.187667E-12      0.251937E-06     -0.123283E-18
  0.4394      0.383280E-06      0.386943E+00     -0.197696E-12      0.262889E-06     -0.134314E-18
  0.4457      0.401958E-06      0.388351E+00     -0.199935E-12      0.272806E-06     -0.140449E-18
  0.4519      0.421362E-06      0.395675E+00     -0.177193E-12      0.287322E-06     -0.128670E-18
  0.4582      0.441511E-06      0.397231E+00     -0.175670E-12      0.298104E-06     -0.131833E-18
  0.4645      0.462426E-06      0.414306E+00     -0.170142E-12      0.321246E-06     -0.131925E-18
  0.4708      0.484126E-06      0.408110E+00     -0.166579E-12      0.326874E-06     -0.133421E-18
  0.4770      0.506633E-06      0.543956E+00     -0.169013E-12      0.449935E-06     -0.139800E-18
  0.4833      0.529967E-06      0.695429E+00     -0.158661E-12      0.593906E-06     -0.135499E-18
  0.4896      0.554149E-06      0.575910E+00     -0.165419E-12      0.507684E-06     -0.145822E-18
  0.4959      0.579200E-06      0.546375E+00     -0.150211E-12      0.497049E-06     -0.136650E-18
  0.5022      0.605141E-06      0.631002E+00     -0.152628E-12      0.592248E-06     -0.143254E-18
  0.5084      0.631993E-06      0.752236E+00     -0.140342E-12      0.728262E-06     -0.135869E-18
  0.5147      0.659776E-06      0.150800E+01     -0.137497E-12      0.150554E-05     -0.137272E-18
  0.5210      0.688513E-06      0.375080E+01     -0.267039E-12      0.386068E-05     -0.274862E-18
  0.5273      0.718224E-06      0.466914E+01     -0.207980E-12      0.495363E-05     -0.220652E-18
  0.5335      0.748930E-06      0.366410E+01     -0.109823E-12      0.400586E-05     -0.120067E-18
  0.5398      0.780652E-06      0.392887E+01     -0.242905E-12      0.442521E-05     -0.273592E-18
  0.5461      0.813412E-06      0.505936E+01     -0.173224E-12      0.586940E-05     -0.200959E-18
  0.5524      0.847230E-06      0.623713E+01     -0.404156E-12      0.745093E-05     -0.482809E-18
  0.5586      0.882128E-06      0.723935E+01     -0.325427E-12      0.890324E-05     -0.400223E-18
  0.5649      0.918125E-06      0.802684E+01     -0.620317E-12      0.101604E-04     -0.785200E-18
  0.5712      0.955242E-06      0.980025E+01     -0.531304E-12      0.127649E-04     -0.692026E-18
  0.5775      0.993501E-06      0.127989E+02     -0.112584E-11      0.171498E-04     -0.150857E-17
  0.5838      0.103292E-05      0.207554E+02     -0.145051E-12      0.286036E-04     -0.199900E-18
  0.5900      0.107352E-05      0.364810E+02      0.557093E-12      0.516958E-04      0.789435E-18
  0.5963      0.111532E-05      0.384250E+02     -0.795434E-12      0.559753E-04     -0.115874E-17
  0.6026      0.115834E-05      0.196237E+02     -0.520495E-13      0.293800E-04     -0.779270E-19
  0.6089      0.120260E-05      0.606705E+01     -0.281913E-12      0.933325E-05     -0.433681E-18
  0.6151      0.124812E-05      0.350175E+01     -0.120734E-12      0.553375E-05     -0.190794E-18
  0.6214      0.129491E-05      0.295070E+01     -0.215676E-12      0.478890E-05     -0.350036E-18
  0.6277      0.134299E-05      0.301917E+01     -0.155031E-12      0.503117E-05     -0.258345E-18
  0.6340      0.139239E-05      0.389817E+01     -0.318889E-12      0.666819E-05     -0.545489E-18
  0.6402      0.144312E-05      0.489568E+01     -0.270920E-12      0.859453E-05     -0.475609E-18
  0.6465      0.149519E-05      0.604524E+01     -0.202210E-12      0.108888E-04     -0.364224E-18
  0.6528      0.154863E-05      0.578314E+01     -0.400445E-12      0.106852E-04     -0.739883E-18
  0.6591      0.160344E-05      0.880329E+01     -0.403215E-12      0.166807E-04     -0.764024E-18
  0.6654      0.165964E-05      0.145039E+02     -0.114232E-11      0.281774E-04     -0.221923E-17
  0.6716      0.171725E-05      0.116009E+02     -0.242448E-13      0.231019E-04     -0.482809E-19
  0.6779      0.177628E-05      0.622648E+01     -0.260654E-12      0.127069E-04     -0.531937E-18
  0.6842      0.183675E-05      0.690207E+01     -0.131660E-12      0.144315E-04     -0.275286E-18
  0.6905      0.189866E-05      0.129817E+02      0.435042E-13      0.278032E-04      0.931736E-19
  0.6967      0.196203E-05      0.201232E+02     -0.607104E-12      0.441355E-04     -0.133154E-17
  0.7030      0.202687E-05      0.202136E+02     -0.193132E-12      0.453899E-04     -0.433681E-18
  0.7093      0.209319E-05      0.173251E+02     -0.793795E-12      0.398211E-04     -0.182451E-17
  0.7156      0.216100E-05      0.173433E+02     -0.431419E-12      0.407933E-04     -0.101475E-17
  0.7218      0.223031E-05      0.186526E+02     -0.113340E-11      0.448863E-04     -0.272745E-17
  0.7281      0.230113E-05      0.197299E+02     -0.781842E-12      0.485641E-04     -0.192446E-17
  0.7344      0.237346E-05      0.199090E+02     -0.152372E-11      0.501131E-04     -0.383537E-17
  0.7407      0.244730E-05      0.197703E+02     -0.108486E-11      0.508775E-04     -0.279182E-17
  0.7470      0.252268E-05      0.195960E+02     -0.673659E-12      0.515453E-04     -0.177199E-17
  0.7532      0.259958E-05      0.195812E+02     -0.137769E-11      0.526343E-04     -0.370323E-17
  0.7595      0.267802E-05      0.197125E+02      0.143114E-12      0.541350E-04      0.393023E-18
  0.7658      0.275799E-05      0.198986E+02     -0.578570E-12      0.558166E-04     -0.162292E-17
  0.7721      0.283950E-05      0.200871E+02     -0.159680E-12      0.575389E-04     -0.457398E-18
  0.7783      0.292255E-05      0.202130E+02     -0.905983E-12      0.591124E-04     -0.264952E-17
  0.7846      0.300714E-05      0.202952E+02     -0.474446E-12      0.605818E-04     -0.141624E-17
  0.7909      0.309326E-05      0.203440E+02     -0.122238E-11      0.619711E-04     -0.372356E-17
  0.7972      0.318091E-05      0.203815E+02     -0.799116E-12      0.633419E-04     -0.248350E-17
  0.8034      0.327009E-05      0.204338E+02     -0.375155E-12      0.647747E-04     -0.118923E-17
  0.8097      0.336080E-05      0.204887E+02     -0.111937E-11      0.662330E-04     -0.361852E-17
  0.8160      0.345302E-05      0.205645E+02     -0.695963E-12      0.677768E-04     -0.229377E-17
  0.8223      0.354676E-05      0.206309E+02     -0.145230E-11      0.693083E-04     -0.487891E-17
  0.8286      0.364199E-05      0.207058E+02     -0.101441E-11      0.708867E-04     -0.347284E-17
  0.8348      0.373872E-05      0.207602E+02     -0.175817E-11      0.724119E-04     -0.613252E-17
  0.8411      0.383693E-05      0.208167E+02     -0.133125E-11      0.739604E-04     -0.472983E-17
  0.8474      0.393661E-05      0.208540E+02     -0.207882E-11      0.754546E-04     -0.752165E-17
  0.8537      0.403775E-05      0.208948E+02     -0.464456E-12      0.769742E-04     -0.171101E-17
  0.8599      0.414033E-05      0.209242E+02     -0.280092E-13      0.784638E-04     -0.105032E-18
  0.8662      0.424433E-05      0.209580E+02     -0.797259E-12      0.799810E-04     -0.304254E-17
  0.8725      0.434975E-05      0.209872E+02     -0.354267E-12      0.814912E-04     -0.137558E-17
  0.8788      0.445655E-05      0.210177E+02     -0.110827E-11      0.830161E-04     -0.437747E-17
  0.8850      0.456472E-05      0.210476E+02     -0.668011E-12      0.845482E-04     -0.268340E-17
  0.8913      0.467425E-05      0.210728E+02     -0.142679E-11      0.860703E-04     -0.582759E-17
  0.8976      0.478510E-05      0.211010E+02     -0.997172E-12      0.876122E-04     -0.414030E-17
  0.9039      0.489725E-05      0.211180E+02     -0.555610E-12      0.891145E-04     -0.234459E-17
  0.9102      0.501068E-05      0.211418E+02     -0.133066E-11      0.906520E-04     -0.570561E-17
  0.9164      0.512537E-05      0.211502E+02     -0.883608E-12      0.921283E-04     -0.384892E-17
  0.9227      0.524128E-05      0.211712E+02     -0.164501E-11      0.936642E-04     -0.727771E-17
  0.9290      0.535839E-05      0.211711E+02     -0.120520E-11      0.951092E-04     -0.541423E-17
  0.9353      0.547667E-05      0.211899E+02     -0.196568E-11      0.966419E-04     -0.896500E-17
  0.9415      0.559608E-05      0.211801E+02     -0.327898E-12      0.980457E-04     -0.151788E-17
  0.9478      0.571660E-05      0.211964E+02     -0.109055E-11      0.995701E-04     -0.512286E-17
  0.9541      0.583818E-05      0.211683E+02     -0.659732E-12      0.100885E-03     -0.314419E-17
  0.9604      0.596080E-05      0.211745E+02     -0.213066E-12      0.102361E-03     -0.102999E-17
  0.9666      0.608441E-05      0.210817E+02     -0.978631E-12      0.103350E-03     -0.479759E-17
  0.9729      0.620899E-05      0.211888E+02     -0.543960E-12      0.105318E-03     -0.270373E-17
  0.9792      0.633449E-05      0.216908E+02     -0.133013E-11      0.109287E-03     -0.670172E-17
  0.9855      0.646087E-05      0.218413E+02     -0.890461E-12      0.111526E-03     -0.454687E-17
  0.9918      0.658808E-05      0.216541E+02     -0.166598E-11      0.112034E-03     -0.861941E-17
  0.9980      0.671610E-05      0.218579E+02     -0.123730E-11      0.114560E-03     -0.648488E-17
  1.0043      0.684487E-05      0.211823E+02     -0.195823E-11      0.112441E-03     -0.103948E-16
  1.0106      0.697435E-05      0.203841E+02     -0.146239E-11      0.109566E-03     -0.786047E-17
  1.0169      0.710449E-05      0.211827E+02     -0.107841E-11      0.115267E-03     -0.586824E-17
  1.0231      0.723525E-05      0.216885E+02     -0.187993E-11      0.119455E-03     -0.103541E-16
  1.0294      0.736657E-05      0.215264E+02     -0.199391E-12      0.119978E-03     -0.111131E-17
  1.0357      0.749841E-05      0.213053E+02     -0.966171E-12      0.120138E-03     -0.544812E-17
  1.0420      0.763073E-05      0.211912E+02     -0.173689E-11      0.120871E-03     -0.990690E-17
  1.0482      0.776346E-05      0.214356E+02     -0.857566E-13      0.123646E-03     -0.494667E-18
  1.0545      0.789655E-05      0.214721E+02     -0.856294E-12      0.125230E-03     -0.499411E-17
  1.0608      0.802996E-05      0.211752E+02     -0.161026E-11      0.124842E-03     -0.949355E-17
  1.0671      0.816362E-05      0.209929E+02      0.375287E-13      0.125087E-03      0.223617E-18
  1.0734      0.829749E-05      0.209368E+02     -0.724801E-12      0.126057E-03     -0.436391E-17
  1.0796      0.843150E-05      0.208924E+02     -0.147501E-11      0.127078E-03     -0.897177E-17
  1.0859      0.856560E-05      0.208669E+02     -0.223576E-11      0.128197E-03     -0.137355E-16
  1.0922      0.869974E-05      0.208369E+02     -0.611666E-12      0.129269E-03     -0.379471E-17
  1.0985      0.883385E-05      0.208127E+02     -0.135449E-11      0.130361E-03     -0.848388E-17
  1.1047      0.896787E-05      0.207820E+02     -0.209962E-11      0.131393E-03     -0.132747E-16
  1.1110      0.910176E-05      0.207543E+02     -0.283877E-11      0.132424E-03     -0.181130E-16
  1.1173      0.923543E-05      0.207259E+02     -0.123255E-11      0.133431E-03     -0.793500E-17
  1.1236      0.936885E-05      0.207042E+02     -0.198037E-11      0.134462E-03     -0.128613E-16
  1.1298      0.950193E-05      0.206914E+02     -0.273323E-11      0.135530E-03     -0.179029E-16
  1.1361      0.963463E-05      0.206937E+02     -0.111829E-11      0.136679E-03     -0.738613E-17
  1.1424      0.976688E-05      0.207232E+02     -0.186841E-11      0.137990E-03     -0.124412E-16
  1.1487      0.989861E-05      0.207974E+02     -0.262099E-11      0.139585E-03     -0.175912E-16
  1.1550      0.100298E-04      0.209649E+02     -0.339633E-11      0.141799E-03     -0.229715E-16
  1.1612      0.101603E-04      0.213160E+02      0.618500E-12      0.145260E-03      0.421484E-17
  1.1675      0.102901E-04      0.220399E+02     -0.153993E-12      0.151295E-03     -0.105710E-17
  1.1738      0.104191E-04      0.231895E+02     -0.100760E-11      0.160321E-03     -0.696600E-17
  1.1801      0.105474E-04      0.238601E+02      0.821562E-12      0.166098E-03      0.571917E-17
  1.1863      0.106747E-04      0.233169E+02     -0.386768E-13      0.163407E-03     -0.271051E-18
  1.1926      0.108010E-04      0.223315E+02     -0.845385E-12      0.157521E-03     -0.596311E-17
  1.1989      0.109264E-04      0.216205E+02     -0.159044E-11      0.153467E-03     -0.112893E-16
  1.2052      0.110506E-04      0.211829E+02      0.797036E-13      0.151278E-03      0.569206E-18
  1.2114      0.111737E-04      0.208940E+02     -0.677281E-12      0.150096E-03     -0.486536E-17
  1.2177      0.112956E-04      0.206976E+02     -0.142755E-11      0.149532E-03     -0.103135E-16
  1.2240      0.114161E-04      0.205467E+02      0.184699E-12      0.149256E-03      0.134170E-17
  1.2303      0.115354E-04      0.204317E+02     -0.554893E-12      0.149206E-03     -0.405221E-17
  1.2366      0.116532E-04      0.203323E+02     -0.128697E-11      0.149236E-03     -0.944611E-17
  1.2428      0.117696E-04      0.202505E+02     -0.200835E-11      0.149361E-03     -0.148129E-16
  1.2491      0.118844E-04      0.201745E+02     -0.438936E-12      0.149497E-03     -0.325261E-17
  1.2554      0.119976E-04      0.201085E+02     -0.116346E-11      0.149676E-03     -0.866006E-17
  1.2617      0.121092E-04      0.200448E+02     -0.189095E-11      0.149839E-03     -0.141353E-16
  1.2679      0.122190E-04      0.199873E+02     -0.260372E-11      0.150018E-03     -0.195427E-16
  1.2742      0.123270E-04      0.199308E+02     -0.105582E-11      0.150174E-03     -0.795533E-17
  1.2805      0.124332E-04      0.198781E+02     -0.177238E-11      0.150327E-03     -0.134034E-16
  1.2868      0.125375E-04      0.198265E+02     -0.248060E-11      0.150457E-03     -0.188245E-16
  1.2930      0.126399E-04      0.197769E+02     -0.939879E-12      0.150570E-03     -0.715573E-17
  1.2993      0.127402E-04      0.197289E+02     -0.165218E-11      0.150666E-03     -0.126174E-16
  1.3056      0.128384E-04      0.196814E+02     -0.236590E-11      0.150734E-03     -0.181197E-16
  1.3119      0.129345E-04      0.196365E+02     -0.306379E-11      0.150791E-03     -0.235272E-16
  1.3182      0.130284E-04      0.195910E+02     -0.152637E-11      0.150812E-03     -0.117500E-16
  1.3244      0.131201E-04      0.195495E+02     -0.222906E-11      0.150833E-03     -0.171982E-16
  1.3307      0.132094E-04      0.195071E+02     -0.292389E-11      0.150816E-03     -0.226056E-16
  1.3370      0.132965E-04      0.194708E+02     -0.140849E-11      0.150816E-03     -0.109098E-16
  1.3433      0.133811E-04      0.194350E+02      0.960726E-13      0.150789E-03      0.745389E-18
  1.3495      0.134632E-04      0.194104E+02     -0.608736E-12      0.150817E-03     -0.472983E-17
  1.3558      0.135428E-04      0.193948E+02     -0.130304E-11      0.150886E-03     -0.101373E-16
  1.3621      0.136199E-04      0.194095E+02      0.208823E-12      0.151160E-03      0.162630E-17
  1.3684      0.136944E-04      0.194907E+02     -0.493792E-12      0.151922E-03     -0.384892E-17
  1.3746      0.137663E-04      0.197680E+02     -0.121108E-11      0.154185E-03     -0.944611E-17
  1.3809      0.138354E-04      0.211773E+02      0.343881E-12      0.165252E-03      0.268340E-17
  1.3872      0.139019E-04      0.226194E+02     -0.453182E-12      0.176550E-03     -0.353721E-17
  1.3935      0.139655E-04      0.215535E+02     -0.121537E-11      0.168240E-03     -0.948677E-17
  1.3998      0.140264E-04      0.198235E+02     -0.183026E-11      0.154714E-03     -0.142844E-16
  1.4060      0.140844E-04      0.192930E+02     -0.279672E-12      0.150520E-03     -0.218196E-17
  1.4123      0.141395E-04      0.191030E+02     -0.964617E-12      0.148957E-03     -0.752165E-17
  1.4186      0.141917E-04      0.189692E+02     -0.163847E-11      0.147802E-03     -0.127665E-16
  1.4249      0.142409E-04      0.188882E+02     -0.231902E-11      0.147031E-03     -0.180520E-16
  1.4311      0.142872E-04      0.188081E+02     -0.852336E-12      0.146239E-03     -0.662719E-17
  1.4374      0.143304E-04      0.187491E+02     -0.153070E-11      0.145583E-03     -0.118856E-16
  1.4437      0.143706E-04      0.186834E+02     -0.219736E-11      0.144847E-03     -0.170355E-16
  1.4500      0.144077E-04      0.186314E+02     -0.744250E-12      0.144190E-03     -0.575982E-17
  1.4562      0.144418E-04      0.185699E+02     -0.141597E-11      0.143433E-03     -0.109369E-16
  1.4625      0.144727E-04      0.185206E+02     -0.207669E-11      0.142743E-03     -0.160055E-16
  1.4688      0.145004E-04      0.184636E+02     -0.273905E-11      0.141967E-03     -0.210606E-16
  1.4751      0.145250E-04      0.184190E+02     -0.130413E-11      0.141261E-03     -0.100018E-16
  1.4814      0.145465E-04      0.183586E+02     -0.196694E-11      0.140408E-03     -0.150433E-16
  1.4876      0.145647E-04      0.183125E+02     -0.262329E-11      0.139639E-03     -0.200035E-16
  1.4939      0.145797E-04      0.182486E+02     -0.119280E-11      0.138710E-03     -0.906664E-17
  1.5002      0.145915E-04      0.182038E+02     -0.184982E-11      0.137903E-03     -0.140133E-16
  1.5065      0.146001E-04      0.181288E+02     -0.249385E-11      0.136843E-03     -0.188245E-16
  1.5127      0.146055E-04      0.180890E+02     -0.314492E-11      0.136025E-03     -0.236492E-16
  1.5190      0.146076E-04      0.179787E+02      0.311228E-12      0.134657E-03      0.233103E-17
  1.5253      0.146064E-04      0.179470E+02     -0.341612E-12      0.133855E-03     -0.254788E-17
  1.5316      0.146021E-04      0.174405E+02     -0.958183E-12      0.129506E-03     -0.711508E-17
  1.5378      0.145944E-04      0.168261E+02     -0.152918E-11      0.124369E-03     -0.113028E-16
  1.5441      0.145835E-04      0.175074E+02     -0.232143E-12      0.128782E-03     -0.170762E-17
  1.5504      0.145694E-04      0.178187E+02     -0.875850E-12      0.130415E-03     -0.641035E-17
  1.5567      0.145520E-04      0.176287E+02     -0.150774E-11      0.128351E-03     -0.109775E-16
  1.5630      0.145314E-04      0.176572E+02     -0.142239E-12      0.127861E-03     -0.102999E-17
  1.5692      0.145076E-04      0.175738E+02     -0.781098E-12      0.126540E-03     -0.562430E-17
  1.5755      0.144806E-04      0.175220E+02     -0.140856E-11      0.125430E-03     -0.100831E-16
  1.5818      0.144504E-04      0.173683E+02     -0.201521E-11      0.123579E-03     -0.143386E-16
  1.5881      0.144170E-04      0.171367E+02     -0.654563E-12      0.121168E-03     -0.462819E-17
  1.5943      0.143804E-04      0.172150E+02     -0.127424E-11      0.120935E-03     -0.895144E-17
  1.6006      0.143407E-04      0.173607E+02     -0.191885E-11      0.121144E-03     -0.133899E-16
  1.6069      0.142978E-04      0.173114E+02     -0.572995E-12      0.119969E-03     -0.397089E-17
  1.6132      0.142519E-04      0.172595E+02     -0.119948E-11      0.118761E-03     -0.825349E-17
  1.6194      0.142029E-04      0.171910E+02     -0.181245E-11      0.117426E-03     -0.123802E-16
  1.6257      0.141508E-04      0.171476E+02     -0.241990E-11      0.116250E-03     -0.164053E-16
  1.6320      0.140957E-04      0.171272E+02     -0.108791E-11      0.115215E-03     -0.731836E-17
  1.6383      0.140376E-04      0.170853E+02     -0.169874E-11      0.114021E-03     -0.113367E-16
  1.6446      0.139766E-04      0.169774E+02     -0.230543E-11      0.112377E-03     -0.152601E-16
  1.6508      0.139126E-04      0.169123E+02     -0.986933E-12      0.111011E-03     -0.647811E-17
  1.6571      0.138458E-04      0.168614E+02     -0.159629E-11      0.109727E-03     -0.103880E-16
  1.6634      0.137761E-04      0.168196E+02     -0.219768E-11      0.108493E-03     -0.141759E-16
  1.6697      0.137036E-04      0.167733E+02     -0.279433E-11      0.107220E-03     -0.178622E-16
  1.6759      0.136283E-04      0.167431E+02     -0.149362E-11      0.106041E-03     -0.945966E-17
  1.6822      0.135502E-04      0.167079E+02     -0.208787E-11      0.104819E-03     -0.130985E-16
  1.6885      0.134695E-04      0.167243E+02     -0.269826E-11      0.103909E-03     -0.167645E-16
  1.6948      0.133862E-04      0.167116E+02     -0.330124E-11      0.102806E-03     -0.203085E-16
  1.7010      0.133002E-04      0.166017E+02     -0.112387E-12      0.101100E-03     -0.684403E-18
  1.7073      0.132117E-04      0.165666E+02     -0.706079E-12      0.998462E-04     -0.425549E-17
  1.7136      0.131207E-04      0.164868E+02     -0.129423E-11      0.983192E-04     -0.771816E-17
  1.7199      0.130272E-04      0.163648E+02     -0.160809E-13      0.965429E-04     -0.948677E-19
  1.7261      0.129314E-04      0.164196E+02     -0.606236E-12      0.958038E-04     -0.353721E-17
  1.7324      0.128332E-04      0.162740E+02     -0.118978E-11      0.938913E-04     -0.686436E-17
  1.7387      0.127327E-04      0.158438E+02     -0.173459E-11      0.903661E-04     -0.989334E-17
  1.7450      0.126300E-04      0.157013E+02     -0.504865E-12      0.885116E-04     -0.284603E-17
  1.7513      0.125251E-04      0.157293E+02     -0.107294E-11      0.876176E-04     -0.597666E-17
  1.7575      0.124180E-04      0.157172E+02     -0.163895E-11      0.864923E-04     -0.901921E-17
  1.7638      0.123089E-04      0.157004E+02     -0.422638E-12      0.853360E-04     -0.229715E-17
  1.7701      0.121979E-04      0.156570E+02     -0.984790E-12      0.840329E-04     -0.528549E-17
  1.7764      0.120848E-04      0.156147E+02     -0.154617E-11      0.827359E-04     -0.819250E-17
  1.7826      0.119699E-04      0.155675E+02     -0.211073E-11      0.814138E-04     -0.110385E-16
  1.7889      0.118532E-04      0.155224E+02     -0.904717E-12      0.801041E-04     -0.466885E-17
  1.7952      0.117347E-04      0.154719E+02     -0.145611E-11      0.787692E-04     -0.741323E-17
  1.8015      0.116145E-04      0.154239E+02     -0.199857E-11      0.774497E-04     -0.100356E-16
  1.8077      0.114927E-04      0.153720E+02     -0.801956E-12      0.761146E-04     -0.397089E-17
  1.8140      0.113694E-04      0.153238E+02     -0.135347E-11      0.748018E-04     -0.660686E-17
  1.8203      0.112445E-04      0.152738E+02     -0.190000E-11      0.734847E-04     -0.914118E-17
  1.8266      0.111182E-04      0.152296E+02     -0.244706E-11      0.722003E-04     -0.116010E-16
  1.8329      0.109906E-04      0.151930E+02     -0.126956E-11      0.709559E-04     -0.592923E-17
  1.8391      0.108617E-04      0.152062E+02     -0.181495E-11      0.699450E-04     -0.834836E-17
  1.8454      0.107315E-04      0.151578E+02     -0.234893E-11      0.686522E-04     -0.106387E-16
  1.8517      0.106002E-04      0.150282E+02     -0.287094E-11      0.670044E-04     -0.128004E-16
  1.8580      0.104678E-04      0.149385E+02     -0.169406E-11      0.655506E-04     -0.743356E-17
  1.8642      0.103343E-04      0.148843E+02     -0.222553E-11      0.642628E-04     -0.960874E-17
  1.8705      0.101999E-04      0.148314E+02     -0.275706E-11      0.629896E-04     -0.117094E-16
  1.8768      0.100647E-04      0.147812E+02      0.705740E-13      0.617368E-04      0.294767E-18
  1.8831      0.992857E-05      0.147294E+02     -0.456261E-12      0.604864E-04     -0.187364E-17
  1.8893      0.979172E-05      0.146798E+02     -0.982919E-12      0.592542E-04     -0.396750E-17
  1.8956      0.965420E-05      0.146287E+02     -0.149992E-11      0.580261E-04     -0.594956E-17
  1.9019      0.951607E-05      0.145797E+02     -0.362556E-12      0.568160E-04     -0.141285E-17
  1.9082      0.937739E-05      0.145297E+02     -0.887863E-12      0.556122E-04     -0.339830E-17
  1.9145      0.923823E-05      0.144815E+02     -0.141715E-11      0.544265E-04     -0.532614E-17
  1.9207      0.909867E-05      0.144329E+02     -0.293864E-12      0.532495E-04     -0.108420E-17
  1.9270      0.895876E-05      0.143862E+02     -0.811265E-12      0.520909E-04     -0.293751E-17
  1.9333      0.881858E-05      0.143403E+02     -0.132753E-11      0.509462E-04     -0.471628E-17
  1.9396      0.867820E-05      0.142977E+02     -0.183854E-11      0.498246E-04     -0.640696E-17
  1.9458      0.853766E-05      0.142542E+02     -0.729716E-12      0.487109E-04     -0.249366E-17
  1.9521      0.839706E-05      0.142125E+02     -0.124088E-11      0.476151E-04     -0.415724E-17
  1.9584      0.825643E-05      0.141752E+02     -0.175311E-11      0.465450E-04     -0.575644E-17
  1.9647      0.811586E-05      0.141466E+02     -0.226518E-11      0.455144E-04     -0.728787E-17
  1.9709      0.797541E-05      0.141407E+02     -0.116751E-11      0.445656E-04     -0.367951E-17
  1.9772      0.783513E-05      0.141730E+02     -0.167961E-11      0.437426E-04     -0.518384E-17
  1.9835      0.769509E-05      0.141280E+02     -0.217983E-11      0.426888E-04     -0.658653E-17
  1.9898      0.755535E-05      0.138853E+02     -0.106776E-11      0.410637E-04     -0.315774E-17
  1.9961      0.741597E-05      0.137529E+02     -0.155727E-11      0.397963E-04     -0.450622E-17
  2.0023      0.727701E-05      0.137612E+02     -0.205643E-11      0.389517E-04     -0.582081E-17
  2.0086      0.713852E-05      0.137439E+02     -0.256191E-11      0.380430E-04     -0.709136E-17
  2.0149      0.700058E-05      0.137378E+02     -0.148619E-11      0.371751E-04     -0.402171E-17
  2.0212      0.686322E-05      0.137508E+02     -0.198570E-11      0.363668E-04     -0.525160E-17
  2.0274      0.672651E-05      0.138164E+02     -0.249258E-11      0.357017E-04     -0.644084E-17
  2.0337      0.659050E-05      0.140470E+02     -0.144576E-11      0.354538E-04     -0.364902E-17
  2.0400      0.645525E-05      0.142743E+02     -0.198239E-11      0.351796E-04     -0.488569E-17
  2.0463      0.632080E-05      0.140977E+02     -0.247370E-11      0.339163E-04     -0.595125E-17
  2.0525      0.618720E-05      0.137243E+02     -0.135222E-11      0.322214E-04     -0.317468E-17
  2.0588      0.605451E-05      0.135241E+02     -0.281062E-12      0.309757E-04     -0.643745E-18
  2.0651      0.592278E-05      0.134254E+02     -0.228655E-11      0.299891E-04     -0.510761E-17
  2.0714      0.579205E-05      0.133584E+02     -0.123292E-11      0.290924E-04     -0.268509E-17
  2.0777      0.566236E-05      0.133089E+02     -0.195533E-12      0.282500E-04     -0.415046E-18
  2.0839      0.553377E-05      0.132721E+02     -0.218865E-11      0.274492E-04     -0.452654E-17
  2.0902      0.540631E-05      0.132501E+02     -0.116639E-11      0.266921E-04     -0.234967E-17
  2.0965      0.528002E-05      0.132562E+02     -0.144228E-12      0.260026E-04     -0.282909E-18
  2.1028      0.515495E-05      0.133148E+02     -0.213560E-11      0.254226E-04     -0.407762E-17
  2.1090      0.503114E-05      0.133422E+02     -0.109780E-11      0.247892E-04     -0.203966E-17
  2.1153      0.490862E-05      0.132369E+02     -0.628014E-13      0.239233E-04     -0.113502E-18
  2.1216      0.478742E-05      0.130961E+02     -0.202808E-11      0.230163E-04     -0.356431E-17
  2.1279      0.466759E-05      0.129938E+02     -0.100646E-11      0.221991E-04     -0.171948E-17
  2.1341      0.454916E-05      0.130382E+02     -0.918363E-14      0.216460E-04     -0.152466E-19
  2.1404      0.443215E-05      0.130962E+02     -0.197689E-11      0.211209E-04     -0.318823E-17
  2.1467      0.431660E-05      0.130102E+02     -0.947572E-12      0.203754E-04     -0.148400E-17
  2.1530      0.420254E-05      0.129317E+02     -0.288495E-11      0.196599E-04     -0.438594E-17
  2.1593      0.408999E-05      0.128834E+02     -0.187290E-11      0.190064E-04     -0.276302E-17
  2.1655      0.397898E-05      0.128359E+02     -0.875997E-12      0.183690E-04     -0.125361E-17
  2.1718      0.386953E-05      0.127980E+02     -0.279500E-11      0.177596E-04     -0.387856E-17
  2.1781      0.376168E-05      0.127592E+02     -0.180223E-11      0.171625E-04     -0.242421E-17
  2.1844      0.365543E-05      0.127256E+02     -0.823401E-12      0.165861E-04     -0.107319E-17
  2.1906      0.355080E-05      0.126909E+02     -0.272072E-11      0.160214E-04     -0.343472E-17
  2.1969      0.344783E-05      0.126604E+02     -0.172481E-11      0.154751E-04     -0.210827E-17
  2.2032      0.334651E-05      0.126297E+02     -0.741768E-12      0.149412E-04     -0.877526E-18
  2.2095      0.324688E-05      0.126131E+02     -0.263760E-11      0.144362E-04     -0.301883E-17
  2.2157      0.314893E-05      0.126103E+02     -0.166596E-11      0.139580E-04     -0.184399E-17
  2.2220      0.305269E-05      0.125801E+02     -0.355514E-11      0.134608E-04     -0.380402E-17
  2.2283      0.295817E-05      0.125261E+02     -0.257889E-11      0.129515E-04     -0.266646E-17
  2.2346      0.286537E-05      0.125146E+02     -0.160212E-11      0.124984E-04     -0.160005E-17
  2.2409      0.277431E-05      0.125250E+02     -0.347419E-11      0.120773E-04     -0.335002E-17
  2.2471      0.268498E-05      0.124912E+02     -0.249667E-11      0.116244E-04     -0.232341E-17
  2.2534      0.259740E-05      0.124419E+02     -0.153699E-11      0.111697E-04     -0.137982E-17
  2.2597      0.251157E-05      0.124082E+02     -0.338064E-11      0.107414E-04     -0.292650E-17
  2.2660      0.242749E-05      0.123785E+02     -0.243135E-11      0.103282E-04     -0.202864E-17
  2.2722      0.234517E-05      0.123502E+02     -0.149418E-11      0.992763E-05     -0.120109E-17
  2.2785      0.226460E-05      0.123241E+02     -0.331607E-11      0.953996E-05     -0.256693E-17
  2.2848      0.218578E-05      0.122969E+02     -0.237480E-11      0.916237E-05     -0.176945E-17
  2.2911      0.210871E-05      0.122713E+02     -0.142146E-11      0.879669E-05     -0.101898E-17
  2.2973      0.203338E-05      0.122432E+02     -0.327886E-11      0.843995E-05     -0.226031E-17
  2.3036      0.195980E-05      0.122164E+02     -0.231189E-11      0.809459E-05     -0.153186E-17
  2.3099      0.188795E-05      0.122077E+02     -0.415483E-11      0.777114E-05     -0.264486E-17
  2.3162      0.181783E-05      0.122515E+02     -0.324668E-11      0.748900E-05     -0.198460E-17
  2.3225      0.174943E-05      0.122628E+02      0.496659E-12      0.719435E-05      0.291379E-18
  2.3287      0.168273E-05      0.122213E+02     -0.132219E-11      0.687807E-05     -0.744118E-18
  2.3350      0.161774E-05      0.121806E+02     -0.398715E-12      0.657263E-05     -0.215146E-18
  2.3413      0.155443E-05      0.121461E+02      0.534829E-12      0.628063E-05      0.276556E-18
  2.3476      0.149279E-05      0.120923E+02     -0.126902E-11      0.598884E-05     -0.628498E-18
  2.3538      0.143282E-05      0.120055E+02     -0.363579E-12      0.569174E-05     -0.172371E-18
  2.3601      0.137449E-05      0.119766E+02      0.510738E-12      0.543243E-05      0.231664E-18
  2.3664      0.131779E-05      0.120356E+02     -0.124940E-11      0.522011E-05     -0.541889E-18
  2.3727      0.126270E-05      0.120555E+02     -0.326968E-12      0.499688E-05     -0.135525E-18
  2.3789      0.120921E-05      0.120539E+02     -0.209466E-11      0.477197E-05     -0.829245E-18
  2.3852      0.115730E-05      0.120432E+02     -0.120423E-11      0.455103E-05     -0.455068E-18
  2.3915      0.110694E-05      0.120348E+02     -0.261980E-12      0.433857E-05     -0.944442E-19
  2.3978      0.105813E-05      0.120217E+02     -0.206582E-11      0.413189E-05     -0.710025E-18
  2.4041      0.101083E-05      0.120130E+02     -0.121113E-11      0.393404E-05     -0.396623E-18
  2.4103      0.965031E-06      0.120003E+02     -0.262806E-12      0.374204E-05     -0.819504E-19
  2.4166      0.920707E-06      0.119917E+02     -0.211948E-11      0.355836E-05     -0.628922E-18
  2.4229      0.877837E-06      0.119786E+02     -0.118942E-11      0.338018E-05     -0.335637E-18
  2.4292      0.836398E-06      0.119532E+02     -0.304803E-12      0.320548E-05     -0.817387E-19
  2.4354      0.796365E-06      0.118634E+02     -0.206790E-11      0.302131E-05     -0.526643E-18
  2.4417      0.757715E-06      0.118469E+02     -0.118017E-11      0.286331E-05     -0.285238E-18
  2.4480      0.720423E-06      0.119035E+02     -0.377862E-12      0.272838E-05     -0.866091E-19
  2.4543      0.684465E-06      0.119199E+02     -0.212430E-11      0.258913E-05     -0.461421E-18
  2.4605      0.649815E-06      0.119211E+02     -0.121019E-11      0.245203E-05     -0.248922E-18
  2.4668      0.616448E-06      0.119237E+02     -0.299853E-11      0.232072E-05     -0.583606E-18
  2.4731      0.584337E-06      0.119219E+02     -0.210753E-11      0.219391E-05     -0.387835E-18
  2.4794      0.553456E-06      0.119213E+02     -0.121617E-11      0.207261E-05     -0.211441E-18
  2.4857      0.523779E-06      0.119208E+02     -0.305665E-11      0.195644E-05     -0.501655E-18
  2.4919      0.495279E-06      0.119246E+02     -0.235290E-11      0.184591E-05     -0.364224E-18
  2.4982      0.467929E-06      0.119291E+02     -0.129625E-11      0.174024E-05     -0.189100E-18
  2.5045      0.441701E-06      0.119411E+02     -0.324126E-11      0.164023E-05     -0.445222E-18
  2.5108      0.416569E-06      0.119630E+02     -0.245440E-11      0.154587E-05     -0.317161E-18
  2.5170      0.392506E-06      0.118923E+02     -0.152603E-11      0.144436E-05     -0.185341E-18
  2.5233      0.369483E-06      0.118402E+02     -0.321737E-11      0.135031E-05     -0.366924E-18
  2.5296      0.347473E-06      0.118871E+02     -0.244842E-11      0.127175E-05     -0.261945E-18
  2.5359      0.326450E-06      0.119094E+02     -0.459523E-11      0.119408E-05     -0.460733E-18
  2.5421      0.306385E-06      0.119248E+02     -0.348820E-11      0.111936E-05     -0.327431E-18
  2.5484      0.287251E-06      0.119418E+02     -0.273534E-11      0.104836E-05     -0.240134E-18
  2.5547      0.269021E-06      0.119627E+02     -0.464616E-11      0.981133E-06     -0.381059E-18
  2.5610      0.251668E-06      0.119862E+02     -0.376690E-11      0.917391E-06     -0.288309E-18
  2.5673      0.235164E-06      0.119939E+02     -0.280416E-11      0.855687E-06     -0.200059E-18
  2.5735      0.219484E-06      0.120212E+02     -0.483735E-11      0.798495E-06     -0.321317E-18
  2.5798      0.204600E-06      0.120448E+02     -0.426129E-11      0.743997E-06     -0.263215E-18
  2.5861      0.190486E-06      0.120809E+02     -0.335254E-11      0.693061E-06     -0.192329E-18
  2.5924      0.177115E-06      0.121113E+02     -0.537778E-11      0.644470E-06     -0.286165E-18
  2.5986      0.164463E-06      0.121586E+02     -0.456774E-11      0.599319E-06     -0.225152E-18
  2.6049      0.152503E-06      0.121987E+02     -0.661497E-11      0.556227E-06     -0.301623E-18
  2.6112      0.141210E-06      0.122602E+02     -0.585590E-11      0.516386E-06     -0.246645E-18
  2.6175      0.130559E-06      0.123159E+02     -0.529071E-11      0.478459E-06     -0.205538E-18
  2.6237      0.120526E-06      0.124032E+02     -0.778093E-11      0.443754E-06     -0.278383E-18
  2.6300      0.111086E-06      0.124762E+02     -0.690458E-11      0.410425E-06     -0.227137E-18
  2.6363      0.102215E-06      0.125615E+02     -0.652111E-11      0.379326E-06     -0.196922E-18
  2.6426      0.938906E-07      0.126457E+02     -0.841086E-11      0.349937E-06     -0.232749E-18
  2.6489      0.860891E-07      0.127767E+02     -0.815072E-11      0.323415E-06     -0.206319E-18
  2.6551      0.787881E-07      0.129046E+02     -0.727158E-11      0.298243E-06     -0.168057E-18
  2.6614      0.719654E-07      0.130777E+02     -0.103936E-10      0.275420E-06     -0.218892E-18
  2.6677      0.655995E-07      0.132511E+02     -0.102087E-10      0.253788E-06     -0.195519E-18
  2.6740      0.596691E-07      0.134823E+02     -0.986570E-11      0.234321E-06     -0.171465E-18
  2.6802      0.541536E-07      0.137020E+02     -0.972825E-11      0.215620E-06     -0.153088E-18
  2.6865      0.490328E-07      0.139706E+02     -0.925645E-11      0.198593E-06     -0.131581E-18
  2.6928      0.442870E-07      0.143157E+02     -0.123310E-10      0.183374E-06     -0.157952E-18
  2.6991      0.398971E-07      0.147470E+02     -0.122690E-10      0.169779E-06     -0.141249E-18
  2.7053      0.358443E-07      0.152041E+02     -0.114935E-10      0.156896E-06     -0.118604E-18
  2.7116      0.321106E-07      0.157716E+02     -0.170685E-10      0.145462E-06     -0.157422E-18
  2.7179      0.286785E-07      0.164127E+02     -0.172160E-10      0.134883E-06     -0.141484E-18
  2.7242      0.255308E-07      0.171980E+02     -0.160452E-10      0.125534E-06     -0.117119E-18
  2.7305      0.226511E-07      0.181132E+02     -0.191386E-10      0.117032E-06     -0.123657E-18
  2.7367      0.200234E-07      0.192418E+02     -0.216332E-10      0.109649E-06     -0.123276E-18
  2.7430      0.176323E-07      0.205799E+02     -0.217431E-10      0.103033E-06     -0.108857E-18
  2.7493      0.154629E-07      0.221930E+02     -0.300599E-10      0.972161E-07     -0.131677E-18
  2.7556      0.135009E-07      0.241421E+02     -0.345980E-10      0.921253E-07     -0.132025E-18
  2.7618      0.117324E-07      0.265165E+02     -0.355455E-10      0.877321E-07     -0.117605E-18
  2.7681      0.101444E-07      0.294416E+02     -0.480764E-10      0.840340E-07     -0.137223E-18
  2.7744      0.872397E-08      0.330270E+02     -0.503086E-10      0.808850E-07     -0.123209E-18
  2.7807      0.745904E-08      0.375156E+02     -0.690575E-10      0.783788E-07     -0.144277E-18
  2.7869      0.633795E-08      0.430738E+02     -0.733367E-10      0.762932E-07     -0.129895E-18
  2.7932      0.534959E-08      0.501443E+02     -0.864384E-10      0.747979E-07     -0.128936E-18
  2.7995      0.448336E-08      0.590137E+02     -0.113833E-09      0.736086E-07     -0.141986E-18
  2.8058      0.372918E-08      0.704900E+02     -0.133471E-09      0.729691E-07     -0.138166E-18
  2.8121      0.307745E-08      0.851031E+02     -0.146645E-09      0.725380E-07     -0.124994E-18
  2.8183      0.251911E-08      0.104286E+03     -0.199315E-09      0.725993E-07     -0.138755E-18
  2.8246      0.204556E-08      0.129052E+03     -0.248534E-09      0.727899E-07     -0.140182E-18
  2.8309      0.164869E-08      0.161857E+03     -0.296909E-09      0.734174E-07     -0.134677E-18
  2.8372      0.132084E-08      0.204391E+03     -0.390614E-09      0.741104E-07     -0.141633E-18
  2.8434      0.105483E-08      0.260211E+03     -0.521022E-09      0.751825E-07     -0.150539E-18
  2.8497      0.843928E-09      0.330676E+03     -0.693715E-09      0.762710E-07     -0.160007E-18
  2.8560      0.681828E-09      0.417766E+03     -0.716316E-09      0.776790E-07     -0.133191E-18
  2.8623      0.562655E-09      0.516439E+03     -0.851368E-09      0.790685E-07     -0.130347E-18
  2.8685      0.480945E-09      0.618119E+03     -0.117654E-08      0.807158E-07     -0.153636E-18
  2.8748      0.431637E-09      0.703972E+03     -0.116225E-08      0.823218E-07     -0.135912E-18
  2.8811      0.410054E-09      0.758891E+03     -0.119089E-08      0.841229E-07     -0.132010E-18
  2.8874      0.411896E-09      0.772877E+03     -0.143328E-08      0.858710E-07     -0.159246E-18
  2.8937      0.433223E-09      0.752554E+03     -0.116249E-08      0.877516E-07     -0.135552E-18
  2.8999      0.470441E-09      0.708970E+03     -0.113270E-08      0.895774E-07     -0.143115E-18
  2.9062      0.520292E-09      0.656029E+03     -0.106392E-08      0.914736E-07     -0.148348E-18
  2.9125      0.579832E-09      0.601855E+03     -0.990204E-09      0.933218E-07     -0.153538E-18
  2.9188      0.646426E-09      0.551787E+03     -0.945928E-09      0.951797E-07     -0.163166E-18
  2.9250      0.717727E-09      0.507585E+03     -0.815726E-09      0.970038E-07     -0.155892E-18
  2.9313      0.791662E-09      0.469607E+03     -0.758268E-09      0.987789E-07     -0.159497E-18
  2.9376      0.866423E-09      0.437700E+03     -0.673567E-09      0.100547E-06     -0.154729E-18
  2.9439      0.940445E-09      0.410760E+03     -0.617755E-09      0.102201E-06     -0.153703E-18
  2.9501      0.101240E-08      0.388775E+03     -0.544763E-09      0.103910E-06     -0.145602E-18
  2.9564      0.108116E-08      0.369262E+03     -0.537175E-09      0.105175E-06     -0.153000E-18
  2.9627      0.114583E-08      0.352425E+03     -0.490689E-09      0.106157E-06     -0.147806E-18
  2.9690      0.120567E-08      0.340317E+03     -0.468953E-09      0.107637E-06     -0.148322E-18
  2.9753      0.126015E-08      0.330781E+03     -0.535989E-09      0.109116E-06     -0.176810E-18
  2.9815      0.130886E-08      0.321621E+03     -0.429995E-09      0.109964E-06     -0.147018E-18
  2.9878      0.135158E-08      0.315827E+03     -0.456618E-09      0.111273E-06     -0.160877E-18
  2.9941      0.138818E-08      0.311140E+03     -0.522933E-09      0.112354E-06     -0.188834E-18
  3.0004      0.141868E-08      0.307828E+03     -0.466844E-09      0.113363E-06     -0.171923E-18
  3.0066      0.144319E-08      0.305188E+03     -0.458206E-09      0.114094E-06     -0.171299E-18
  3.0129      0.146193E-08      0.304012E+03     -0.461133E-09      0.114890E-06     -0.174268E-18
  3.0192      0.147518E-08      0.303215E+03     -0.480220E-09      0.115387E-06     -0.182746E-18
  3.0255      0.148331E-08      0.303710E+03     -0.467694E-09      0.115972E-06     -0.178589E-18
  3.0317      0.148675E-08      0.304364E+03     -0.442781E-09      0.116249E-06     -0.169116E-18
  3.0380      0.148594E-08      0.306152E+03     -0.349876E-09      0.116627E-06     -0.133284E-18
  3.0443      0.148140E-08      0.307902E+03     -0.412083E-09      0.116694E-06     -0.156179E-18
  3.0506      0.147366E-08      0.310616E+03     -0.349648E-09      0.116867E-06     -0.131552E-18
  3.0569      0.146325E-08      0.313111E+03     -0.344987E-09      0.116733E-06     -0.128617E-18
  3.0631      0.145074E-08      0.316384E+03     -0.417492E-09      0.116705E-06     -0.154001E-18
  3.0694      0.143667E-08      0.319261E+03     -0.371859E-09      0.116385E-06     -0.135560E-18
  3.0757      0.142157E-08      0.322703E+03     -0.448542E-09      0.116167E-06     -0.161466E-18
  3.0820      0.140598E-08      0.325585E+03     -0.437929E-09      0.115682E-06     -0.155599E-18
  3.0882      0.139038E-08      0.328797E+03     -0.432656E-09      0.115293E-06     -0.151712E-18
  3.0945      0.137525E-08      0.331435E+03     -0.457047E-09      0.114720E-06     -0.158199E-18
  3.1008      0.136101E-08      0.332796E+03     -0.466422E-09      0.113768E-06     -0.159449E-18
  3.1071      0.134806E-08      0.333120E+03     -0.436627E-09      0.112567E-06     -0.147544E-18
  3.1133      0.133672E-08      0.335005E+03     -0.471869E-09      0.112026E-06     -0.157793E-18
  3.1196      0.132730E-08      0.335474E+03     -0.492568E-09      0.111168E-06     -0.163224E-18
  3.1259      0.132002E-08      0.335304E+03     -0.441364E-09      0.110280E-06     -0.145163E-18
  3.1322      0.131507E-08      0.333972E+03     -0.484006E-09      0.109210E-06     -0.158272E-18
  3.1385      0.131256E-08      0.332073E+03     -0.466804E-09      0.108166E-06     -0.152052E-18
  3.1447      0.131256E-08      0.328923E+03     -0.476663E-09      0.106926E-06     -0.154953E-18
  3.1510      0.131507E-08      0.325160E+03     -0.487622E-09      0.105693E-06     -0.158502E-18
  3.1573      0.132002E-08      0.320786E+03     -0.469547E-09      0.104456E-06     -0.152897E-18
  3.1636      0.132730E-08      0.315749E+03     -0.489537E-09      0.103178E-06     -0.159967E-18
  3.1698      0.133672E-08      0.309973E+03     -0.463855E-09      0.101808E-06     -0.152349E-18
  3.1761      0.134806E-08      0.303742E+03     -0.440959E-09      0.100408E-06     -0.145768E-18
  3.1824      0.136101E-08      0.297129E+03     -0.473039E-09      0.989707E-07     -0.157565E-18
  3.1887      0.137525E-08      0.290209E+03     -0.436132E-09      0.974847E-07     -0.146502E-18
  3.1949      0.139038E-08      0.283225E+03     -0.396891E-09      0.959964E-07     -0.134522E-18
  3.2012      0.140598E-08      0.276078E+03     -0.463234E-09      0.944379E-07     -0.158458E-18
  3.2075      0.142157E-08      0.269161E+03     -0.370850E-09      0.929108E-07     -0.128012E-18
  3.2138      0.143667E-08      0.262215E+03     -0.334617E-09      0.912955E-07     -0.116504E-18
  3.2201      0.145074E-08      0.255766E+03     -0.427833E-09      0.897474E-07     -0.150125E-18
  3.2263      0.146325E-08      0.249406E+03     -0.399174E-09      0.880987E-07     -0.141002E-18
  3.2326      0.147366E-08      0.243810E+03     -0.438221E-09      0.865660E-07     -0.155593E-18
  3.2389      0.148140E-08      0.238222E+03     -0.380411E-09      0.848618E-07     -0.135514E-18
  3.2452      0.148594E-08      0.233391E+03     -0.382888E-09      0.832342E-07     -0.136549E-18
  3.2514      0.148675E-08      0.229258E+03     -0.451336E-09      0.816464E-07     -0.160736E-18
  3.2577      0.148331E-08      0.226034E+03     -0.396995E-09      0.801579E-07     -0.140785E-18
  3.2640      0.147518E-08      0.222957E+03     -0.436597E-09      0.784818E-07     -0.153684E-18
  3.2703      0.146193E-08      0.221021E+03     -0.429058E-09      0.769533E-07     -0.149386E-18
  3.2765      0.144319E-08      0.219457E+03     -0.460593E-09      0.752849E-07     -0.158007E-18
  3.2828      0.141868E-08      0.219187E+03     -0.415692E-09      0.737741E-07     -0.139913E-18
  3.2891      0.138818E-08      0.219427E+03     -0.454087E-09      0.721291E-07     -0.149266E-18
  3.2954      0.135158E-08      0.221169E+03     -0.454785E-09      0.706500E-07     -0.145276E-18
  3.3017      0.130886E-08      0.223617E+03     -0.464142E-09      0.690432E-07     -0.143307E-18
  3.3079      0.126015E-08      0.227853E+03     -0.547179E-09      0.676042E-07     -0.162348E-18
  3.3142      0.120567E-08      0.233099E+03     -0.571568E-09      0.660455E-07     -0.161946E-18
  3.3205      0.114583E-08      0.240565E+03     -0.620207E-09      0.646551E-07     -0.166689E-18
  3.3268      0.108116E-08      0.249527E+03     -0.604471E-09      0.631594E-07     -0.153002E-18
  3.3330      0.101240E-08      0.261328E+03     -0.657061E-09      0.618228E-07     -0.155442E-18
  3.3393      0.940445E-09      0.275308E+03     -0.667494E-09      0.603875E-07     -0.146412E-18
  3.3456      0.866423E-09      0.293022E+03     -0.739568E-09      0.591031E-07     -0.149172E-18
  3.3519      0.791662E-09      0.313833E+03     -0.942731E-09      0.577304E-07     -0.173418E-18
  3.3581      0.717727E-09      0.339419E+03     -0.977073E-09      0.565000E-07     -0.162644E-18
  3.3644      0.646426E-09      0.368851E+03     -0.106640E-08      0.551966E-07     -0.159581E-18
  3.3707      0.579832E-09      0.403252E+03     -0.114892E-08      0.540271E-07     -0.153931E-18
  3.3770      0.520292E-09      0.440003E+03     -0.125628E-08      0.527991E-07     -0.150750E-18
  3.3833      0.470441E-09      0.477312E+03     -0.112547E-08      0.516923E-07     -0.121887E-18
  3.3895      0.433223E-09      0.507703E+03     -0.120917E-08      0.505398E-07     -0.120368E-18
  3.3958      0.411896E-09      0.523900E+03     -0.133052E-08      0.494931E-07     -0.125695E-18
  3.4021      0.410054E-09      0.515752E+03     -0.120795E-08      0.484161E-07     -0.113396E-18
  3.4084      0.431637E-09      0.480875E+03     -0.118037E-08      0.474305E-07     -0.116424E-18
  3.4146      0.480945E-09      0.423252E+03     -0.998513E-09      0.464304E-07     -0.109536E-18
  3.4209      0.562655E-09      0.355230E+03     -0.772785E-09      0.455054E-07     -0.989945E-19
  3.4272      0.681828E-09      0.287716E+03     -0.742486E-09      0.445814E-07     -0.115048E-18
  3.4335      0.843928E-09      0.228365E+03     -0.571976E-09      0.437175E-07     -0.109497E-18
  3.4397      0.105483E-08      0.179491E+03     -0.486834E-09      0.428698E-07     -0.116276E-18
  3.4460      0.132084E-08      0.140923E+03     -0.367914E-09      0.420694E-07     -0.109832E-18
  3.4523      0.164869E-08      0.111037E+03     -0.296828E-09      0.413001E-07     -0.110405E-18
  3.4586      0.204556E-08      0.880611E+02     -0.234234E-09      0.405651E-07     -0.107899E-18
  3.4649      0.251911E-08      0.704133E+02     -0.191865E-09      0.398722E-07     -0.108645E-18
  3.4711      0.307745E-08      0.567706E+02     -0.166129E-09      0.392009E-07     -0.114714E-18
  3.4774      0.372918E-08      0.461919E+02     -0.156374E-09      0.385812E-07     -0.130609E-18
  3.4837      0.448336E-08      0.378830E+02     -0.134310E-09      0.379718E-07     -0.134625E-18
  3.4900      0.534959E-08      0.313455E+02     -0.883643E-10      0.374220E-07     -0.105494E-18
  3.4962      0.633795E-08      0.261159E+02     -0.824879E-10      0.368727E-07     -0.116464E-18
  3.5025      0.745904E-08      0.219388E+02     -0.704921E-10      0.363889E-07     -0.116922E-18
  3.5088      0.872397E-08      0.185377E+02     -0.570580E-10      0.358976E-07     -0.110491E-18
  3.5151      0.101444E-07      0.157830E+02     -0.481081E-10      0.354759E-07     -0.108134E-18
  3.5213      0.117324E-07      0.135031E+02     -0.432479E-10      0.350402E-07     -0.112227E-18
  3.5276      0.135009E-07      0.116333E+02     -0.422094E-10      0.346764E-07     -0.125817E-18
  3.5339      0.154629E-07      0.100632E+02     -0.327021E-10      0.342946E-07     -0.111446E-18
  3.5402      0.176323E-07      0.876083E+01     -0.286626E-10      0.339846E-07     -0.111186E-18
  3.5465      0.200234E-07      0.765305E+01     -0.249768E-10      0.336536E-07     -0.109833E-18
  3.5527      0.226511E-07      0.672470E+01     -0.230091E-10      0.333928E-07     -0.114256E-18
  3.5590      0.255308E-07      0.592611E+01     -0.194887E-10      0.331100E-07     -0.108886E-18
  3.5653      0.286785E-07      0.525051E+01     -0.200652E-10      0.328940E-07     -0.125707E-18
  3.5716      0.321106E-07      0.466362E+01     -0.191466E-10      0.326563E-07     -0.134071E-18
  3.5778      0.358443E-07      0.416268E+01     -0.157769E-10      0.324806E-07     -0.123104E-18
  3.5841      0.398971E-07      0.372390E+01     -0.154410E-10      0.322857E-07     -0.133871E-18
  3.5904      0.442870E-07      0.334607E+01     -0.125130E-10      0.321456E-07     -0.120213E-18
  3.5967      0.490328E-07      0.301280E+01     -0.111684E-10      0.319896E-07     -0.118585E-18
  3.6029      0.541536E-07      0.272340E+01     -0.102905E-10      0.318812E-07     -0.120465E-18
  3.6092      0.596691E-07      0.246664E+01     -0.932701E-11      0.317610E-07     -0.120097E-18
  3.6155      0.655995E-07      0.224182E+01     -0.813666E-11      0.316800E-07     -0.114982E-18
  3.6218      0.719654E-07      0.204139E+01     -0.786545E-11      0.315923E-07     -0.121725E-18
  3.6281      0.787881E-07      0.186446E+01     -0.738200E-11      0.315349E-07     -0.124857E-18
  3.6343      0.860891E-07      0.170611E+01     -0.633977E-11      0.314762E-07     -0.116963E-18
  3.6406      0.938906E-07      0.156517E+01     -0.614457E-11      0.314386E-07     -0.123422E-18
  3.6469      0.102215E-06      0.143867E+01     -0.450543E-11      0.314056E-07     -0.983518E-19
  3.6532      0.111086E-06      0.132517E+01     -0.451149E-11      0.313844E-07     -0.106847E-18
  3.6594      0.120526E-06      0.122305E+01     -0.425466E-11      0.313736E-07     -0.109140E-18
  3.6657      0.130559E-06      0.113071E+01     -0.380406E-11      0.313655E-07     -0.105523E-18
  3.6720      0.141210E-06      0.104748E+01     -0.365197E-11      0.313735E-07     -0.109381E-18
  3.6783      0.152503E-06      0.971641E+00     -0.312895E-11      0.313757E-07     -0.101038E-18
  3.6845      0.164463E-06      0.903195E+00     -0.310019E-11      0.313992E-07     -0.107777E-18
  3.6908      0.177115E-06      0.840356E+00     -0.248928E-11      0.314086E-07     -0.930380E-19
  3.6971      0.190486E-06      0.783592E+00     -0.238207E-11      0.314444E-07     -0.955890E-19
  3.7034      0.204600E-06      0.731122E+00     -0.273698E-11      0.314594E-07     -0.117769E-18
  3.7097      0.219484E-06      0.683667E+00     -0.256823E-11      0.315041E-07     -0.118346E-18
  3.7159      0.235164E-06      0.639508E+00     -0.226708E-11      0.315212E-07     -0.111744E-18
  3.7222      0.251668E-06      0.599565E+00     -0.200616E-11      0.315730E-07     -0.105644E-18
  3.7285      0.269021E-06      0.562162E+00     -0.198104E-11      0.315913E-07     -0.111327E-18
  3.7348      0.287251E-06      0.528294E+00     -0.203591E-11      0.316465E-07     -0.121958E-18
  3.7410      0.306385E-06      0.496421E+00     -0.168812E-11      0.316649E-07     -0.107679E-18
  3.7473      0.326450E-06      0.467515E+00     -0.201243E-11      0.317208E-07     -0.136543E-18
  3.7536      0.347473E-06      0.440189E+00     -0.157259E-11      0.317370E-07     -0.113382E-18
  3.7599      0.369483E-06      0.415371E+00     -0.164142E-11      0.317915E-07     -0.125631E-18
  3.7661      0.392506E-06      0.391821E+00     -0.133709E-11      0.318046E-07     -0.108533E-18
  3.7724      0.416569E-06      0.370390E+00     -0.136349E-11      0.318551E-07     -0.117266E-18
  3.7787      0.441701E-06      0.349995E+00     -0.128852E-11      0.318641E-07     -0.117309E-18
  3.7850      0.467929E-06      0.331391E+00     -0.114300E-11      0.319087E-07     -0.110056E-18
  3.7913      0.495279E-06      0.313648E+00     -0.119570E-11      0.319126E-07     -0.121658E-18
  3.7975      0.523779E-06      0.297417E+00     -0.116745E-11      0.319496E-07     -0.125412E-18
  3.8038      0.553456E-06      0.281937E+00     -0.105868E-11      0.319499E-07     -0.119973E-18
  3.8101      0.584337E-06      0.267723E+00     -0.879210E-12      0.319792E-07     -0.105021E-18
  3.8164      0.616448E-06      0.254142E+00     -0.907808E-12      0.319725E-07     -0.114207E-18
  3.8226      0.649815E-06      0.241633E+00     -0.779914E-12      0.319915E-07     -0.103259E-18
  3.8289      0.684465E-06      0.229672E+00     -0.867233E-12      0.319769E-07     -0.120744E-18
  3.8352      0.720423E-06      0.218611E+00     -0.953110E-12      0.319835E-07     -0.139443E-18
  3.8415      0.757715E-06      0.208057E+00     -0.799479E-12      0.319628E-07     -0.122820E-18
  3.8477      0.796365E-06      0.198253E+00     -0.777233E-12      0.319579E-07     -0.125288E-18
  3.8540      0.836398E-06      0.188914E+00     -0.700327E-12      0.319312E-07     -0.118373E-18
  3.8603      0.877837E-06      0.180195E+00     -0.718103E-12      0.319146E-07     -0.127184E-18
  3.8666      0.920707E-06      0.171908E+00     -0.734289E-12      0.318819E-07     -0.136180E-18
  3.8729      0.965031E-06      0.164126E+00     -0.686646E-12      0.318523E-07     -0.133259E-18
  3.8791      0.101083E-05      0.156742E+00     -0.739343E-12      0.318113E-07     -0.150052E-18
  3.8854      0.105813E-05      0.149772E+00     -0.716424E-12      0.317676E-07     -0.151958E-18
  3.8917      0.110694E-05      0.143190E+00     -0.607256E-12      0.317215E-07     -0.134528E-18
  3.8980      0.115730E-05      0.136942E+00     -0.573279E-12      0.316663E-07     -0.132564E-18
  3.9042      0.120921E-05      0.131055E+00     -0.566051E-12      0.316134E-07     -0.136544E-18
  3.9105      0.126270E-05      0.125438E+00     -0.524413E-12      0.315463E-07     -0.131884E-18
  3.9168      0.131779E-05      0.120168E+00     -0.526752E-12      0.314888E-07     -0.138030E-18
  3.9231      0.137449E-05      0.115107E+00     -0.559438E-12      0.314102E-07     -0.152658E-18
  3.9293      0.143282E-05      0.110371E+00     -0.511617E-12      0.313456E-07     -0.145301E-18
  3.9356      0.149279E-05      0.105799E+00     -0.469144E-12      0.312550E-07     -0.138594E-18
  3.9419      0.155443E-05      0.101536E+00     -0.426374E-12      0.311843E-07     -0.130951E-18
  3.9482      0.161774E-05      0.974009E-01     -0.426323E-12      0.310833E-07     -0.136051E-18
  3.9545      0.168273E-05      0.935571E-01     -0.406420E-12      0.310069E-07     -0.134696E-18
  3.9607      0.174943E-05      0.898027E-01     -0.420049E-12      0.308932E-07     -0.144502E-18
  3.9670      0.181783E-05      0.863329E-01     -0.437865E-12      0.308120E-07     -0.156273E-18
  3.9733      0.188795E-05      0.829420E-01     -0.358487E-12      0.306950E-07     -0.132668E-18
  3.9796      0.195980E-05      0.798041E-01     -0.343716E-12      0.306094E-07     -0.131834E-18
  3.9858      0.203338E-05      0.767206E-01     -0.337175E-12      0.304835E-07     -0.133970E-18
  3.9921      0.210871E-05      0.738772E-01     -0.331961E-12      0.303932E-07     -0.136569E-18
  3.9984      0.218578E-05      0.710744E-01     -0.316781E-12      0.302612E-07     -0.134875E-18
  4.0047      0.226460E-05      0.684943E-01     -0.325204E-12      0.301669E-07     -0.143230E-18
  4.0109      0.234517E-05      0.659441E-01     -0.320289E-12      0.300301E-07     -0.145855E-18
  4.0172      0.242749E-05      0.635994E-01     -0.306283E-12      0.299321E-07     -0.144148E-18
  4.0235      0.251157E-05      0.612773E-01     -0.297738E-12      0.297916E-07     -0.144753E-18
  4.0298      0.259740E-05      0.591433E-01     -0.258534E-12      0.296904E-07     -0.129786E-18
  4.0361      0.268498E-05      0.570274E-01     -0.293714E-12      0.295475E-07     -0.152181E-18
  4.0423      0.277431E-05      0.550834E-01     -0.251534E-12      0.294439E-07     -0.134453E-18
  4.0486      0.286537E-05      0.531543E-01     -0.250406E-12      0.292999E-07     -0.138030E-18
  4.0549      0.295817E-05      0.513783E-01     -0.268939E-12      0.291929E-07     -0.152810E-18
  4.0612      0.305269E-05      0.496177E-01     -0.256231E-12      0.290484E-07     -0.150009E-18
  4.0674      0.314893E-05      0.479955E-01     -0.227304E-12      0.289398E-07     -0.137057E-18
  4.0737      0.324688E-05      0.463881E-01     -0.229230E-12      0.287962E-07     -0.142298E-18
  4.0800      0.334651E-05      0.449047E-01     -0.219187E-12      0.286865E-07     -0.140023E-18
  4.0863      0.344783E-05      0.434382E-01     -0.217890E-12      0.285458E-07     -0.143188E-18
  4.0925      0.355080E-05      0.420788E-01     -0.215634E-12      0.284347E-07     -0.145714E-18
  4.0988      0.365543E-05      0.407376E-01     -0.206497E-12      0.282961E-07     -0.143431E-18
  4.1051      0.376168E-05      0.394916E-01     -0.196815E-12      0.281848E-07     -0.140465E-18
  4.1114      0.386953E-05      0.382663E-01     -0.183244E-12      0.280505E-07     -0.134324E-18
  4.1177      0.397898E-05      0.371236E-01     -0.181450E-12      0.279399E-07     -0.136563E-18
  4.1239      0.408999E-05      0.360036E-01     -0.172012E-12      0.278106E-07     -0.132868E-18
  4.1302      0.420254E-05      0.349533E-01     -0.158450E-12      0.277001E-07     -0.125569E-18
  4.1365      0.431660E-05      0.339293E-01     -0.156248E-12      0.275764E-07     -0.126992E-18
  4.1428      0.443215E-05      0.329643E-01     -0.148269E-12      0.274676E-07     -0.123546E-18
  4.1490      0.454916E-05      0.320272E-01     -0.156552E-12      0.273498E-07     -0.133689E-18
  4.1553      0.466759E-05      0.311395E-01     -0.141332E-12      0.272429E-07     -0.123647E-18
  4.1616      0.478742E-05      0.302839E-01     -0.135455E-12      0.271336E-07     -0.121364E-18
  4.1679      0.490862E-05      0.294685E-01     -0.143887E-12      0.270306E-07     -0.131983E-18
  4.1741      0.503114E-05      0.286862E-01     -0.126616E-12      0.269292E-07     -0.118861E-18
  4.1804      0.515495E-05      0.279341E-01     -0.133164E-12      0.268282E-07     -0.127892E-18
  4.1867      0.528002E-05      0.272187E-01     -0.137909E-12      0.267352E-07     -0.135459E-18
  4.1930      0.540631E-05      0.265281E-01     -0.129069E-12      0.266402E-07     -0.129614E-18
  4.1993      0.553377E-05      0.258769E-01     -0.129043E-12      0.265592E-07     -0.132445E-18
  4.2055      0.566236E-05      0.252435E-01     -0.132950E-12      0.264715E-07     -0.139418E-18
  4.2118      0.579205E-05      0.246533E-01     -0.113072E-12      0.264054E-07     -0.121108E-18
  4.2181      0.592278E-05      0.240743E-01     -0.128543E-12      0.263279E-07     -0.140576E-18
  4.2244      0.605451E-05      0.235450E-01     -0.109871E-12      0.262827E-07     -0.122646E-18
  4.2306      0.618720E-05      0.230217E-01     -0.120958E-12      0.262227E-07     -0.137777E-18
  4.2369      0.632080E-05      0.225624E-01     -0.120247E-12      0.262156E-07     -0.139717E-18
  4.2432      0.645525E-05      0.220966E-01     -0.121267E-12      0.261817E-07     -0.143686E-18
  4.2495      0.659050E-05      0.217195E-01     -0.107482E-12      0.262353E-07     -0.129829E-18
  4.2557      0.672651E-05      0.213344E-01     -0.114868E-12      0.262632E-07     -0.141405E-18
  4.2620      0.686322E-05      0.211371E-01     -0.110262E-12      0.265100E-07     -0.138290E-18
  4.2683      0.700058E-05      0.209409E-01     -0.101043E-12      0.267502E-07     -0.129073E-18
  4.2746      0.713852E-05      0.213945E-01     -0.109816E-12      0.278272E-07     -0.142834E-18
  4.2809      0.727701E-05      0.221580E-01     -0.113006E-12      0.293364E-07     -0.149615E-18
  4.2871      0.741597E-05      0.309888E-01     -0.110615E-12      0.417502E-07     -0.149028E-18
  4.2934      0.755535E-05      0.455257E-01     -0.994561E-13      0.623968E-07     -0.136313E-18
  4.2997      0.769509E-05      0.406064E-01     -0.101123E-12      0.566011E-07     -0.140955E-18
  4.3060      0.783513E-05      0.248648E-01     -0.983774E-13      0.352382E-07     -0.139420E-18
  4.3122      0.797541E-05      0.195748E-01     -0.989138E-13      0.281968E-07     -0.142482E-18
  4.3185      0.811586E-05      0.184820E-01     -0.104328E-12      0.270522E-07     -0.152706E-18
  4.3248      0.825643E-05      0.175751E-01     -0.997950E-13      0.261324E-07     -0.148385E-18
  4.3311      0.839706E-05      0.171108E-01     -0.947954E-13      0.258378E-07     -0.143144E-18
  4.3373      0.853766E-05      0.166594E-01     -0.892914E-13      0.255403E-07     -0.136892E-18
  4.3436      0.867820E-05      0.163285E-01     -0.960526E-13      0.254084E-07     -0.149465E-18
  4.3499      0.881858E-05      0.160032E-01     -0.890200E-13      0.252685E-07     -0.140559E-18
  4.3562      0.895876E-05      0.157274E-01     -0.956641E-13      0.251915E-07     -0.153230E-18
  4.3625      0.909867E-05      0.154588E-01     -0.920089E-13      0.251116E-07     -0.149462E-18
  4.3687      0.923823E-05      0.152162E-01     -0.948827E-13      0.250606E-07     -0.156269E-18
  4.3750      0.937739E-05      0.149812E-01     -0.921483E-13      0.250093E-07     -0.153831E-18
  4.3813      0.951607E-05      0.147630E-01     -0.906394E-13      0.249737E-07     -0.153330E-18
  4.3876      0.965420E-05      0.145521E-01     -0.865030E-13      0.249385E-07     -0.148244E-18
  4.3938      0.979172E-05      0.143539E-01     -0.851509E-13      0.249138E-07     -0.147794E-18
  4.4001      0.992857E-05      0.141623E-01     -0.915029E-13      0.248891E-07     -0.160809E-18
  4.4064      0.100647E-04      0.139815E-01     -0.825688E-13      0.248727E-07     -0.146887E-18
  4.4127      0.101999E-04      0.138060E-01     -0.880223E-13      0.248552E-07     -0.158468E-18
  4.4189      0.103343E-04      0.136407E-01     -0.844063E-13      0.248459E-07     -0.153741E-18
  4.4252      0.104678E-04      0.134795E-01     -0.807817E-13      0.248339E-07     -0.148828E-18
  4.4315      0.106002E-04      0.133285E-01     -0.787261E-13      0.248311E-07     -0.146667E-18
  4.4378      0.107315E-04      0.131801E-01     -0.809015E-13      0.248237E-07     -0.152372E-18
  4.4441      0.108617E-04      0.130410E-01     -0.864311E-13      0.248245E-07     -0.164528E-18
  4.4503      0.109906E-04      0.129038E-01     -0.805793E-13      0.248199E-07     -0.154990E-18
  4.4566      0.111182E-04      0.127769E-01     -0.824162E-13      0.248262E-07     -0.160139E-18
  4.4629      0.112445E-04      0.126505E-01     -0.815522E-13      0.248249E-07     -0.160035E-18
  4.4692      0.113694E-04      0.125343E-01     -0.737556E-13      0.248350E-07     -0.146136E-18
  4.4754      0.114927E-04      0.124179E-01     -0.752691E-13      0.248363E-07     -0.150542E-18
  4.4817      0.116145E-04      0.123116E-01     -0.783292E-13      0.248498E-07     -0.158101E-18
  4.4880      0.117347E-04      0.122043E-01     -0.778420E-13      0.248534E-07     -0.158521E-18
  4.4943      0.118532E-04      0.121072E-01     -0.730932E-13      0.248697E-07     -0.150143E-18
  4.5005      0.119699E-04      0.120085E-01     -0.818464E-13      0.248753E-07     -0.169542E-18
  4.5068      0.120848E-04      0.119199E-01     -0.721095E-13      0.248939E-07     -0.150597E-18
  4.5131      0.121979E-04      0.118293E-01     -0.721035E-13      0.249013E-07     -0.151781E-18
  4.5194      0.123089E-04      0.117486E-01     -0.741024E-13      0.249218E-07     -0.157191E-18
  4.5257      0.124180E-04      0.116658E-01     -0.674224E-13      0.249309E-07     -0.144088E-18
  4.5319      0.125251E-04      0.115923E-01     -0.714098E-13      0.249527E-07     -0.153712E-18
  4.5382      0.126300E-04      0.115168E-01     -0.756353E-13      0.249633E-07     -0.163944E-18
  4.5445      0.127327E-04      0.114507E-01     -0.697416E-13      0.249874E-07     -0.152188E-18
  4.5508      0.128332E-04      0.113827E-01     -0.684038E-13      0.250006E-07     -0.150239E-18
  4.5570      0.129314E-04      0.113225E-01     -0.711420E-13      0.250240E-07     -0.157232E-18
  4.5633      0.130272E-04      0.112612E-01     -0.698587E-13      0.250386E-07     -0.155326E-18
  4.5696      0.131207E-04      0.112083E-01     -0.713392E-13      0.250653E-07     -0.159537E-18
  4.5759      0.132117E-04      0.111535E-01     -0.753585E-13      0.250813E-07     -0.169461E-18
  4.5821      0.133002E-04      0.111052E-01     -0.686568E-13      0.251054E-07     -0.155212E-18
  4.5884      0.133862E-04      0.110554E-01     -0.730135E-13      0.251201E-07     -0.165901E-18
  4.5947      0.134695E-04      0.110108E-01     -0.727855E-13      0.251402E-07     -0.166186E-18
  4.6010      0.135502E-04      0.109672E-01     -0.752413E-13      0.251561E-07     -0.172586E-18
  4.6073      0.136283E-04      0.109289E-01     -0.690192E-13      0.251783E-07     -0.159009E-18
  4.6135      0.137036E-04      0.108913E-01     -0.665953E-13      0.251962E-07     -0.154062E-18
  4.6198      0.137761E-04      0.108581E-01     -0.739681E-13      0.252178E-07     -0.171791E-18
  4.6261      0.138458E-04      0.108263E-01     -0.654966E-13      0.252369E-07     -0.152678E-18
  4.6324      0.139126E-04      0.107977E-01     -0.651055E-13      0.252577E-07     -0.152292E-18
  4.6386      0.139766E-04      0.107722E-01     -0.722256E-13      0.252795E-07     -0.169494E-18
  4.6449      0.140376E-04      0.107482E-01     -0.589478E-13      0.252991E-07     -0.138751E-18
  4.6512      0.140957E-04      0.107263E-01     -0.648127E-13      0.253177E-07     -0.152980E-18
  4.6575      0.141508E-04      0.107069E-01     -0.634157E-13      0.253365E-07     -0.150065E-18
  4.6637      0.142029E-04      0.106913E-01     -0.609206E-13      0.253585E-07     -0.144497E-18
  4.6700      0.142519E-04      0.106761E-01     -0.611902E-13      0.253757E-07     -0.145442E-18
  4.6763      0.142978E-04      0.106655E-01     -0.640747E-13      0.253982E-07     -0.152583E-18
  4.6826      0.143407E-04      0.106547E-01     -0.616185E-13      0.254144E-07     -0.146977E-18
  4.6889      0.143804E-04      0.106501E-01     -0.619844E-13      0.254397E-07     -0.148060E-18
  4.6951      0.144170E-04      0.106435E-01     -0.576964E-13      0.254544E-07     -0.137984E-18
  4.7014      0.144504E-04      0.106418E-01     -0.622778E-13      0.254752E-07     -0.149086E-18
  4.7077      0.144806E-04      0.106393E-01     -0.593836E-13      0.254886E-07     -0.142265E-18
  4.7140      0.145076E-04      0.106434E-01     -0.640571E-13      0.255119E-07     -0.153543E-18
  4.7202      0.145314E-04      0.106456E-01     -0.600561E-13      0.255252E-07     -0.143997E-18
  4.7265      0.145520E-04      0.106553E-01     -0.616528E-13      0.255507E-07     -0.147839E-18
  4.7328      0.145694E-04      0.106623E-01     -0.626788E-13      0.255639E-07     -0.150279E-18
  4.7391      0.145835E-04      0.106806E-01     -0.550297E-13      0.255988E-07     -0.131892E-18
  4.7453      0.145944E-04      0.106953E-01     -0.631421E-13      0.256191E-07     -0.151248E-18
  4.7516      0.146021E-04      0.107098E-01     -0.628310E-13      0.256335E-07     -0.150383E-18
  4.7579      0.146064E-04      0.107224E-01     -0.664301E-13      0.256373E-07     -0.158835E-18
  4.7642      0.146076E-04      0.107462E-01     -0.644827E-13      0.256625E-07     -0.153988E-18
  4.7705      0.146055E-04      0.107664E-01     -0.699350E-13      0.256732E-07     -0.166765E-18
  4.7767      0.146001E-04      0.107953E-01     -0.687733E-13      0.256989E-07     -0.163719E-18
  4.7830      0.145915E-04      0.108206E-01     -0.637602E-13      0.257101E-07     -0.151496E-18
  4.7893      0.145797E-04      0.108545E-01     -0.637693E-13      0.257360E-07     -0.151197E-18
  4.7956      0.145647E-04      0.108848E-01     -0.676269E-13      0.257475E-07     -0.159968E-18
  4.8018      0.145465E-04      0.109237E-01     -0.654654E-13      0.257734E-07     -0.154459E-18
  4.8081      0.145250E-04      0.109593E-01     -0.681965E-13      0.257856E-07     -0.160456E-18
  4.8144      0.145004E-04      0.110033E-01     -0.717619E-13      0.258116E-07     -0.168340E-18
  4.8207      0.144727E-04      0.110442E-01     -0.611110E-13      0.258242E-07     -0.142894E-18
  4.8269      0.144418E-04      0.110933E-01     -0.608544E-13      0.258501E-07     -0.141805E-18
  4.8332      0.144077E-04      0.111399E-01     -0.468356E-13      0.258638E-07     -0.108740E-18
  4.8395      0.143706E-04      0.111945E-01     -0.560106E-13      0.258901E-07     -0.129538E-18
  4.8458      0.143304E-04      0.112471E-01     -0.528941E-13      0.259052E-07     -0.121830E-18
  4.8521      0.142872E-04      0.113078E-01     -0.557999E-13      0.259330E-07     -0.127970E-18
  4.8583      0.142409E-04      0.113692E-01     -0.558159E-13      0.259557E-07     -0.127427E-18
  4.8646      0.141917E-04      0.114368E-01     -0.552526E-13      0.259861E-07     -0.125543E-18
  4.8709      0.141395E-04      0.114989E-01     -0.569038E-13      0.259977E-07     -0.128653E-18
  4.8772      0.140844E-04      0.115682E-01     -0.552428E-13      0.260190E-07     -0.124251E-18
  4.8834      0.140264E-04      0.116397E-01     -0.562903E-13      0.260385E-07     -0.125923E-18
  4.8897      0.139655E-04      0.117231E-01     -0.575661E-13      0.260778E-07     -0.128054E-18
  4.8960      0.139019E-04      0.118093E-01     -0.566165E-13      0.261162E-07     -0.125207E-18
  4.9023      0.138354E-04      0.118902E-01     -0.603143E-13      0.261360E-07     -0.132577E-18
  4.9085      0.137663E-04      0.119699E-01     -0.584773E-13      0.261462E-07     -0.127733E-18
  4.9148      0.136944E-04      0.120592E-01     -0.619185E-13      0.261702E-07     -0.134372E-18
  4.9211      0.136199E-04      0.121513E-01     -0.582483E-13      0.261932E-07     -0.125559E-18
  4.9274      0.135428E-04      0.122489E-01     -0.634570E-13      0.262206E-07     -0.135840E-18
  4.9337      0.134632E-04      0.123494E-01     -0.566248E-13      0.262469E-07     -0.120348E-18
  4.9399      0.133811E-04      0.124546E-01     -0.610552E-13      0.262756E-07     -0.128809E-18
  4.9462      0.132965E-04      0.125634E-01     -0.657846E-13      0.263041E-07     -0.137734E-18
  4.9525      0.132094E-04      0.126764E-01     -0.652277E-13      0.263335E-07     -0.135502E-18
  4.9588      0.131201E-04      0.127939E-01     -0.622501E-13      0.263645E-07     -0.128279E-18
  4.9650      0.130284E-04      0.129150E-01     -0.606514E-13      0.263947E-07     -0.123955E-18
  4.9713      0.129345E-04      0.130417E-01     -0.684414E-13      0.264282E-07     -0.138692E-18
  4.9776      0.128384E-04      0.131715E-01     -0.590874E-13      0.264593E-07     -0.118697E-18
  4.9839      0.127402E-04      0.133078E-01     -0.666428E-13      0.264953E-07     -0.132683E-18
  4.9901      0.126399E-04      0.134467E-01     -0.685067E-13      0.265275E-07     -0.135150E-18
  4.9964      0.125375E-04      0.135937E-01     -0.666073E-13      0.265671E-07     -0.130175E-18
  5.0027      0.124332E-04      0.137424E-01     -0.623831E-13      0.266008E-07     -0.120753E-18
  5.0090      0.123270E-04      0.138988E-01     -0.692631E-13      0.266404E-07     -0.132759E-18
  5.0152      0.122190E-04      0.140585E-01     -0.637278E-13      0.266767E-07     -0.120927E-18
  5.0215      0.121092E-04      0.142264E-01     -0.727041E-13      0.267193E-07     -0.136549E-18
  5.0278      0.119976E-04      0.143964E-01     -0.690202E-13      0.267561E-07     -0.128276E-18
  5.0341      0.118844E-04      0.145763E-01     -0.703037E-13      0.268013E-07     -0.129267E-18
  5.0404      0.117696E-04      0.147582E-01     -0.708707E-13      0.268401E-07     -0.128890E-18
  5.0466      0.116532E-04      0.149505E-01     -0.774866E-13      0.268875E-07     -0.139355E-18
  5.0529      0.115354E-04      0.151449E-01     -0.771519E-13      0.269283E-07     -0.137180E-18
  5.0592      0.114161E-04      0.153502E-01     -0.854054E-13      0.269777E-07     -0.150099E-18
  5.0655      0.112956E-04      0.155577E-01     -0.814100E-13      0.270201E-07     -0.141390E-18
  5.0717      0.111737E-04      0.157770E-01     -0.814502E-13      0.270718E-07     -0.139760E-18
  5.0780      0.110506E-04      0.159994E-01     -0.796375E-13      0.271173E-07     -0.134978E-18
  5.0843      0.109264E-04      0.162334E-01     -0.799270E-13      0.271711E-07     -0.133780E-18
  5.0906      0.108010E-04      0.164708E-01     -0.834781E-13      0.272186E-07     -0.137951E-18
  5.0968      0.106747E-04      0.167211E-01     -0.858989E-13      0.272753E-07     -0.140118E-18
  5.1031      0.105474E-04      0.169764E-01     -0.867171E-13      0.273279E-07     -0.139593E-18
  5.1094      0.104191E-04      0.172441E-01     -0.868214E-13      0.273877E-07     -0.137893E-18
  5.1157      0.102901E-04      0.175157E-01     -0.766251E-13      0.274407E-07     -0.120044E-18
  5.1220      0.101603E-04      0.177995E-01     -0.918820E-13      0.274999E-07     -0.141956E-18
  5.1282      0.100298E-04      0.180893E-01     -0.922621E-13      0.275548E-07     -0.140540E-18
  5.1345      0.989861E-05      0.183922E-01     -0.903013E-13      0.276160E-07     -0.135588E-18
  5.1408      0.976688E-05      0.187016E-01     -0.100319E-12      0.276731E-07     -0.148444E-18
  5.1471      0.963463E-05      0.190246E-01     -0.105348E-12      0.277360E-07     -0.153588E-18
  5.1533      0.950193E-05      0.193561E-01     -0.100893E-12      0.277968E-07     -0.144889E-18
  5.1596      0.936885E-05      0.197010E-01     -0.942666E-13      0.278618E-07     -0.133315E-18
  5.1659      0.923543E-05      0.200556E-01     -0.111365E-12      0.279254E-07     -0.155065E-18
  5.1722      0.910176E-05      0.204237E-01     -0.930624E-13      0.279924E-07     -0.127550E-18
  5.1784      0.896787E-05      0.208030E-01     -0.987170E-13      0.280587E-07     -0.133148E-18
  5.1847      0.883385E-05      0.211960E-01     -0.124967E-12      0.281275E-07     -0.165833E-18
  5.1910      0.869974E-05      0.216019E-01     -0.111113E-12      0.281967E-07     -0.145035E-18
  5.1973      0.856560E-05      0.220216E-01     -0.113180E-12      0.282673E-07     -0.145279E-18
  5.2036      0.843150E-05      0.224560E-01     -0.116734E-12      0.283393E-07     -0.147318E-18
  5.2098      0.829749E-05      0.229046E-01     -0.126666E-12      0.284117E-07     -0.157121E-18
  5.2161      0.816362E-05      0.233695E-01     -0.115427E-12      0.284864E-07     -0.140700E-18
  5.2224      0.802996E-05      0.238493E-01     -0.119607E-12      0.285609E-07     -0.143236E-18
  5.2287      0.789655E-05      0.243507E-01     -0.139477E-12      0.286425E-07     -0.164060E-18
  5.2349      0.776346E-05      0.248647E-01     -0.127968E-12      0.287196E-07     -0.147807E-18
  5.2412      0.763073E-05      0.253964E-01     -0.138501E-12      0.287977E-07     -0.157050E-18
  5.2475      0.749841E-05      0.259452E-01     -0.131535E-12      0.288753E-07     -0.146389E-18
  5.2538      0.736657E-05      0.265169E-01     -0.147160E-12      0.289580E-07     -0.160708E-18
  5.2600      0.723525E-05      0.271062E-01     -0.145560E-12      0.290392E-07     -0.155940E-18
  5.2663      0.710449E-05      0.277201E-01     -0.144722E-12      0.291254E-07     -0.152059E-18
  5.2726      0.697435E-05      0.283513E-01     -0.148096E-12      0.292081E-07     -0.152572E-18
  5.2789      0.684487E-05      0.290093E-01     -0.155885E-12      0.292963E-07     -0.157427E-18
  5.2852      0.671610E-05      0.296845E-01     -0.156482E-12      0.293793E-07     -0.154873E-18
  5.2914      0.658808E-05      0.303905E-01     -0.147248E-12      0.294697E-07     -0.142786E-18
  5.2977      0.646087E-05      0.311166E-01     -0.158551E-12      0.295561E-07     -0.150600E-18
  5.3040      0.633449E-05      0.318753E-01     -0.159407E-12      0.296494E-07     -0.148275E-18
  5.3103      0.620899E-05      0.326560E-01     -0.148150E-12      0.297386E-07     -0.134915E-18
  5.3165      0.608441E-05      0.334708E-01     -0.149408E-12      0.298338E-07     -0.133173E-18
  5.3228      0.596080E-05      0.343096E-01     -0.158587E-12      0.299248E-07     -0.138319E-18
  5.3291      0.583818E-05      0.351859E-01     -0.146229E-12      0.300224E-07     -0.124770E-18
  5.3354      0.571660E-05      0.360886E-01     -0.144006E-12      0.301159E-07     -0.120173E-18
  5.3416      0.559608E-05      0.370316E-01     -0.182022E-12      0.302157E-07     -0.148520E-18
  5.3479      0.547667E-05      0.380039E-01     -0.149996E-12      0.303118E-07     -0.119637E-18
  5.3542      0.535839E-05      0.390190E-01     -0.160735E-12      0.304137E-07     -0.125286E-18
  5.3605      0.524128E-05      0.400670E-01     -0.185253E-12      0.305122E-07     -0.141076E-18
  5.3668      0.512537E-05      0.411609E-01     -0.168379E-12      0.306161E-07     -0.125243E-18
  5.3730      0.501068E-05      0.422916E-01     -0.158397E-12      0.307174E-07     -0.115048E-18
  5.3793      0.489725E-05      0.434710E-01     -0.164218E-12      0.308232E-07     -0.116439E-18
  5.3856      0.478510E-05      0.446919E-01     -0.188034E-12      0.309271E-07     -0.130120E-18
  5.3919      0.467425E-05      0.459648E-01     -0.157640E-12      0.310349E-07     -0.106437E-18
  5.3981      0.456472E-05      0.472844E-01     -0.188380E-12      0.311415E-07     -0.124067E-18
  5.4044      0.445655E-05      0.486593E-01     -0.202197E-12      0.312513E-07     -0.129861E-18
  5.4107      0.434975E-05      0.500869E-01     -0.190942E-12      0.313608E-07     -0.119554E-18
  5.4170      0.424433E-05      0.515734E-01     -0.197860E-12      0.314725E-07     -0.120744E-18
  5.4232      0.414033E-05      0.531192E-01     -0.207570E-12      0.315849E-07     -0.123422E-18
  5.4295      0.403775E-05      0.547280E-01     -0.208485E-12      0.316986E-07     -0.120755E-18
  5.4358      0.393661E-05      0.564035E-01     -0.211854E-12      0.318140E-07     -0.119495E-18
  5.4421      0.383693E-05      0.581462E-01     -0.228994E-12      0.319296E-07     -0.125746E-18
  5.4484      0.373872E-05      0.599636E-01     -0.208245E-12      0.320478E-07     -0.111297E-18
  5.4546      0.364199E-05      0.618535E-01     -0.279273E-12      0.321655E-07     -0.145230E-18
  5.4609      0.354676E-05      0.638273E-01     -0.254653E-12      0.322868E-07     -0.128815E-18
  5.4672      0.345302E-05      0.658789E-01     -0.219938E-12      0.324067E-07     -0.108190E-18
  5.4735      0.336080E-05      0.680246E-01     -0.252572E-12      0.325311E-07     -0.120787E-18
  5.4797      0.327009E-05      0.702540E-01     -0.265674E-12      0.326531E-07     -0.123482E-18
  5.4860      0.318091E-05      0.725887E-01     -0.238571E-12      0.327805E-07     -0.107737E-18
  5.4923      0.309326E-05      0.750143E-01     -0.301412E-12      0.329047E-07     -0.132213E-18
  5.4986      0.300714E-05      0.775572E-01     -0.298673E-12      0.330353E-07     -0.127219E-18
  5.5048      0.292255E-05      0.801992E-01     -0.278873E-12      0.331619E-07     -0.115312E-18
  5.5111      0.283950E-05      0.829721E-01     -0.283873E-12      0.332956E-07     -0.113914E-18
  5.5174      0.275799E-05      0.858528E-01     -0.311662E-12      0.334245E-07     -0.121337E-18
  5.5237      0.267802E-05      0.888786E-01     -0.309146E-12      0.335610E-07     -0.116735E-18
  5.5300      0.259958E-05      0.920257E-01     -0.322857E-12      0.336933E-07     -0.118207E-18
  5.5362      0.252268E-05      0.953342E-01     -0.342372E-12      0.338336E-07     -0.121506E-18
  5.5425      0.244730E-05      0.987729E-01     -0.387775E-12      0.339682E-07     -0.133356E-18
  5.5488      0.237346E-05      0.102391E+00     -0.396037E-12      0.341114E-07     -0.131939E-18
  5.5551      0.230113E-05      0.106156E+00     -0.332657E-12      0.342490E-07     -0.107325E-18
  5.5613      0.223031E-05      0.110119E+00     -0.366965E-12      0.343953E-07     -0.114621E-18
  5.5676      0.216100E-05      0.114245E+00     -0.372814E-12      0.345362E-07     -0.112702E-18
  5.5739      0.209319E-05      0.118591E+00     -0.371648E-12      0.346861E-07     -0.108701E-18
  5.5802      0.202687E-05      0.123118E+00     -0.458158E-12      0.348300E-07     -0.129613E-18
  5.5864      0.196203E-05      0.127889E+00     -0.434950E-12      0.349831E-07     -0.118977E-18
  5.5927      0.189866E-05      0.132865E+00     -0.484115E-12      0.351307E-07     -0.128005E-18
  5.5990      0.183675E-05      0.138109E+00     -0.466529E-12      0.352870E-07     -0.119198E-18
  5.6053      0.177628E-05      0.143582E+00     -0.461206E-12      0.354379E-07     -0.113832E-18
  5.6116      0.171725E-05      0.149356E+00     -0.488006E-12      0.355981E-07     -0.116313E-18
  5.6178      0.165964E-05      0.155393E+00     -0.505497E-12      0.357545E-07     -0.116310E-18
  5.6241      0.160344E-05      0.161770E+00     -0.593409E-12      0.359211E-07     -0.131767E-18
  5.6304      0.154863E-05      0.168437E+00     -0.632520E-12      0.360827E-07     -0.135499E-18
  5.6367      0.149519E-05      0.175451E+00     -0.661108E-12      0.362481E-07     -0.136584E-18
  5.6429      0.144312E-05      0.182785E+00     -0.567966E-12      0.364075E-07     -0.113129E-18
  5.6492      0.139239E-05      0.190541E+00     -0.632248E-12      0.365775E-07     -0.121371E-18
  5.6555      0.134299E-05      0.198677E+00     -0.668441E-12      0.367455E-07     -0.123629E-18
  5.6618      0.129491E-05      0.207258E+00     -0.619800E-12      0.369190E-07     -0.110405E-18
  5.6680      0.124812E-05      0.216267E+00     -0.798947E-12      0.370906E-07     -0.137022E-18
  5.6743      0.120260E-05      0.225781E+00     -0.841730E-12      0.372690E-07     -0.138942E-18
  5.6806      0.115834E-05      0.235788E+00     -0.934297E-12      0.374469E-07     -0.148381E-18
  5.6869      0.111532E-05      0.246354E+00     -0.832559E-12      0.376303E-07     -0.127172E-18
  5.6932      0.107352E-05      0.257456E+00     -0.838524E-12      0.378104E-07     -0.123147E-18
  5.6994      0.103292E-05      0.269184E+00     -0.912692E-12      0.379959E-07     -0.128828E-18
  5.7057      0.993501E-06      0.281547E+00     -0.924003E-12      0.381822E-07     -0.125310E-18
  5.7120      0.955242E-06      0.294609E+00     -0.110436E-11      0.383730E-07     -0.143843E-18
  5.7183      0.918125E-06      0.308391E+00     -0.121234E-11      0.385649E-07     -0.151606E-18
  5.7245      0.882128E-06      0.322958E+00     -0.106552E-11      0.387605E-07     -0.127880E-18
  5.7308      0.847230E-06      0.338344E+00     -0.986815E-12      0.389580E-07     -0.113625E-18
  5.7371      0.813412E-06      0.354620E+00     -0.119705E-11      0.391592E-07     -0.132185E-18
  5.7434      0.780652E-06      0.371835E+00     -0.120933E-11      0.393635E-07     -0.128023E-18
  5.7496      0.748930E-06      0.390130E+00     -0.137689E-11      0.395787E-07     -0.139686E-18
  5.7559      0.718224E-06      0.409699E+00     -0.152893E-11      0.398164E-07     -0.148588E-18
  5.7622      0.688513E-06      0.430204E+00     -0.154815E-11      0.400360E-07     -0.144075E-18
  5.7685      0.659776E-06      0.451530E+00     -0.154601E-11      0.402230E-07     -0.137721E-18
  5.7748      0.631993E-06      0.474198E+00     -0.152187E-11      0.404195E-07     -0.129720E-18
  5.7810      0.605141E-06      0.498451E+00     -0.151428E-11      0.406374E-07     -0.123455E-18
  5.7873      0.579200E-06      0.524147E+00     -0.161697E-11      0.408562E-07     -0.126039E-18
  5.7936      0.554149E-06      0.551465E+00     -0.188195E-11      0.410818E-07     -0.140197E-18
  5.7999      0.529967E-06      0.580421E+00     -0.187636E-11      0.413073E-07     -0.133537E-18
  5.8061      0.506633E-06      0.611226E+00     -0.213351E-11      0.415394E-07     -0.144995E-18
  5.8124      0.484126E-06      0.643904E+00     -0.221338E-11      0.417711E-07     -0.143585E-18
  5.8187      0.462426E-06      0.678711E+00     -0.182192E-11      0.420101E-07     -0.112771E-18
  5.8250      0.441511E-06      0.715665E+00     -0.227995E-11      0.422484E-07     -0.134594E-18
  5.8312      0.421362E-06      0.755063E+00     -0.241897E-11      0.424942E-07     -0.136137E-18
  5.8375      0.401958E-06      0.796929E+00     -0.270308E-11      0.427390E-07     -0.144965E-18
  5.8438      0.383280E-06      0.841612E+00     -0.288834E-11      0.429918E-07     -0.147544E-18
  5.8501      0.365307E-06      0.889142E+00     -0.319524E-11      0.432435E-07     -0.155401E-18
  5.8564      0.348020E-06      0.939921E+00     -0.326623E-11      0.435032E-07     -0.151174E-18
  5.8626      0.331400E-06      0.993996E+00     -0.269943E-11      0.437620E-07     -0.118846E-18
  5.8689      0.315427E-06      0.105183E+01     -0.325766E-11      0.440289E-07     -0.136364E-18
  5.8752      0.300082E-06      0.111349E+01     -0.344288E-11      0.442952E-07     -0.136960E-18
  5.8815      0.285347E-06      0.117950E+01     -0.370146E-11      0.445696E-07     -0.139866E-18
  5.8877      0.271203E-06      0.124998E+01     -0.419042E-11      0.448436E-07     -0.150333E-18
  5.8940      0.257632E-06      0.132551E+01     -0.450939E-11      0.451258E-07     -0.153518E-18
  5.9003      0.244617E-06      0.140625E+01     -0.415862E-11      0.454075E-07     -0.134281E-18
  5.9066      0.232140E-06      0.149288E+01     -0.404837E-11      0.456973E-07     -0.123922E-18
  5.9128      0.220183E-06      0.158564E+01     -0.490192E-11      0.459880E-07     -0.142169E-18
  5.9191      0.208730E-06      0.168529E+01     -0.471389E-11      0.462864E-07     -0.129467E-18
  5.9254      0.197764E-06      0.179223E+01     -0.519191E-11      0.465882E-07     -0.134961E-18
  5.9317      0.187269E-06      0.190728E+01     -0.605587E-11      0.468980E-07     -0.148907E-18
  5.9380      0.177228E-06      0.203022E+01     -0.621577E-11      0.471945E-07     -0.144492E-18
  5.9442      0.167627E-06      0.216292E+01     -0.644376E-11      0.475052E-07     -0.141527E-18
  5.9505      0.158450E-06      0.230614E+01     -0.648754E-11      0.478273E-07     -0.134546E-18
  5.9568      0.149682E-06      0.246037E+01     -0.645394E-11      0.481515E-07     -0.126309E-18
  5.9631      0.141308E-06      0.262664E+01     -0.762675E-11      0.484785E-07     -0.140763E-18
  5.9693      0.133314E-06      0.280625E+01     -0.804778E-11      0.488121E-07     -0.139984E-18
  5.9756      0.125686E-06      0.300027E+01     -0.861676E-11      0.491493E-07     -0.141157E-18
  5.9819      0.118411E-06      0.321018E+01     -0.103101E-10      0.494921E-07     -0.158954E-18
  5.9882      0.111476E-06      0.343740E+01     -0.115856E-10      0.498389E-07     -0.167979E-18
  5.9944      0.104866E-06      0.368380E+01     -0.108582E-10      0.501921E-07     -0.147944E-18
  6.0007      0.985713E-07      0.395113E+01     -0.115633E-10      0.505500E-07     -0.147938E-18
  6.0070      0.925779E-07      0.424163E+01     -0.141001E-10      0.509138E-07     -0.169249E-18
  6.0133      0.868745E-07      0.455765E+01     -0.136204E-10      0.512831E-07     -0.153258E-18
  6.0196      0.814497E-07      0.490182E+01     -0.117613E-10      0.516576E-07     -0.123946E-18
  6.0258      0.762921E-07      0.527729E+01     -0.140617E-10      0.520387E-07     -0.138660E-18
  6.0321      0.713911E-07      0.568731E+01     -0.167977E-10      0.524245E-07     -0.154838E-18
  6.0384      0.667362E-07      0.613600E+01     -0.136351E-10      0.528176E-07     -0.117369E-18
  6.0447      0.623173E-07      0.662749E+01     -0.163973E-10      0.532155E-07     -0.131662E-18
  6.0509      0.581245E-07      0.716721E+01     -0.202224E-10      0.536215E-07     -0.151294E-18
  6.0572      0.541485E-07      0.776038E+01     -0.183117E-10      0.540317E-07     -0.127495E-18
  6.0635      0.503800E-07      0.841428E+01     -0.223992E-10      0.544509E-07     -0.144951E-18
  6.0698      0.468103E-07      0.913576E+01     -0.280656E-10      0.548740E-07     -0.168576E-18
  6.0760      0.434310E-07      0.993457E+01     -0.231646E-10      0.553070E-07     -0.128960E-18
  6.0823      0.402337E-07      0.108199E+02     -0.229409E-10      0.557436E-07     -0.118191E-18
  6.0886      0.372107E-07      0.118049E+02     -0.282554E-10      0.561910E-07     -0.134495E-18
  6.0949      0.343544E-07      0.129023E+02     -0.282325E-10      0.566417E-07     -0.123942E-18
  6.1012      0.316576E-07      0.141302E+02     -0.283398E-10      0.571040E-07     -0.114529E-18
  6.1074      0.291133E-07      0.155060E+02     -0.375378E-10      0.575686E-07     -0.139365E-18
  6.1137      0.267149E-07      0.170554E+02     -0.349580E-10      0.580447E-07     -0.118973E-18
  6.1200      0.244559E-07      0.188048E+02     -0.438176E-10      0.585266E-07     -0.136375E-18
  6.1263      0.223303E-07      0.207895E+02     -0.437898E-10      0.590195E-07     -0.124315E-18
  6.1325      0.203324E-07      0.230494E+02     -0.436911E-10      0.595195E-07     -0.112822E-18
  6.1388      0.184564E-07      0.256366E+02     -0.554722E-10      0.600311E-07     -0.129895E-18
  6.1451      0.166973E-07      0.286109E+02     -0.622289E-10      0.605483E-07     -0.131693E-18
  6.1514      0.150500E-07      0.320531E+02     -0.738547E-10      0.610781E-07     -0.140732E-18
  6.1576      0.135097E-07      0.360575E+02     -0.737787E-10      0.616139E-07     -0.126071E-18
  6.1639      0.120720E-07      0.407529E+02     -0.897421E-10      0.621630E-07     -0.136889E-18
  6.1702      0.107326E-07      0.462954E+02     -0.103644E-09      0.627185E-07     -0.140412E-18
  6.1765      0.948756E-08      0.528992E+02     -0.105710E-09      0.632872E-07     -0.126469E-18
  6.1828      0.833314E-08      0.608391E+02     -0.132593E-09      0.638649E-07     -0.139188E-18
  6.1890      0.726582E-08      0.704933E+02     -0.150346E-09      0.644559E-07     -0.137469E-18
  6.1953      0.628233E-08      0.823734E+02     -0.154968E-09      0.650575E-07     -0.122392E-18
  6.2016      0.537962E-08      0.972031E+02     -0.198867E-09      0.656722E-07     -0.134358E-18
  6.2079      0.455488E-08      0.116022E+03     -0.243812E-09      0.663022E-07     -0.139329E-18
  6.2141      0.380551E-08      0.140359E+03     -0.244125E-09      0.669458E-07     -0.116438E-18
  6.2204      0.312914E-08      0.172565E+03     -0.347408E-09      0.676099E-07     -0.136113E-18
  6.2267      0.252362E-08      0.216341E+03     -0.463328E-09      0.682900E-07     -0.146254E-18
  6.2330      0.198701E-08      0.277905E+03     -0.495459E-09      0.690005E-07     -0.123017E-18
  6.2392      0.151756E-08      0.368104E+03     -0.678104E-09      0.697328E-07     -0.128458E-18
  6.2455      0.111377E-08      0.507881E+03     -0.105871E-08      0.705407E-07     -0.147046E-18
  6.2518      0.774308E-09      0.740261E+03     -0.127830E-08      0.714079E-07     -0.123308E-18
  6.2581      0.498076E-09      0.116925E+04     -0.191214E-08      0.724795E-07     -0.118529E-18
  6.2644      0.284166E-09      0.209155E+04     -0.399231E-08      0.738951E-07     -0.141050E-18
  6.2706      0.131874E-09      0.468881E+04     -0.761285E-08      0.768004E-07     -0.124695E-18
  6.2769      0.406993E-10      0.175360E+05     -0.287006E-07      0.885572E-07     -0.144939E-18
