 
 # six columns.
 # Omega (column 1); |pulse ft|^2 (2); cross section (Mb) (3); flux (column 5)
 
  0.0000      0.618230E-09      0.000000E+00      0.000000E+00      0.131556E-06      0.338813E-20
  0.0063      0.617476E-09      0.173704E+01     -0.338179E-13      0.133087E-06     -0.259104E-20
  0.0126      0.615216E-09      0.352717E+01      0.301821E-12      0.134627E-06      0.115200E-19
  0.0188      0.611457E-09      0.538635E+01      0.324452E-12      0.136222E-06      0.820542E-20
  0.0251      0.606214E-09      0.732942E+01      0.661987E-12      0.137830E-06      0.124487E-19
  0.0314      0.599515E-09      0.937577E+01     -0.762117E-12      0.139490E-06     -0.113386E-19
  0.0377      0.591405E-09      0.115428E+02     -0.163469E-12      0.141173E-06     -0.199930E-20
  0.0439      0.581955E-09      0.138529E+02      0.466205E-12      0.142902E-06      0.480923E-20
  0.0502      0.571270E-09      0.163269E+02      0.572879E-12      0.144665E-06      0.507599E-20
  0.0565      0.559501E-09      0.189878E+02      0.258167E-11      0.146467E-06      0.199144E-19
  0.0628      0.546859E-09      0.218575E+02      0.235275E-13      0.148314E-06      0.159646E-21
  0.0690      0.533626E-09      0.249518E+02      0.280419E-11      0.150194E-06      0.168794E-19
  0.0753      0.520170E-09      0.282846E+02     -0.296031E-11      0.152132E-06     -0.159224E-19
  0.0816      0.506967E-09      0.318452E+02      0.228571E-11      0.154094E-06      0.110602E-19
  0.0879      0.494617E-09      0.356153E+02     -0.266187E-11      0.156129E-06     -0.116690E-19
  0.0942      0.483860E-09      0.395200E+02     -0.553405E-11      0.158180E-06     -0.221502E-19
  0.1004      0.475604E-09      0.434658E+02      0.331334E-11      0.160317E-06      0.122208E-19
  0.1067      0.470944E-09      0.472642E+02      0.373189E-11      0.162465E-06      0.128279E-19
  0.1130      0.471186E-09      0.507097E+02      0.547739E-11      0.164709E-06      0.177910E-19
  0.1193      0.477872E-09      0.534999E+02     -0.175784E-11      0.166962E-06     -0.548586E-20
  0.1255      0.492809E-09      0.553798E+02     -0.157676E-11      0.169320E-06     -0.482081E-20
  0.1318      0.518092E-09      0.560847E+02     -0.457794E-11      0.171688E-06     -0.140141E-19
  0.1381      0.556136E-09      0.555259E+02     -0.348474E-11      0.174165E-06     -0.109304E-19
  0.1444      0.609700E-09      0.537080E+02      0.154510E-11      0.176658E-06      0.508220E-20
  0.1506      0.681926E-09      0.508459E+02     -0.157196E-12      0.179262E-06     -0.554211E-21
  0.1569      0.776360E-09      0.472047E+02      0.669984E-11      0.181893E-06      0.258163E-19
  0.1632      0.896989E-09      0.431307E+02     -0.271453E-11      0.184632E-06     -0.116202E-19
  0.1695      0.104827E-08      0.389023E+02      0.101649E-12      0.187410E-06      0.489691E-21
  0.1758      0.123518E-08      0.347658E+02     -0.625275E-11      0.190296E-06     -0.342254E-19
  0.1820      0.146320E-08      0.308654E+02     -0.384276E-11      0.193234E-06     -0.240577E-19
  0.1883      0.173841E-08      0.272982E+02     -0.725696E-12      0.196278E-06     -0.521786E-20
  0.1946      0.206749E-08      0.240942E+02     -0.100517E-11      0.199389E-06     -0.831813E-20
  0.2009      0.245775E-08      0.212596E+02     -0.537449E-12      0.202605E-06     -0.512190E-20
  0.2071      0.291717E-08      0.187718E+02     -0.436218E-11      0.205902E-06     -0.478474E-19
  0.2134      0.345446E-08      0.166025E+02     -0.120361E-11      0.209306E-06     -0.151738E-19
  0.2197      0.407903E-08      0.147159E+02      0.912930E-13      0.212805E-06      0.132018E-20
  0.2260      0.480109E-08      0.130780E+02      0.375901E-13      0.216414E-06      0.622040E-21
  0.2322      0.563165E-08      0.116559E+02      0.399618E-12      0.220134E-06      0.754720E-20
  0.2385      0.658256E-08      0.104200E+02      0.895296E-12      0.223967E-06      0.192435E-19
  0.2448      0.766653E-08      0.934443E+01      0.158615E-11      0.227926E-06      0.386889E-19
  0.2511      0.889717E-08      0.840622E+01     -0.607213E-12      0.232006E-06     -0.167587E-19
  0.2574      0.102890E-07      0.758640E+01      0.720218E-12      0.236229E-06      0.224265E-19
  0.2636      0.118576E-07      0.686766E+01     -0.219503E-12      0.240583E-06     -0.768947E-20
  0.2699      0.136195E-07      0.623635E+01      0.665102E-13      0.245092E-06      0.261389E-20
  0.2762      0.155921E-07      0.567984E+01      0.143575E-12      0.249744E-06      0.631304E-20
  0.2825      0.177940E-07      0.518850E+01      0.186393E-12      0.254571E-06      0.914531E-20
  0.2887      0.202449E-07      0.475297E+01      0.712531E-13      0.259555E-06      0.389106E-20
  0.2950      0.229654E-07      0.436646E+01     -0.505454E-12      0.264736E-06     -0.306454E-19
  0.3013      0.259775E-07      0.402200E+01      0.667631E-12      0.270088E-06      0.448332E-19
  0.3076      0.293041E-07      0.371482E+01     -0.150619E-12      0.275662E-06     -0.111769E-19
  0.3138      0.329693E-07      0.343962E+01     -0.765938E-13      0.281422E-06     -0.626672E-20
  0.3201      0.369985E-07      0.319345E+01     -0.239435E-12      0.287463E-06     -0.215530E-19
  0.3264      0.414182E-07      0.297199E+01     -0.103850E-12      0.293726E-06     -0.102637E-19
  0.3327      0.462560E-07      0.277203E+01     -0.208986E-13      0.300190E-06     -0.226317E-20
  0.3390      0.515409E-07      0.259153E+01     -0.202774E-12      0.306917E-06     -0.240147E-19
  0.3452      0.573031E-07      0.242872E+01      0.219801E-12      0.313978E-06      0.284153E-19
  0.3515      0.635739E-07      0.228104E+01      0.119418E-12      0.321314E-06      0.168215E-19
  0.3578      0.703860E-07      0.214727E+01     -0.470759E-14      0.329007E-06     -0.721301E-21
  0.3641      0.777732E-07      0.202558E+01     -0.389769E-13      0.337022E-06     -0.648510E-20
  0.3703      0.857706E-07      0.191506E+01     -0.499660E-13      0.345441E-06     -0.901296E-20
  0.3766      0.944146E-07      0.181425E+01      0.183016E-13      0.354236E-06      0.357342E-20
  0.3829      0.103743E-06      0.172252E+01     -0.118723E-12      0.363496E-06     -0.250536E-19
  0.3892      0.113794E-06      0.163872E+01      0.210956E-13      0.373198E-06      0.480426E-20
  0.3954      0.124608E-06      0.156239E+01     -0.639036E-13      0.383444E-06     -0.156833E-19
  0.4017      0.136227E-06      0.149259E+01      0.117259E-13      0.394212E-06      0.309696E-20
  0.4080      0.148692E-06      0.142906E+01     -0.481658E-13      0.405631E-06     -0.136716E-19
  0.4143      0.162048E-06      0.137098E+01     -0.899693E-13      0.417673E-06     -0.274095E-19
  0.4206      0.176339E-06      0.131831E+01      0.199391E-13      0.430523E-06      0.651157E-20
  0.4268      0.191611E-06      0.127021E+01     -0.106368E-12      0.444113E-06     -0.371900E-19
  0.4331      0.207911E-06      0.122707E+01      0.718591E-14      0.458778E-06      0.268668E-20
  0.4394      0.225287E-06      0.118772E+01     -0.460670E-14      0.474308E-06     -0.183965E-20
  0.4457      0.243789E-06      0.115370E+01     -0.392339E-13      0.491535E-06     -0.167157E-19
  0.4519      0.263466E-06      0.112252E+01     -0.165566E-13      0.509675E-06     -0.751742E-20
  0.4582      0.284370E-06      0.110272E+01     -0.818425E-13      0.533007E-06     -0.395591E-19
  0.4645      0.306553E-06      0.108198E+01     -0.319273E-14      0.556158E-06     -0.164113E-20
  0.4708      0.330067E-06      0.103961E+01     -0.404752E-13      0.567702E-06     -0.221023E-19
  0.4770      0.354967E-06      0.101820E+01     -0.593762E-14      0.590083E-06     -0.344107E-20
  0.4833      0.381307E-06      0.101036E+01     -0.196437E-13      0.620821E-06     -0.120702E-19
  0.4896      0.409143E-06      0.100394E+01     -0.980122E-14      0.653426E-06     -0.637922E-20
  0.4959      0.438530E-06      0.100466E+01     -0.151414E-13      0.691991E-06     -0.104291E-19
  0.5022      0.469526E-06      0.101463E+01     -0.721497E-13      0.738900E-06     -0.525425E-19
  0.5084      0.502187E-06      0.105415E+01      0.815476E-14      0.810944E-06      0.627334E-20
  0.5147      0.536572E-06      0.116634E+01     -0.148660E-13      0.946987E-06     -0.120702E-19
  0.5210      0.572738E-06      0.116385E+01     -0.370359E-13      0.996509E-06     -0.317108E-19
  0.5273      0.610744E-06      0.122503E+01     -0.246458E-13      0.110518E-05     -0.222346E-19
  0.5335      0.650649E-06      0.171296E+01      0.445898E-14      0.162698E-05      0.423516E-20
  0.5398      0.692512E-06      0.268815E+01     -0.829730E-13      0.268589E-05     -0.829033E-19
  0.5461      0.736392E-06      0.333270E+01     -0.622012E-13      0.350020E-05     -0.653274E-19
  0.5524      0.782349E-06      0.328313E+01     -0.141572E-12      0.362170E-05     -0.156172E-18
  0.5586      0.830442E-06      0.358292E+01     -0.117056E-12      0.414824E-05     -0.135525E-18
  0.5649      0.880731E-06      0.375239E+01     -0.237351E-12      0.455633E-05     -0.288203E-18
  0.5712      0.933273E-06      0.432362E+01     -0.191532E-12      0.550202E-05     -0.243734E-18
  0.5775      0.988128E-06      0.460077E+01     -0.369588E-12      0.613144E-05     -0.492550E-18
  0.5838      0.104536E-05      0.505489E+01     -0.170048E-13      0.705016E-05     -0.237169E-19
  0.5900      0.110501E-05      0.553853E+01      0.900090E-13      0.807868E-05      0.131290E-18
  0.5963      0.116716E-05      0.610960E+01     -0.100570E-12      0.931374E-05     -0.153313E-18
  0.6026      0.123184E-05      0.735547E+01      0.114379E-13      0.117112E-04      0.182112E-19
  0.6089      0.129913E-05      0.835216E+01     -0.275747E-12      0.138799E-04     -0.458245E-18
  0.6151      0.136907E-05      0.117278E+02     -0.148548E-12      0.203293E-04     -0.257498E-18
  0.6214      0.144172E-05      0.148427E+02     -0.718134E-12      0.268204E-04     -0.129765E-17
  0.6277      0.151714E-05      0.383314E+02     -0.108349E-11      0.721584E-04     -0.203966E-17
  0.6340      0.159537E-05      0.634271E+02     -0.409697E-11      0.124314E-03     -0.802987E-17
  0.6402      0.167646E-05      0.423185E+02     -0.184576E-11      0.863040E-04     -0.376421E-17
  0.6465      0.176047E-05      0.131089E+02     -0.305936E-12      0.278013E-04     -0.648827E-18
  0.6528      0.184745E-05      0.563662E+01     -0.316652E-12      0.124241E-04     -0.697955E-18
  0.6591      0.193743E-05      0.524021E+01     -0.190160E-12      0.119976E-04     -0.435375E-18
  0.6654      0.203047E-05      0.568336E+01     -0.412678E-12      0.135084E-04     -0.980864E-18
  0.6716      0.212661E-05      0.657624E+01      0.384687E-13      0.162177E-04      0.948677E-19
  0.6779      0.222589E-05      0.716780E+01     -0.227546E-12      0.183305E-04     -0.581912E-18
  0.6842      0.232835E-05      0.118593E+02     -0.127830E-12      0.314331E-04     -0.338813E-18
  0.6905      0.243403E-05      0.211472E+02      0.176464E-12      0.580621E-04      0.484503E-18
  0.6967      0.254296E-05      0.189661E+02     -0.508938E-12      0.539139E-04     -0.144673E-17
  0.7030      0.265517E-05      0.134116E+02     -0.921443E-13      0.394514E-04     -0.271051E-18
  0.7093      0.277071E-05      0.215561E+02     -0.917633E-12      0.655825E-04     -0.279182E-17
  0.7156      0.288958E-05      0.389900E+02     -0.853195E-12      0.122628E-03     -0.268340E-17
  0.7218      0.301183E-05      0.456556E+02     -0.265448E-11      0.148366E-03     -0.862618E-17
  0.7281      0.313747E-05      0.395626E+02     -0.147598E-11      0.132774E-03     -0.495345E-17
  0.7344      0.326653E-05      0.389032E+02     -0.288128E-11      0.134770E-03     -0.998144E-17
  0.7407      0.339901E-05      0.442866E+02     -0.233763E-11      0.158289E-03     -0.835513E-17
  0.7470      0.353495E-05      0.456186E+02     -0.147075E-11      0.168145E-03     -0.542101E-17
  0.7532      0.367434E-05      0.459550E+02     -0.312657E-11      0.174597E-03     -0.118788E-16
  0.7595      0.381720E-05      0.452312E+02      0.436240E-12      0.177053E-03      0.170762E-17
  0.7658      0.396353E-05      0.387307E+02     -0.103212E-11      0.156129E-03     -0.416063E-17
  0.7721      0.411333E-05      0.388490E+02     -0.230258E-12      0.161204E-03     -0.955453E-18
  0.7783      0.426661E-05      0.436890E+02     -0.186016E-11      0.186526E-03     -0.794178E-17
  0.7846      0.442335E-05      0.449531E+02     -0.956828E-12      0.197382E-03     -0.420128E-17
  0.7909      0.458356E-05      0.453834E+02     -0.262718E-11      0.204850E-03     -0.118585E-16
  0.7972      0.474721E-05      0.455363E+02     -0.169183E-11      0.211203E-03     -0.784691E-17
  0.8034      0.491430E-05      0.455003E+02     -0.736820E-12      0.216757E-03     -0.351010E-17
  0.8097      0.508480E-05      0.455140E+02     -0.239133E-11      0.222606E-03     -0.116958E-16
  0.8160      0.525870E-05      0.453593E+02     -0.143915E-11      0.227671E-03     -0.722350E-17
  0.8223      0.543596E-05      0.449710E+02     -0.307434E-11      0.231550E-03     -0.158294E-16
  0.8286      0.561656E-05      0.444226E+02     -0.208950E-11      0.234535E-03     -0.110318E-16
  0.8348      0.580045E-05      0.435221E+02     -0.360633E-11      0.235519E-03     -0.195156E-16
  0.8411      0.598762E-05      0.426525E+02     -0.264479E-11      0.236483E-03     -0.146638E-16
  0.8474      0.617800E-05      0.414668E+02     -0.406218E-11      0.235463E-03     -0.230664E-16
  0.8537      0.637156E-05      0.404300E+02     -0.836953E-12      0.235027E-03     -0.486536E-17
  0.8599      0.656825E-05      0.391092E+02      0.455632E-14      0.232656E-03      0.271051E-19
  0.8662      0.676801E-05      0.379300E+02     -0.138746E-11      0.230819E-03     -0.844322E-17
  0.8725      0.697079E-05      0.365361E+02     -0.559731E-12      0.227350E-03     -0.348300E-17
  0.8788      0.717651E-05      0.352288E+02     -0.180686E-11      0.224073E-03     -0.114925E-16
  0.8850      0.738513E-05      0.338374E+02     -0.102598E-11      0.219909E-03     -0.666784E-17
  0.8913      0.759656E-05      0.324460E+02     -0.214783E-11      0.215376E-03     -0.142573E-16
  0.8976      0.781074E-05      0.311146E+02     -0.142376E-11      0.210876E-03     -0.964940E-17
  0.9039      0.802758E-05      0.296295E+02     -0.742559E-12      0.204952E-03     -0.513641E-17
  0.9102      0.824700E-05      0.283231E+02     -0.174562E-11      0.199883E-03     -0.123192E-16
  0.9164      0.846892E-05      0.265194E+02     -0.106763E-11      0.190873E-03     -0.768428E-17
  0.9227      0.869325E-05      0.249506E+02     -0.190602E-11      0.183085E-03     -0.139862E-16
  0.9290      0.891989E-05      0.221678E+02     -0.123051E-11      0.165778E-03     -0.920217E-17
  0.9353      0.914875E-05      0.265413E+02     -0.242812E-11      0.202210E-03     -0.184992E-16
  0.9415      0.937972E-05      0.334715E+02     -0.475099E-12      0.259705E-03     -0.368629E-17
  0.9478      0.961270E-05      0.306792E+02     -0.154243E-11      0.242336E-03     -0.121837E-16
  0.9541      0.984757E-05      0.276206E+02     -0.827769E-12      0.222037E-03     -0.665429E-17
  0.9604      0.100842E-04      0.265298E+02     -0.233658E-12      0.216966E-03     -0.191091E-17
  0.9666      0.103226E-04      0.252677E+02     -0.114063E-11      0.210155E-03     -0.948677E-17
  0.9729      0.105625E-04      0.246189E+02     -0.599448E-12      0.208165E-03     -0.506865E-17
  0.9792      0.108038E-04      0.238126E+02     -0.143360E-11      0.204627E-03     -0.123192E-16
  0.9855      0.110464E-04      0.233612E+02     -0.926761E-12      0.203949E-03     -0.809086E-17
  0.9918      0.112902E-04      0.229346E+02     -0.173792E-11      0.203348E-03     -0.154092E-16
  0.9980      0.115350E-04      0.233725E+02     -0.129929E-11      0.210393E-03     -0.116958E-16
  1.0043      0.117807E-04      0.230501E+02     -0.210348E-11      0.210587E-03     -0.192175E-16
  1.0106      0.120272E-04      0.220780E+02     -0.155713E-11      0.204646E-03     -0.144334E-16
  1.0169      0.122743E-04      0.219328E+02     -0.109270E-11      0.206197E-03     -0.102728E-16
  1.0231      0.125218E-04      0.221611E+02     -0.189808E-11      0.211241E-03     -0.180926E-16
  1.0294      0.127697E-04      0.223728E+02     -0.186564E-12      0.216155E-03     -0.180249E-17
  1.0357      0.130178E-04      0.221366E+02     -0.984304E-12      0.216706E-03     -0.963585E-17
  1.0420      0.132659E-04      0.219203E+02     -0.177539E-11      0.217361E-03     -0.176047E-16
  1.0482      0.135139E-04      0.219467E+02     -0.661373E-13      0.220363E-03     -0.664074E-18
  1.0545      0.137615E-04      0.217093E+02     -0.846700E-12      0.220653E-03     -0.860585E-17
  1.0608      0.140088E-04      0.214578E+02     -0.161017E-11      0.220701E-03     -0.165612E-16
  1.0671      0.142554E-04      0.212775E+02      0.586133E-13      0.221389E-03      0.609864E-18
  1.0734      0.145012E-04      0.211341E+02     -0.710958E-12      0.222382E-03     -0.748099E-17
  1.0796      0.147461E-04      0.209907E+02     -0.146253E-11      0.223297E-03     -0.155583E-16
  1.0859      0.149900E-04      0.208071E+02     -0.220974E-11      0.223703E-03     -0.237576E-16
  1.0922      0.152325E-04      0.206468E+02     -0.587641E-12      0.224276E-03     -0.638324E-17
  1.0985      0.154736E-04      0.204671E+02     -0.130938E-11      0.224552E-03     -0.143657E-16
  1.1047      0.157131E-04      0.203292E+02     -0.203327E-11      0.225205E-03     -0.225243E-16
  1.1110      0.159509E-04      0.201652E+02     -0.274154E-11      0.225486E-03     -0.306558E-16
  1.1173      0.161867E-04      0.200245E+02     -0.117467E-11      0.225947E-03     -0.132544E-16
  1.1236      0.164204E-04      0.198550E+02     -0.188241E-11      0.226000E-03     -0.214265E-16
  1.1298      0.166518E-04      0.196998E+02     -0.258446E-11      0.226129E-03     -0.296665E-16
  1.1361      0.168808E-04      0.195268E+02     -0.103878E-11      0.225971E-03     -0.120211E-16
  1.1424      0.171071E-04      0.193617E+02     -0.172441E-11      0.225817E-03     -0.201120E-16
  1.1487      0.173307E-04      0.191882E+02     -0.240236E-11      0.225479E-03     -0.282299E-16
  1.1550      0.175513E-04      0.190104E+02     -0.306414E-11      0.225003E-03     -0.362666E-16
  1.1612      0.177688E-04      0.188297E+02      0.566313E-12      0.224407E-03      0.674916E-17
  1.1675      0.179830E-04      0.186315E+02     -0.110711E-12      0.223514E-03     -0.132815E-17
  1.1738      0.181937E-04      0.184373E+02     -0.786958E-12      0.222579E-03     -0.950032E-17
  1.1801      0.184008E-04      0.182154E+02      0.645003E-12      0.221220E-03      0.783336E-17
  1.1863      0.186042E-04      0.180078E+02     -0.155344E-13      0.219946E-03     -0.189735E-18
  1.1926      0.188036E-04      0.177707E+02     -0.655562E-12      0.218221E-03     -0.805020E-17
  1.1989      0.189988E-04      0.175741E+02     -0.127812E-11      0.216907E-03     -0.157751E-16
  1.2052      0.191899E-04      0.173922E+02      0.797748E-13      0.215691E-03      0.989334E-18
  1.2114      0.193765E-04      0.173930E+02     -0.548311E-12      0.216670E-03     -0.683047E-17
  1.2177      0.195585E-04      0.178096E+02     -0.121555E-11      0.222789E-03     -0.152059E-16
  1.2240      0.197358E-04      0.194945E+02      0.191014E-12      0.244816E-03      0.239880E-17
  1.2303      0.199083E-04      0.237960E+02     -0.625834E-12      0.299908E-03     -0.788757E-17
  1.2366      0.200757E-04      0.279909E+02     -0.174701E-11      0.353939E-03     -0.220906E-16
  1.2428      0.202380E-04      0.281305E+02     -0.276551E-11      0.356769E-03     -0.350739E-16
  1.2491      0.203950E-04      0.257238E+02     -0.537122E-12      0.327124E-03     -0.683047E-17
  1.2554      0.205466E-04      0.234949E+02     -0.133747E-11      0.299496E-03     -0.170491E-16
  1.2617      0.206927E-04      0.220219E+02     -0.206036E-11      0.281308E-03     -0.263190E-16
  1.2679      0.208330E-04      0.209173E+02     -0.270691E-11      0.267678E-03     -0.346403E-16
  1.2742      0.209676E-04      0.201729E+02     -0.105322E-11      0.258540E-03     -0.134983E-16
  1.2805      0.210962E-04      0.197900E+02     -0.174376E-11      0.253937E-03     -0.223752E-16
  1.2868      0.212188E-04      0.201811E+02     -0.250300E-11      0.259191E-03     -0.321466E-16
  1.2930      0.213353E-04      0.225925E+02     -0.105037E-11      0.290338E-03     -0.134983E-16
  1.2993      0.214455E-04      0.252589E+02     -0.208743E-11      0.324704E-03     -0.268340E-16
  1.3056      0.215494E-04      0.248170E+02     -0.296032E-11      0.319027E-03     -0.380555E-16
  1.3119      0.216469E-04      0.221075E+02     -0.342516E-11      0.284115E-03     -0.440186E-16
  1.3182      0.217378E-04      0.203853E+02     -0.157219E-11      0.261831E-03     -0.201933E-16
  1.3244      0.218221E-04      0.195915E+02     -0.221673E-11      0.251413E-03     -0.284468E-16
  1.3307      0.218997E-04      0.189414E+02     -0.281991E-11      0.242784E-03     -0.361446E-16
  1.3370      0.219705E-04      0.185110E+02     -0.132680E-11      0.236918E-03     -0.169813E-16
  1.3433      0.220345E-04      0.181176E+02      0.107138E-12      0.231471E-03      0.136881E-17
  1.3495      0.220916E-04      0.178021E+02     -0.548497E-12      0.226969E-03     -0.699310E-17
  1.3558      0.221417E-04      0.175092E+02     -0.116460E-11      0.222705E-03     -0.148129E-16
  1.3621      0.221848E-04      0.172459E+02      0.199783E-12      0.218771E-03      0.253432E-17
  1.3684      0.222209E-04      0.170051E+02     -0.414686E-12      0.215076E-03     -0.524483E-17
  1.3746      0.222499E-04      0.167724E+02     -0.101163E-11      0.211440E-03     -0.127529E-16
  1.3809      0.222717E-04      0.165650E+02      0.281594E-12      0.208079E-03      0.353721E-17
  1.3872      0.222864E-04      0.163556E+02     -0.313014E-12      0.204654E-03     -0.391668E-17
  1.3935      0.222939E-04      0.161747E+02     -0.899470E-12      0.201547E-03     -0.112079E-16
  1.3998      0.222942E-04      0.159893E+02     -0.145960E-11      0.198345E-03     -0.181062E-16
  1.4060      0.222872E-04      0.158366E+02     -0.212964E-12      0.195514E-03     -0.262919E-17
  1.4123      0.222731E-04      0.156851E+02     -0.780072E-12      0.192660E-03     -0.958164E-17
  1.4186      0.222517E-04      0.155769E+02     -0.133119E-11      0.190302E-03     -0.162630E-16
  1.4249      0.222232E-04      0.154841E+02     -0.188659E-11      0.188094E-03     -0.229173E-16
  1.4311      0.221875E-04      0.154588E+02     -0.688021E-12      0.186662E-03     -0.830770E-17
  1.4374      0.221445E-04      0.155262E+02     -0.125599E-11      0.186296E-03     -0.150704E-16
  1.4437      0.220945E-04      0.157878E+02     -0.184193E-11      0.188185E-03     -0.219551E-16
  1.4500      0.220373E-04      0.164185E+02     -0.639998E-12      0.194351E-03     -0.757586E-17
  1.4562      0.219731E-04      0.136897E+02     -0.103097E-11      0.160881E-03     -0.121160E-16
  1.4625      0.219018E-04      0.105901E+02     -0.117822E-11      0.123519E-03     -0.137423E-16
  1.4688      0.218236E-04      0.111337E+02     -0.164192E-11      0.128842E-03     -0.190006E-16
  1.4751      0.217385E-04      0.116945E+02     -0.817069E-12      0.134230E-03     -0.937835E-17
  1.4814      0.216465E-04      0.119184E+02     -0.126820E-11      0.135643E-03     -0.144334E-16
  1.4876      0.215477E-04      0.120359E+02     -0.171189E-11      0.135780E-03     -0.193124E-16
  1.4939      0.214422E-04      0.120906E+02     -0.779530E-12      0.135159E-03     -0.871427E-17
  1.5002      0.213300E-04      0.121707E+02     -0.122627E-11      0.134778E-03     -0.135796E-16
  1.5065      0.212114E-04      0.122915E+02     -0.167825E-11      0.134794E-03     -0.184043E-16
  1.5127      0.210862E-04      0.125436E+02     -0.216961E-11      0.136179E-03     -0.235543E-16
  1.5190      0.209548E-04      0.130782E+02      0.238401E-12      0.140515E-03      0.256143E-17
  1.5253      0.208170E-04      0.141024E+02     -0.256270E-12      0.149904E-03     -0.272406E-17
  1.5316      0.206731E-04      0.171597E+02     -0.924307E-12      0.180399E-03     -0.971716E-17
  1.5378      0.205232E-04      0.207034E+02     -0.185932E-11      0.215193E-03     -0.193259E-16
  1.5441      0.203674E-04      0.190810E+02     -0.236139E-12      0.196023E-03     -0.242590E-17
  1.5504      0.202057E-04      0.155136E+02     -0.745024E-12      0.157469E-03     -0.756231E-17
  1.5567      0.200384E-04      0.154455E+02     -0.130716E-11      0.154853E-03     -0.131053E-16
  1.5630      0.198656E-04      0.181744E+02     -0.127319E-12      0.179915E-03     -0.126039E-17
  1.5692      0.196873E-04      0.219266E+02     -0.951461E-12      0.214252E-03     -0.929703E-17
  1.5755      0.195038E-04      0.204351E+02     -0.162068E-11      0.197029E-03     -0.156261E-16
  1.5818      0.193152E-04      0.175222E+02     -0.201210E-11      0.166646E-03     -0.191362E-16
  1.5881      0.191216E-04      0.203116E+02     -0.755808E-12      0.190482E-03     -0.708797E-17
  1.5943      0.189232E-04      0.223024E+02     -0.163320E-11      0.206167E-03     -0.150975E-16
  1.6006      0.187201E-04      0.221564E+02     -0.242810E-11      0.201824E-03     -0.221177E-16
  1.6069      0.185125E-04      0.212031E+02     -0.679674E-12      0.190252E-03     -0.609864E-17
  1.6132      0.183006E-04      0.196195E+02     -0.134825E-11      0.173351E-03     -0.119127E-16
  1.6194      0.180845E-04      0.185813E+02     -0.193686E-11      0.161610E-03     -0.168458E-16
  1.6257      0.178643E-04      0.182787E+02     -0.255899E-11      0.156437E-03     -0.219009E-16
  1.6320      0.176403E-04      0.190203E+02     -0.118805E-11      0.160125E-03     -0.100018E-16
  1.6383      0.174127E-04      0.197443E+02     -0.194166E-11      0.163446E-03     -0.160733E-16
  1.6446      0.171816E-04      0.200558E+02     -0.270315E-11      0.163195E-03     -0.219958E-16
  1.6508      0.169471E-04      0.197295E+02     -0.112719E-11      0.157748E-03     -0.901243E-17
  1.6571      0.167095E-04      0.193256E+02     -0.181194E-11      0.151775E-03     -0.142302E-16
  1.6634      0.164689E-04      0.197094E+02     -0.255013E-11      0.151985E-03     -0.196647E-16
  1.6697      0.162256E-04      0.196893E+02     -0.325708E-11      0.149024E-03     -0.246520E-16
  1.6759      0.159796E-04      0.187218E+02     -0.164613E-11      0.139031E-03     -0.122244E-16
  1.6822      0.157313E-04      0.178513E+02     -0.220683E-11      0.130018E-03     -0.160733E-16
  1.6885      0.154807E-04      0.170349E+02     -0.272351E-11      0.121642E-03     -0.194479E-16
  1.6948      0.152280E-04      0.163053E+02     -0.319825E-11      0.114107E-03     -0.223820E-16
  1.7010      0.149735E-04      0.156504E+02     -0.859902E-13      0.107297E-03     -0.589535E-18
  1.7073      0.147173E-04      0.150420E+02     -0.618707E-12      0.100989E-03     -0.415385E-17
  1.7136      0.144596E-04      0.145010E+02     -0.112181E-11      0.953009E-04     -0.737257E-17
  1.7199      0.142006E-04      0.139735E+02      0.737607E-14      0.898607E-04      0.474338E-19
  1.7261      0.139405E-04      0.135372E+02     -0.479400E-12      0.851494E-04     -0.301544E-17
  1.7324      0.136794E-04      0.130757E+02     -0.937679E-12      0.804136E-04     -0.576660E-17
  1.7387      0.134176E-04      0.128314E+02     -0.138561E-11      0.771214E-04     -0.832803E-17
  1.7450      0.131552E-04      0.126104E+02     -0.388920E-12      0.740435E-04     -0.228360E-17
  1.7513      0.128924E-04      0.122226E+02     -0.813097E-12      0.700807E-04     -0.466207E-17
  1.7575      0.126294E-04      0.118947E+02     -0.122529E-11      0.665707E-04     -0.685758E-17
  1.7638      0.123663E-04      0.116479E+02     -0.295343E-12      0.636044E-04     -0.161275E-17
  1.7701      0.121034E-04      0.113715E+02     -0.697279E-12      0.605593E-04     -0.371339E-17
  1.7764      0.118408E-04      0.110901E+02     -0.107813E-11      0.575752E-04     -0.559719E-17
  1.7826      0.115786E-04      0.108370E+02     -0.144868E-11      0.548216E-04     -0.732853E-17
  1.7889      0.113171E-04      0.105693E+02     -0.607190E-12      0.520764E-04     -0.299172E-17
  1.7952      0.110564E-04      0.103017E+02     -0.946480E-12      0.494155E-04     -0.454010E-17
  1.8015      0.107967E-04      0.100429E+02     -0.129491E-11      0.468785E-04     -0.604443E-17
  1.8077      0.105381E-04      0.980811E+01     -0.501482E-12      0.445307E-04     -0.227682E-17
  1.8140      0.102807E-04      0.960208E+01     -0.833598E-12      0.423837E-04     -0.367951E-17
  1.8203      0.100249E-04      0.949303E+01     -0.116668E-11      0.407186E-04     -0.500427E-17
  1.8266      0.977059E-05      0.960358E+01     -0.152973E-11      0.400099E-04     -0.637308E-17
  1.8329      0.951806E-05      0.101673E+02     -0.842725E-12      0.411222E-04     -0.340846E-17
  1.8391      0.926740E-05      0.111840E+02     -0.131740E-11      0.438929E-04     -0.517029E-17
  1.8454      0.901877E-05      0.121594E+02     -0.185859E-11      0.462827E-04     -0.707442E-17
  1.8517      0.877229E-05      0.125479E+02     -0.237552E-11      0.462986E-04     -0.876510E-17
  1.8580      0.852811E-05      0.124012E+02     -0.138371E-11      0.443333E-04     -0.494667E-17
  1.8642      0.828633E-05      0.120442E+02     -0.177633E-11      0.416956E-04     -0.614946E-17
  1.8705      0.804710E-05      0.116596E+02     -0.214573E-11      0.390672E-04     -0.718962E-17
  1.8768      0.781053E-05      0.113067E+02      0.731716E-13      0.366480E-04      0.237169E-18
  1.8831      0.757673E-05      0.109983E+02     -0.315701E-12      0.344662E-04     -0.989334E-18
  1.8893      0.734581E-05      0.107283E+02     -0.692581E-12      0.324871E-04     -0.209725E-17
  1.8956      0.711788E-05      0.104917E+02     -0.105195E-11      0.306830E-04     -0.307642E-17
  1.9019      0.689304E-05      0.102813E+02     -0.231055E-12      0.290217E-04     -0.652215E-18
  1.9082      0.667139E-05      0.100917E+02     -0.587291E-12      0.274798E-04     -0.159920E-17
  1.9145      0.645301E-05      0.992031E+01     -0.948590E-12      0.260432E-04     -0.249028E-17
  1.9207      0.623799E-05      0.976160E+01     -0.184176E-12      0.246917E-04     -0.465868E-18
  1.9270      0.602642E-05      0.961717E+01     -0.512590E-12      0.234248E-04     -0.124853E-17
  1.9333      0.581837E-05      0.948005E+01     -0.851370E-12      0.222212E-04     -0.199561E-17
  1.9396      0.561391E-05      0.935519E+01     -0.118207E-11      0.210895E-04     -0.266477E-17
  1.9458      0.541312E-05      0.923392E+01     -0.451142E-12      0.200068E-04     -0.977476E-18
  1.9521      0.521605E-05      0.912408E+01     -0.766820E-12      0.189879E-04     -0.159581E-17
  1.9584      0.502276E-05      0.901531E+01     -0.108384E-11      0.180084E-04     -0.216502E-17
  1.9647      0.483330E-05      0.891787E+01     -0.141640E-11      0.170870E-04     -0.271389E-17
  1.9709      0.464772E-05      0.881975E+01     -0.698247E-12      0.161984E-04     -0.128241E-17
  1.9772      0.446606E-05      0.873363E+01     -0.101256E-11      0.153644E-04     -0.178131E-17
  1.9835      0.428837E-05      0.864580E+01     -0.131541E-11      0.145585E-04     -0.221499E-17
  1.9898      0.411466E-05      0.857224E+01     -0.625317E-12      0.138063E-04     -0.100712E-17
  1.9961      0.394498E-05      0.849671E+01     -0.923903E-12      0.130790E-04     -0.142217E-17
  2.0023      0.377934E-05      0.844348E+01     -0.123132E-11      0.124123E-04     -0.181011E-17
  2.0086      0.361777E-05      0.836385E+01     -0.154214E-11      0.117329E-04     -0.216332E-17
  2.0149      0.346027E-05      0.818820E+01     -0.858080E-12      0.109522E-04     -0.114773E-17
  2.0212      0.330686E-05      0.806117E+01     -0.114929E-11      0.102722E-04     -0.146452E-17
  2.0274      0.315754E-05      0.804485E+01     -0.143223E-11      0.975824E-05     -0.173726E-17
  2.0337      0.301231E-05      0.802102E+01     -0.791511E-12      0.925319E-05     -0.913102E-18
  2.0400      0.287117E-05      0.801534E+01     -0.108566E-11      0.878628E-05     -0.119008E-17
  2.0463      0.273411E-05      0.802020E+01     -0.139307E-11      0.834624E-05     -0.144970E-17
  2.0525      0.260112E-05      0.806986E+01     -0.798542E-12      0.796499E-05     -0.788164E-18
  2.0588      0.247217E-05      0.816262E+01     -0.136309E-12      0.763381E-05     -0.127478E-18
  2.0651      0.234726E-05      0.831366E+01     -0.136968E-11      0.735977E-05     -0.121253E-17
  2.0714      0.222635E-05      0.848098E+01     -0.753319E-12      0.709958E-05     -0.630616E-18
  2.0777      0.210942E-05      0.857515E+01     -0.937275E-13      0.678083E-05     -0.741154E-19
  2.0839      0.199643E-05      0.856515E+01     -0.136566E-11      0.639083E-05     -0.101898E-17
  2.0902      0.188735E-05      0.844810E+01     -0.689543E-12      0.594119E-05     -0.484926E-18
  2.0965      0.178214E-05      0.830279E+01     -0.857182E-13      0.549700E-05     -0.567512E-19
  2.1028      0.168076E-05      0.815574E+01     -0.125108E-11      0.507727E-05     -0.778847E-18
  2.1090      0.158316E-05      0.802655E+01     -0.626606E-12      0.469268E-05     -0.366342E-18
  2.1153      0.148929E-05      0.791435E+01      0.154470E-13      0.433982E-05      0.847033E-20
  2.1216      0.139911E-05      0.781714E+01     -0.117007E-11      0.401503E-05     -0.600970E-18
  2.1279      0.131255E-05      0.773273E+01     -0.521877E-12      0.371498E-05     -0.250722E-18
  2.1341      0.122957E-05      0.766700E+01      0.773934E-13      0.344037E-05      0.347284E-19
  2.1404      0.115009E-05      0.765650E+01     -0.115167E-11      0.320417E-05     -0.481962E-18
  2.1467      0.107407E-05      0.789879E+01     -0.522761E-12      0.307803E-05     -0.203711E-18
  2.1530      0.100143E-05      0.841592E+01     -0.185998E-11      0.304883E-05     -0.673815E-18
  2.1593      0.932103E-06      0.866861E+01     -0.124267E-11      0.291448E-05     -0.417799E-18
  2.1655      0.866031E-06      0.846947E+01     -0.530291E-12      0.263801E-05     -0.165171E-18
  2.1718      0.803138E-06      0.829501E+01     -0.170940E-11      0.238912E-05     -0.492338E-18
  2.1781      0.743353E-06      0.820528E+01     -0.112368E-11      0.218105E-05     -0.298685E-18
  2.1844      0.686603E-06      0.816355E+01     -0.543641E-12      0.199854E-05     -0.133090E-18
  2.1906      0.632812E-06      0.815189E+01     -0.167252E-11      0.183406E-05     -0.376294E-18
  2.1969      0.581906E-06      0.816988E+01     -0.106189E-11      0.168542E-05     -0.219064E-18
  2.2032      0.533806E-06      0.820277E+01     -0.329356E-12      0.154790E-05     -0.621510E-19
  2.2095      0.488434E-06      0.826167E+01     -0.169419E-11      0.142245E-05     -0.291697E-18
  2.2157      0.445711E-06      0.833184E+01     -0.873823E-12      0.130535E-05     -0.136902E-18
  2.2220      0.405558E-06      0.842924E+01     -0.218047E-11      0.119824E-05     -0.309961E-18
  2.2283      0.367894E-06      0.853641E+01     -0.189422E-11      0.109768E-05     -0.243575E-18
  2.2346      0.332639E-06      0.868667E+01     -0.929668E-12      0.100713E-05     -0.107785E-18
  2.2409      0.299712E-06      0.885955E+01     -0.217359E-11      0.922900E-06     -0.226422E-18
  2.2471      0.269031E-06      0.906423E+01     -0.151588E-11      0.845195E-06     -0.141349E-18
  2.2534      0.240516E-06      0.930019E+01     -0.112337E-11      0.773121E-06     -0.933854E-19
  2.2597      0.214084E-06      0.958433E+01     -0.229727E-11      0.707214E-06     -0.169512E-18
  2.2660      0.189656E-06      0.991621E+01     -0.182968E-11      0.646416E-06     -0.119273E-18
  2.2722      0.167151E-06      0.103137E+02     -0.149042E-11      0.590908E-06     -0.853915E-19
  2.2785      0.146488E-06      0.107866E+02     -0.219855E-11      0.540116E-06     -0.110088E-18
  2.2848      0.127588E-06      0.113532E+02     -0.244598E-11      0.493783E-06     -0.106382E-18
  2.2911      0.110373E-06      0.120401E+02     -0.136366E-11      0.451759E-06     -0.511661E-19
  2.2973      0.947636E-07      0.128711E+02     -0.356096E-11      0.413508E-06     -0.114402E-18
  2.3036      0.806833E-07      0.138996E+02     -0.249087E-11      0.379165E-06     -0.679479E-19
  2.3099      0.680557E-07      0.151462E+02     -0.479867E-11      0.347557E-06     -0.110114E-18
  2.3162      0.568056E-07      0.167300E+02     -0.495815E-11      0.319571E-06     -0.947089E-19
  2.3225      0.468590E-07      0.187234E+02      0.164821E-11      0.294227E-06      0.259007E-19
  2.3287      0.381434E-07      0.213394E+02     -0.254798E-11      0.272229E-06     -0.325049E-19
  2.3350      0.305871E-07      0.247242E+02     -0.188099E-12      0.252247E-06     -0.191906E-20
  2.3413      0.241204E-07      0.293139E+02      0.166759E-11      0.235210E-06      0.133805E-19
  2.3476      0.186746E-07      0.354776E+02     -0.267020E-11      0.219807E-06     -0.165436E-19
  2.3538      0.141829E-07      0.441020E+02      0.160752E-12      0.206965E-06      0.754389E-21
  2.3601      0.105798E-07      0.559777E+02      0.165655E-11      0.195440E-06      0.578365E-20
  2.3664      0.780192E-08      0.724747E+02     -0.362849E-11      0.186103E-06     -0.931736E-20
  2.3727      0.578718E-08      0.936330E+02     -0.155361E-11      0.177873E-06     -0.295138E-20
  2.3789      0.447551E-08      0.117105E+03     -0.885641E-11      0.171588E-06     -0.129768E-19
  2.3852      0.380863E-08      0.133751E+03     -0.531574E-11      0.166337E-06     -0.661083E-20
  2.3915      0.373012E-08      0.133789E+03      0.301511E-10      0.162527E-06      0.366276E-19
  2.3978      0.418548E-08      0.117171E+03     -0.136386E-10      0.159298E-06     -0.185421E-19
  2.4041      0.512215E-08      0.946270E+02     -0.809916E-11      0.157027E-06     -0.134400E-19
  2.4103      0.648953E-08      0.740870E+02      0.138916E-10      0.155357E-06      0.291300E-19
  2.4166      0.823902E-08      0.582092E+02     -0.110027E-10      0.154566E-06     -0.292160E-19
  2.4229      0.103240E-07      0.465227E+02     -0.331001E-11      0.154395E-06     -0.109850E-19
  2.4292      0.127000E-07      0.380091E+02     -0.175678E-11      0.154770E-06     -0.715346E-20
  2.4354      0.153243E-07      0.317744E+02     -0.335012E-11      0.155716E-06     -0.164179E-19
  2.4417      0.181566E-07      0.270879E+02     -0.354210E-13      0.156880E-06     -0.205141E-21
  2.4480      0.211583E-07      0.235757E+02     -0.101744E-11      0.158704E-06     -0.684906E-20
  2.4543      0.242929E-07      0.208310E+02     -0.880699E-12      0.160590E-06     -0.678950E-20
  2.4605      0.275262E-07      0.187088E+02     -0.264227E-11      0.163009E-06     -0.230221E-19
  2.4668      0.308257E-07      0.169984E+02     -0.318886E-11      0.165438E-06     -0.310358E-19
  2.4731      0.341610E-07      0.156363E+02     -0.140921E-11      0.168219E-06     -0.151606E-19
  2.4794      0.375037E-07      0.144980E+02      0.134416E-11      0.170801E-06      0.158355E-19
  2.4857      0.408273E-07      0.135729E+02     -0.183635E-11      0.173634E-06     -0.234919E-19
  2.4919      0.441074E-07      0.127788E+02     -0.247356E-11      0.176164E-06     -0.340997E-19
  2.4982      0.473212E-07      0.121301E+02      0.121333E-11      0.178955E-06      0.179002E-19
  2.5045      0.504481E-07      0.115631E+02     -0.279403E-11      0.181406E-06     -0.438340E-19
  2.5108      0.534692E-07      0.110971E+02     -0.141195E-11      0.184060E-06     -0.234191E-19
  2.5170      0.563672E-07      0.106824E+02     -0.833930E-12      0.186318E-06     -0.145451E-19
  2.5233      0.591268E-07      0.103441E+02     -0.251860E-11      0.188781E-06     -0.459648E-19
  2.5296      0.617344E-07      0.100148E+02     -0.148832E-11      0.190357E-06     -0.282896E-19
  2.5359      0.641779E-07      0.973543E+01     -0.297886E-11      0.191896E-06     -0.587166E-19
  2.5421      0.664469E-07      0.952253E+01     -0.187235E-11      0.193856E-06     -0.381165E-19
  2.5484      0.685326E-07      0.934128E+01     -0.147957E-11      0.195652E-06     -0.309895E-19
  2.5547      0.704276E-07      0.917638E+01     -0.264899E-11      0.197027E-06     -0.568769E-19
  2.5610      0.721261E-07      0.904033E+01     -0.132952E-11      0.198300E-06     -0.291631E-19
  2.5673      0.736235E-07      0.892449E+01     -0.944811E-12      0.199335E-06     -0.211030E-19
  2.5735      0.749168E-07      0.883187E+01     -0.172962E-11      0.200242E-06     -0.392150E-19
  2.5798      0.760039E-07      0.876175E+01     -0.124356E-11      0.201044E-06     -0.285344E-19
  2.5861      0.768843E-07      0.871552E+01     -0.475264E-12      0.201809E-06     -0.110048E-19
  2.5924      0.775584E-07      0.870648E+01     -0.240711E-11      0.202875E-06     -0.560895E-19
  2.5986      0.780278E-07      0.873406E+01     -0.185371E-11      0.204255E-06     -0.433509E-19
  2.6049      0.782952E-07      0.857546E+01     -0.247685E-11      0.200748E-06     -0.579821E-19
  2.6112      0.783639E-07      0.832196E+01     -0.232804E-11      0.194516E-06     -0.544152E-19
  2.6175      0.782386E-07      0.829998E+01     -0.123961E-11      0.193227E-06     -0.288587E-19
  2.6237      0.779245E-07      0.834790E+01     -0.328075E-11      0.193100E-06     -0.758889E-19
  2.6300      0.774276E-07      0.840824E+01     -0.217578E-11      0.192794E-06     -0.498889E-19
  2.6363      0.767548E-07      0.848037E+01     -0.191994E-11      0.192299E-06     -0.435362E-19
  2.6426      0.759135E-07      0.853507E+01     -0.312831E-11      0.190964E-06     -0.699927E-19
  2.6489      0.749116E-07      0.845926E+01     -0.246535E-11      0.186327E-06     -0.543028E-19
  2.6551      0.737577E-07      0.846291E+01     -0.202538E-11      0.183102E-06     -0.438207E-19
  2.6614      0.724607E-07      0.856813E+01     -0.335721E-11      0.181689E-06     -0.711905E-19
  2.6677      0.710300E-07      0.868058E+01     -0.268493E-11      0.180015E-06     -0.556792E-19
  2.6740      0.694754E-07      0.879112E+01     -0.192380E-11      0.177898E-06     -0.389304E-19
  2.6802      0.678067E-07      0.891951E+01     -0.125001E-11      0.175749E-06     -0.246301E-19
  2.6865      0.660343E-07      0.906547E+01     -0.171278E-11      0.173549E-06     -0.327894E-19
  2.6928      0.641684E-07      0.918809E+01     -0.218921E-11      0.170528E-06     -0.406311E-19
  2.6991      0.622196E-07      0.920941E+01     -0.152295E-11      0.165347E-06     -0.273433E-19
  2.7053      0.601983E-07      0.938913E+01     -0.849966E-12      0.162719E-06     -0.147304E-19
  2.7116      0.581152E-07      0.962889E+01     -0.253801E-11      0.160727E-06     -0.423649E-19
  2.7179      0.559808E-07      0.985038E+01     -0.834504E-12      0.158020E-06     -0.133871E-19
  2.7242      0.538054E-07      0.100833E+02      0.864226E-12      0.155111E-06      0.132944E-19
  2.7305      0.515994E-07      0.103399E+02     -0.122562E-11      0.152187E-06     -0.180392E-19
  2.7367      0.493728E-07      0.106128E+02     -0.533595E-12      0.149121E-06     -0.749757E-20
  2.7430      0.471357E-07      0.109176E+02      0.163240E-11      0.146117E-06      0.218475E-19
  2.7493      0.448976E-07      0.112487E+02     -0.136911E-11      0.143073E-06     -0.174138E-19
  2.7556      0.426679E-07      0.116133E+02     -0.817586E-12      0.140054E-06     -0.985999E-20
  2.7618      0.404556E-07      0.119997E+02      0.190775E-11      0.136900E-06      0.217648E-19
  2.7681      0.382695E-07      0.124240E+02     -0.230094E-11      0.133777E-06     -0.247757E-19
  2.7744      0.361178E-07      0.128943E+02     -0.207708E-11      0.130738E-06     -0.210600E-19
  2.7807      0.340085E-07      0.134079E+02     -0.370069E-11      0.127718E-06     -0.352511E-19
  2.7869      0.319490E-07      0.139761E+02     -0.120290E-11      0.124786E-06     -0.107401E-19
  2.7932      0.299464E-07      0.145927E+02     -0.205812E-11      0.121850E-06     -0.171855E-19
  2.7995      0.280071E-07      0.152821E+02     -0.325910E-11      0.119076E-06     -0.253944E-19
  2.8058      0.261374E-07      0.160255E+02     -0.424570E-12      0.116271E-06     -0.308042E-20
  2.8121      0.243426E-07      0.168592E+02     -0.245622E-11      0.113667E-06     -0.165602E-19
  2.8183      0.226280E-07      0.177573E+02     -0.587111E-11      0.111041E-06     -0.367136E-19
  2.8246      0.209979E-07      0.187778E+02     -0.610896E-11      0.108721E-06     -0.353702E-19
  2.8309      0.194565E-07      0.199035E+02      0.135984E-12      0.106543E-06      0.727919E-21
  2.8372      0.180072E-07      0.212052E+02     -0.487346E-11      0.104823E-06     -0.240908E-19
  2.8434      0.166529E-07      0.225022E+02     -0.656537E-11      0.102641E-06     -0.299472E-19
  2.8497      0.153960E-07      0.237976E+02     -0.376374E-11      0.100136E-06     -0.158372E-19
  2.8560      0.142384E-07      0.248301E+02     -0.695631E-11      0.964130E-07     -0.270108E-19
  2.8623      0.131815E-07      0.257666E+02     -0.612890E-11      0.924197E-07     -0.219832E-19
  2.8685      0.122261E-07      0.268928E+02     -0.149342E-10      0.892719E-07     -0.495746E-19
  2.8748      0.113725E-07      0.282851E+02     -0.311216E-11      0.871475E-07     -0.958868E-20
  2.8811      0.106205E-07      0.297183E+02     -0.104844E-10      0.853224E-07     -0.301011E-19
  2.8874      0.996950E-08      0.311383E+02     -0.106797E-10      0.837369E-07     -0.287197E-19
  2.8937      0.941833E-08      0.323910E+02     -0.409575E-11      0.821115E-07     -0.103828E-19
  2.8999      0.896541E-08      0.334990E+02     -0.109291E-10      0.806616E-07     -0.263159E-19
  2.9062      0.860871E-08      0.343116E+02     -0.199254E-10      0.791598E-07     -0.459697E-19
  2.9125      0.834580E-08      0.348705E+02     -0.219941E-10      0.778242E-07     -0.490866E-19
  2.9188      0.817382E-08      0.350540E+02     -0.172185E-10      0.764567E-07     -0.375557E-19
  2.9250      0.808956E-08      0.349393E+02     -0.158700E-10      0.752592E-07     -0.341841E-19
  2.9313      0.808946E-08      0.344628E+02     -0.932798E-11      0.740730E-07     -0.200492E-19
  2.9376      0.816962E-08      0.337082E+02     -0.765192E-11      0.730128E-07     -0.165742E-19
  2.9439      0.832584E-08      0.326790E+02     -0.162088E-10      0.719831E-07     -0.357036E-19
  2.9501      0.855365E-08      0.314661E+02     -0.100704E-10      0.710563E-07     -0.227408E-19
  2.9564      0.884833E-08      0.301079E+02     -0.181818E-10      0.701822E-07     -0.423823E-19
  2.9627      0.920492E-08      0.286727E+02     -0.115311E-10      0.693831E-07     -0.279033E-19
  2.9690      0.961831E-08      0.272103E+02     -0.622363E-11      0.686557E-07     -0.157032E-19
  2.9753      0.100832E-07      0.257532E+02     -0.154065E-10      0.679762E-07     -0.406659E-19
  2.9815      0.105941E-07      0.243500E+02     -0.417561E-11      0.673869E-07     -0.115557E-19
  2.9878      0.111455E-07      0.230004E+02     -0.154731E-10      0.668244E-07     -0.449548E-19
  2.9941      0.117318E-07      0.217432E+02     -0.163565E-10      0.663554E-07     -0.499162E-19
  3.0004      0.123473E-07      0.205551E+02     -0.129271E-10      0.658824E-07     -0.414335E-19
  3.0066      0.129863E-07      0.194771E+02     -0.180204E-10      0.655210E-07     -0.606208E-19
  3.0129      0.136431E-07      0.184736E+02     -0.116797E-10      0.651526E-07     -0.411919E-19
  3.0192      0.143121E-07      0.175764E+02     -0.998589E-11      0.648927E-07     -0.368683E-19
  3.0255      0.149877E-07      0.167451E+02     -0.120468E-10      0.646077E-07     -0.464801E-19
  3.0317      0.156645E-07      0.160098E+02     -0.102952E-10      0.644258E-07     -0.414293E-19
  3.0380      0.163369E-07      0.153315E+02     -0.185187E-11      0.642122E-07     -0.775606E-20
  3.0443      0.169999E-07      0.147382E+02     -0.732986E-11      0.640995E-07     -0.318791E-19
  3.0506      0.176483E-07      0.141956E+02     -0.860820E-11      0.639626E-07     -0.387869E-19
  3.0569      0.182773E-07      0.137274E+02     -0.219379E-11      0.639261E-07     -0.102161E-19
  3.0631      0.188822E-07      0.133067E+02      0.341135E-13      0.638864E-07      0.163782E-21
  3.0694      0.194586E-07      0.129575E+02     -0.459056E-11      0.639780E-07     -0.226660E-19
  3.0757      0.200023E-07      0.126369E+02     -0.666952E-11      0.640077E-07     -0.337821E-19
  3.0820      0.205096E-07      0.123330E+02     -0.669436E-11      0.639221E-07     -0.346969E-19
  3.0882      0.209767E-07      0.120562E+02     -0.657629E-11      0.637804E-07     -0.347904E-19
  3.0945      0.214004E-07      0.118307E+02     -0.742675E-11      0.637221E-07     -0.400018E-19
  3.1008      0.217777E-07      0.116442E+02     -0.690257E-11      0.636945E-07     -0.377575E-19
  3.1071      0.221061E-07      0.114932E+02     -0.523806E-11      0.636877E-07     -0.290258E-19
  3.1133      0.223832E-07      0.113763E+02     -0.685094E-11      0.637015E-07     -0.383617E-19
  3.1196      0.226073E-07      0.112861E+02     -0.505191E-11      0.637003E-07     -0.285137E-19
  3.1259      0.227766E-07      0.112305E+02     -0.528847E-11      0.637330E-07     -0.300122E-19
  3.1322      0.228902E-07      0.111970E+02     -0.748127E-11      0.637322E-07     -0.425825E-19
  3.1385      0.229472E-07      0.111981E+02     -0.922528E-11      0.637692E-07     -0.525346E-19
  3.1447      0.229472E-07      0.112210E+02     -0.584542E-11      0.637721E-07     -0.332211E-19
  3.1510      0.228902E-07      0.112854E+02     -0.403451E-11      0.638510E-07     -0.228267E-19
  3.1573      0.227766E-07      0.113610E+02     -0.696145E-11      0.638327E-07     -0.391136E-19
  3.1636      0.226073E-07      0.114789E+02     -0.554631E-11      0.638890E-07     -0.308694E-19
  3.1698      0.223832E-07      0.115884E+02     -0.775952E-11      0.637326E-07     -0.426750E-19
  3.1761      0.221061E-07      0.117496E+02     -0.438622E-11      0.636932E-07     -0.237771E-19
  3.1824      0.217777E-07      0.119262E+02     -0.870132E-11      0.635641E-07     -0.463763E-19
  3.1887      0.214004E-07      0.121496E+02     -0.657608E-11      0.635075E-07     -0.343741E-19
  3.1949      0.209767E-07      0.123907E+02     -0.508275E-11      0.633610E-07     -0.259910E-19
  3.2012      0.205096E-07      0.126875E+02     -0.294674E-11      0.633097E-07     -0.147040E-19
  3.2075      0.200023E-07      0.130014E+02     -0.918724E-12      0.631476E-07     -0.446223E-20
  3.2138      0.194586E-07      0.133766E+02     -0.736149E-11      0.630805E-07     -0.347147E-19
  3.2201      0.188822E-07      0.137752E+02     -0.519289E-11      0.629127E-07     -0.237165E-19
  3.2263      0.182773E-07      0.142413E+02     -0.114567E-11      0.628356E-07     -0.505490E-20
  3.2326      0.176483E-07      0.147395E+02     -0.547500E-11      0.626735E-07     -0.232802E-19
  3.2389      0.169999E-07      0.153271E+02     -0.845609E-12      0.626558E-07     -0.345679E-20
  3.2452      0.163369E-07      0.159859E+02     -0.267611E-12      0.626794E-07     -0.104928E-20
  3.2514      0.156645E-07      0.167296E+02     -0.109723E-10      0.627739E-07     -0.411708E-19
  3.2577      0.149877E-07      0.173439E+02     -0.158647E-10      0.621473E-07     -0.568472E-19
  3.2640      0.143121E-07      0.179239E+02     -0.137437E-10      0.612127E-07     -0.469367E-19
  3.2703      0.136431E-07      0.186607E+02     -0.115300E-10      0.606331E-07     -0.374638E-19
  3.2765      0.129863E-07      0.195315E+02     -0.168400E-10      0.602916E-07     -0.519833E-19
  3.2828      0.123473E-07      0.204651E+02     -0.843761E-11      0.599501E-07     -0.247170E-19
  3.2891      0.117318E-07      0.214614E+02     -0.152743E-10      0.596209E-07     -0.424327E-19
  3.2954      0.111455E-07      0.225012E+02     -0.986799E-11      0.592725E-07     -0.259942E-19
  3.3017      0.105941E-07      0.235718E+02     -0.153845E-10      0.589084E-07     -0.384474E-19
  3.3079      0.100832E-07      0.246604E+02     -0.239077E-10      0.585454E-07     -0.567587E-19
  3.3142      0.961831E-08      0.257256E+02     -0.128107E-10      0.581483E-07     -0.289563E-19
  3.3205      0.920492E-08      0.267586E+02     -0.173172E-10      0.577743E-07     -0.373894E-19
  3.3268      0.884833E-08      0.276856E+02     -0.252287E-10      0.573516E-07     -0.522621E-19
  3.3330      0.855365E-08      0.285070E+02     -0.131044E-10      0.569791E-07     -0.261927E-19
  3.3393      0.832584E-08      0.291292E+02     -0.137767E-10      0.565655E-07     -0.267527E-19
  3.3456      0.816962E-08      0.295443E+02     -0.207801E-10      0.561894E-07     -0.395210E-19
  3.3519      0.808946E-08      0.296306E+02     -0.235672E-10      0.556963E-07     -0.442988E-19
  3.3581      0.808956E-08      0.294690E+02     -0.174285E-10      0.552897E-07     -0.326993E-19
  3.3644      0.817382E-08      0.289693E+02     -0.240683E-10      0.548157E-07     -0.455421E-19
  3.3707      0.834580E-08      0.282223E+02     -0.162857E-10      0.544243E-07     -0.314056E-19
  3.3770      0.860871E-08      0.271699E+02     -0.144662E-10      0.539450E-07     -0.287222E-19
  3.3833      0.896541E-08      0.259492E+02      0.532845E-11      0.535565E-07      0.109974E-19
  3.3895      0.941833E-08      0.245272E+02     -0.398847E-11      0.530804E-07     -0.863163E-20
  3.3958      0.996950E-08      0.230438E+02     -0.165359E-11      0.526911E-07     -0.378104E-20
  3.4021      0.106205E-07      0.214758E+02      0.372156E-11      0.522158E-07      0.904853E-20
  3.4084      0.113725E-07      0.199453E+02      0.810999E-11      0.518326E-07      0.210757E-19
  3.4146      0.122261E-07      0.184207E+02      0.823870E-11      0.513691E-07      0.229749E-19
  3.4209      0.131815E-07      0.169917E+02      0.744942E-11      0.509932E-07      0.223562E-19
  3.4272      0.142384E-07      0.156209E+02      0.307302E-11      0.505455E-07      0.994354E-20
  3.4335      0.153960E-07      0.143678E+02      0.548260E-11      0.501784E-07      0.191476E-19
  3.4397      0.166529E-07      0.131942E+02      0.304118E-11      0.497507E-07      0.114672E-19
  3.4460      0.180072E-07      0.121368E+02      0.179628E-11      0.493950E-07      0.731062E-20
  3.4523      0.194565E-07      0.111608E+02      0.797021E-11      0.489898E-07      0.349848E-19
  3.4586      0.209979E-07      0.102888E+02      0.293395E-11      0.486513E-07      0.138735E-19
  3.4649      0.226280E-07      0.948596E+01      0.370459E-11      0.482497E-07      0.188432E-19
  3.4711      0.243426E-07      0.876540E+01      0.129848E-11      0.478763E-07      0.709225E-20
  3.4774      0.261374E-07      0.812043E+01     -0.152039E-12      0.475377E-07     -0.890046E-21
  3.4837      0.280071E-07      0.754227E+01      0.342943E-12      0.472264E-07      0.214736E-20
  3.4900      0.299464E-07      0.701814E+01      0.591633E-12      0.469028E-07      0.395392E-20
  3.4962      0.319490E-07      0.654725E+01      0.228192E-11      0.465980E-07      0.162409E-19
  3.5025      0.340085E-07      0.612260E+01      0.397883E-11      0.463016E-07      0.300895E-19
  3.5088      0.361178E-07      0.573900E+01      0.349936E-11      0.460100E-07      0.280547E-19
  3.5151      0.382695E-07      0.539448E+01      0.162109E-11      0.457426E-07      0.137461E-19
  3.5213      0.404556E-07      0.508151E+01      0.174996E-11      0.454690E-07      0.156585E-19
  3.5276      0.426679E-07      0.480147E+01      0.226489E-11      0.452319E-07      0.213363E-19
  3.5339      0.448976E-07      0.454657E+01      0.328527E-12      0.449889E-07      0.325082E-20
  3.5402      0.471357E-07      0.431629E+01      0.286268E-11      0.447598E-07      0.296859E-19
  3.5465      0.493728E-07      0.410546E+01      0.211423E-11      0.445152E-07      0.229245E-19
  3.5527      0.515994E-07      0.391896E+01      0.777903E-12      0.443308E-07      0.879955E-20
  3.5590      0.538054E-07      0.374656E+01      0.832893E-12      0.441146E-07      0.980705E-20
  3.5653      0.559808E-07      0.359381E+01     -0.209278E-12      0.439494E-07     -0.255930E-20
  3.5716      0.581152E-07      0.345261E+01     -0.167092E-12      0.437554E-07     -0.211758E-20
  3.5778      0.601983E-07      0.332792E+01      0.309553E-12      0.436104E-07      0.405649E-20
  3.5841      0.622196E-07      0.321274E+01     -0.440978E-12      0.434384E-07     -0.596232E-20
  3.5904      0.641684E-07      0.311152E+01     -0.197291E-13      0.433117E-07     -0.274624E-21
  3.5967      0.660343E-07      0.301840E+01      0.377508E-12      0.431618E-07      0.539818E-20
  3.6029      0.678067E-07      0.293711E+01      0.851686E-12      0.430515E-07      0.124838E-19
  3.6092      0.694754E-07      0.286296E+01      0.679186E-12      0.429226E-07      0.101826E-19
  3.6155      0.710300E-07      0.279899E+01      0.150048E-11      0.428280E-07      0.229592E-19
  3.6218      0.724607E-07      0.274143E+01     -0.727362E-12      0.427180E-07     -0.113340E-19
  3.6281      0.737577E-07      0.269239E+01      0.589178E-12      0.426309E-07      0.932894E-20
  3.6343      0.749116E-07      0.264999E+01      0.167757E-11      0.425424E-07      0.269313E-19
  3.6406      0.759135E-07      0.261484E+01      0.275040E-14      0.424662E-07      0.446678E-22
  3.6469      0.767548E-07      0.258639E+01      0.186437E-11      0.423965E-07      0.305610E-19
  3.6532      0.774276E-07      0.256434E+01      0.206772E-11      0.423308E-07      0.341328E-19
  3.6594      0.779245E-07      0.254925E+01      0.234186E-11      0.422789E-07      0.388394E-19
  3.6657      0.782386E-07      0.254087E+01      0.937290E-12      0.422374E-07      0.155808E-19
  3.6720      0.783639E-07      0.253859E+01      0.182403E-11      0.421949E-07      0.303178E-19
  3.6783      0.782952E-07      0.254017E+01      0.189082E-11      0.421121E-07      0.313468E-19
  3.6845      0.780278E-07      0.255107E+01      0.108578E-11      0.420766E-07      0.179085E-19
  3.6908      0.775584E-07      0.256722E+01      0.194835E-11      0.420166E-07      0.318878E-19
  3.6971      0.768843E-07      0.259324E+01      0.373633E-12      0.420022E-07      0.605165E-20
  3.7034      0.760039E-07      0.262341E+01      0.484069E-12      0.419331E-07      0.773745E-20
  3.7097      0.749168E-07      0.266499E+01      0.148051E-11      0.419173E-07      0.232868E-19
  3.7159      0.736235E-07      0.271325E+01      0.233779E-11      0.418689E-07      0.360750E-19
  3.7222      0.721261E-07      0.277338E+01      0.308249E-11      0.418556E-07      0.465206E-19
  3.7285      0.704276E-07      0.284089E+01      0.152654E-11      0.417943E-07      0.224580E-19
  3.7348      0.685326E-07      0.292463E+01      0.847218E-12      0.417982E-07      0.121083E-19
  3.7410      0.664469E-07      0.301833E+01     -0.378264E-12      0.417544E-07     -0.523274E-20
  3.7473      0.641779E-07      0.312976E+01     -0.230726E-11      0.417473E-07     -0.307761E-19
  3.7536      0.617344E-07      0.325487E+01      0.206151E-11      0.416933E-07      0.264069E-19
  3.7599      0.591268E-07      0.340313E+01      0.449385E-12      0.416815E-07      0.550406E-20
  3.7661      0.563672E-07      0.357128E+01      0.156000E-11      0.416299E-07      0.181847E-19
  3.7724      0.534692E-07      0.376969E+01      0.139388E-11      0.416141E-07      0.153872E-19
  3.7787      0.504481E-07      0.399718E+01      0.143080E-11      0.415632E-07      0.148777E-19
  3.7850      0.473212E-07      0.426646E+01      0.163831E-11      0.415444E-07      0.159530E-19
  3.7913      0.441074E-07      0.457992E+01     -0.271677E-11      0.414991E-07     -0.246169E-19
  3.7975      0.408273E-07      0.495247E+01     -0.150748E-12      0.414691E-07     -0.126228E-20
  3.8038      0.375037E-07      0.539347E+01      0.277290E-11      0.414168E-07      0.212933E-19
  3.8101      0.341610E-07      0.592491E+01      0.716887E-12      0.413743E-07      0.500610E-20
  3.8164      0.308257E-07      0.656850E+01      0.340815E-12      0.413221E-07      0.214405E-20
  3.8226      0.275262E-07      0.735858E+01      0.366986E-11      0.412696E-07      0.205819E-19
  3.8289      0.242929E-07      0.834117E+01      0.573831E-12      0.412177E-07      0.283558E-20
  3.8352      0.211583E-07      0.957793E+01     -0.139532E-11      0.411545E-07     -0.599541E-20
  3.8415      0.181566E-07      0.111655E+02     -0.429275E-11      0.411025E-07     -0.158025E-19
  3.8477      0.153243E-07      0.132269E+02     -0.388270E-12      0.410286E-07     -0.120437E-20
  3.8540      0.127000E-07      0.159658E+02      0.305024E-11      0.409761E-07      0.782844E-20
  3.8603      0.103240E-07      0.196316E+02     -0.383695E-11      0.408918E-07     -0.799222E-20
  3.8666      0.823902E-08      0.246074E+02     -0.914907E-11      0.408383E-07     -0.151837E-19
  3.8729      0.648953E-08      0.312196E+02     -0.172399E-11      0.407439E-07     -0.224993E-20
  3.8791      0.512215E-08      0.395652E+02     -0.318785E-10      0.406897E-07     -0.327845E-19
  3.8854      0.418548E-08      0.483752E+02     -0.352563E-10      0.405867E-07     -0.295800E-19
  3.8917      0.373012E-08      0.542990E+02      0.112579E-11      0.405349E-07      0.840416E-21
  3.8980      0.380863E-08      0.531287E+02     -0.109936E-10      0.404308E-07     -0.836610E-20
  3.9042      0.447551E-08      0.452110E+02     -0.174606E-10      0.403648E-07     -0.155890E-19
  3.9105      0.578718E-08      0.349149E+02     -0.156592E-11      0.402436E-07     -0.180491E-20
  3.9168      0.780192E-08      0.259003E+02     -0.114453E-10      0.401817E-07     -0.177563E-19
  3.9231      0.105798E-07      0.190727E+02     -0.103582E-10      0.400608E-07     -0.217565E-19
  3.9293      0.141829E-07      0.142271E+02     -0.983002E-11      0.399957E-07     -0.276344E-19
  3.9356      0.186746E-07      0.107890E+02      0.611492E-12      0.398725E-07      0.225986E-20
  3.9419      0.241204E-07      0.835206E+01     -0.667194E-12      0.398038E-07     -0.317968E-20
  3.9482      0.305871E-07      0.657615E+01     -0.470438E-11      0.396796E-07     -0.283855E-19
  3.9545      0.381434E-07      0.527241E+01     -0.385969E-11      0.396090E-07     -0.289960E-19
  3.9607      0.468590E-07      0.428583E+01     -0.445311E-11      0.394917E-07     -0.410331E-19
  3.9670      0.568056E-07      0.353433E+01     -0.299018E-11      0.394173E-07     -0.333486E-19
  3.9733      0.680557E-07      0.294625E+01     -0.136004E-11      0.393040E-07     -0.181434E-19
  3.9796      0.806833E-07      0.248422E+01     -0.536832E-12      0.392275E-07     -0.847695E-20
  3.9858      0.947636E-07      0.211234E+01     -0.726529E-12      0.391145E-07     -0.134533E-19
  3.9921      0.110373E-06      0.181267E+01     -0.939373E-12      0.390329E-07     -0.202279E-19
  3.9984      0.127588E-06      0.156532E+01     -0.479608E-12      0.389030E-07     -0.119197E-19
  4.0047      0.146488E-06      0.136127E+01     -0.156315E-11      0.387821E-07     -0.445337E-19
  4.0109      0.167151E-06      0.119089E+01     -0.965528E-12      0.386531E-07     -0.313386E-19
  4.0172      0.189656E-06      0.104890E+01     -0.130851E-11      0.385682E-07     -0.481138E-19
  4.0235      0.214084E-06      0.928328E+00     -0.476812E-12      0.384711E-07     -0.197597E-19
  4.0298      0.240516E-06      0.825727E+00      0.182109E-12      0.383841E-07      0.846537E-20
  4.0361      0.269031E-06      0.737664E+00     -0.705584E-12      0.382963E-07     -0.366309E-19
  4.0423      0.299712E-06      0.661600E+00     -0.419876E-12      0.382050E-07     -0.242463E-19
  4.0486      0.332639E-06      0.595700E+00     -0.688515E-12      0.381196E-07     -0.440589E-19
  4.0549      0.367894E-06      0.538152E+00     -0.360212E-12      0.380279E-07     -0.254540E-19
  4.0612      0.405558E-06      0.487945E+00     -0.388865E-12      0.379512E-07     -0.302450E-19
  4.0674      0.445711E-06      0.443607E+00     -0.259320E-12      0.378603E-07     -0.221320E-19
  4.0737      0.488434E-06      0.404688E+00     -0.200721E-12      0.377909E-07     -0.187439E-19
  4.0800      0.533806E-06      0.369989E+00     -0.207484E-12      0.377021E-07     -0.211427E-19
  4.0863      0.581906E-06      0.339335E+00     -0.172488E-12      0.376363E-07     -0.191310E-19
  4.0925      0.632812E-06      0.311823E+00     -0.248422E-12      0.375528E-07     -0.299175E-19
  4.0988      0.686603E-06      0.287420E+00     -0.193959E-12      0.374987E-07     -0.253051E-19
  4.1051      0.743353E-06      0.265310E+00     -0.123027E-12      0.374178E-07     -0.173509E-19
  4.1114      0.803138E-06      0.245617E+00     -0.970363E-13      0.373691E-07     -0.147635E-19
  4.1177      0.866031E-06      0.227666E+00      0.439323E-13      0.372936E-07      0.719647E-20
  4.1239      0.932103E-06      0.211604E+00     -0.126081E-12      0.372502E-07     -0.221949E-19
  4.1302      0.100143E-05      0.196888E+00     -0.119897E-12      0.371808E-07     -0.226416E-19
  4.1365      0.107407E-05      0.183665E+00     -0.153793E-14      0.371432E-07     -0.311020E-21
  4.1428      0.115009E-05      0.171501E+00     -0.252034E-13      0.370819E-07     -0.544947E-20
  4.1490      0.122957E-05      0.160514E+00     -0.831010E-13      0.370486E-07     -0.191807E-19
  4.1553      0.131255E-05      0.150375E+00      0.265217E-13      0.369948E-07      0.652480E-20
  4.1616      0.139911E-05      0.141172E+00      0.185878E-13      0.369653E-07      0.486713E-20
  4.1679      0.148929E-05      0.132662E+00     -0.848392E-13      0.369203E-07     -0.236110E-19
  4.1741      0.158316E-05      0.124888E+00     -0.452850E-13      0.368919E-07     -0.133772E-19
  4.1804      0.168076E-05      0.117710E+00     -0.306106E-13      0.368596E-07     -0.958537E-20
  4.1867      0.178214E-05      0.111113E+00     -0.759690E-13      0.368374E-07     -0.251860E-19
  4.1930      0.188735E-05      0.104989E+00     -0.230192E-13      0.368068E-07     -0.806997E-20
  4.1993      0.199643E-05      0.993462E-01     -0.199086E-13      0.367863E-07     -0.737183E-20
  4.2055      0.210942E-05      0.941126E-01      0.264846E-13      0.367656E-07      0.103464E-19
  4.2118      0.222635E-05      0.892575E-01      0.450060E-14      0.367470E-07      0.185288E-20
  4.2181      0.234726E-05      0.847596E-01      0.493396E-13      0.367356E-07      0.213843E-19
  4.2244      0.247217E-05      0.805608E-01      0.136691E-13      0.367193E-07      0.623032E-20
  4.2306      0.260112E-05      0.766739E-01     -0.346379E-13      0.367159E-07     -0.165866E-19
  4.2369      0.273411E-05      0.730250E-01     -0.258064E-14      0.367021E-07     -0.129702E-20
  4.2432      0.287117E-05      0.696489E-01     -0.900305E-14      0.367057E-07     -0.474471E-20
  4.2495      0.301231E-05      0.664627E-01      0.416212E-13      0.366941E-07      0.229791E-19
  4.2557      0.315754E-05      0.635165E-01     -0.130490E-13      0.367039E-07     -0.754058E-20
  4.2620      0.330686E-05      0.607233E-01     -0.298732E-13      0.366952E-07     -0.180524E-19
  4.2683      0.346027E-05      0.581406E-01     -0.125923E-13      0.367103E-07     -0.795086E-20
  4.2746      0.361777E-05      0.556815E-01     -0.447237E-13      0.367038E-07     -0.294807E-19
  4.2809      0.377934E-05      0.534023E-01     -0.355074E-13      0.367197E-07     -0.244151E-19
  4.2871      0.394498E-05      0.512257E-01     -0.235543E-13      0.367129E-07     -0.168811E-19
  4.2934      0.411466E-05      0.492160E-01     -0.670679E-14      0.367359E-07     -0.500610E-20
  4.2997      0.428837E-05      0.472852E-01     -0.290409E-13      0.367310E-07     -0.225589E-19
  4.3060      0.446606E-05      0.454914E-01     -0.355036E-13      0.367483E-07     -0.286800E-19
  4.3122      0.464772E-05      0.437781E-01     -0.264480E-14      0.367491E-07     -0.222015E-20
  4.3185      0.483330E-05      0.421880E-01     -0.342377E-13      0.367749E-07     -0.298447E-19
  4.3248      0.502276E-05      0.406625E-01     -0.395345E-13      0.367810E-07     -0.357607E-19
  4.3311      0.521605E-05      0.392366E-01     -0.196444E-13      0.368036E-07     -0.184263E-19
  4.3373      0.541312E-05      0.378706E-01     -0.142353E-13      0.368111E-07     -0.138371E-19
  4.3436      0.561391E-05      0.365914E-01     -0.356273E-13      0.368337E-07     -0.358632E-19
  4.3499      0.581837E-05      0.353684E-01     -0.366800E-13      0.368460E-07     -0.382124E-19
  4.3562      0.602642E-05      0.342144E-01     -0.394661E-13      0.368651E-07     -0.425237E-19
  4.3625      0.623799E-05      0.331155E-01     -0.500633E-13      0.368806E-07     -0.557553E-19
  4.3687      0.645301E-05      0.320723E-01     -0.394972E-13      0.368969E-07     -0.454387E-19
  4.3750      0.667139E-05      0.310841E-01     -0.418976E-13      0.369171E-07     -0.497599E-19
  4.3813      0.689304E-05      0.301402E-01     -0.301263E-13      0.369324E-07     -0.369154E-19
  4.3876      0.711788E-05      0.292466E-01     -0.290305E-13      0.369535E-07     -0.366805E-19
  4.3938      0.734581E-05      0.283874E-01     -0.337476E-13      0.369636E-07     -0.439431E-19
  4.4001      0.757673E-05      0.275797E-01     -0.445068E-13      0.369880E-07     -0.596894E-19
  4.4064      0.781053E-05      0.267974E-01     -0.271304E-13      0.369950E-07     -0.374547E-19
  4.4127      0.804710E-05      0.260653E-01     -0.381788E-13      0.370215E-07     -0.542267E-19
  4.4189      0.828633E-05      0.253501E-01     -0.354415E-13      0.370234E-07     -0.517617E-19
  4.4252      0.852811E-05      0.246850E-01     -0.203708E-13      0.370512E-07     -0.305759E-19
  4.4315      0.877229E-05      0.240317E-01     -0.391444E-13      0.370510E-07     -0.603511E-19
  4.4378      0.901877E-05      0.234283E-01     -0.401939E-13      0.370830E-07     -0.636201E-19
  4.4441      0.926740E-05      0.228286E-01     -0.476964E-13      0.370775E-07     -0.774671E-19
  4.4503      0.951806E-05      0.222772E-01     -0.347965E-13      0.371082E-07     -0.579622E-19
  4.4566      0.977059E-05      0.217312E-01     -0.336601E-13      0.371067E-07     -0.574758E-19
  4.4629      0.100249E-04      0.212290E-01     -0.281926E-13      0.371402E-07     -0.493231E-19
  4.4692      0.102807E-04      0.207279E-01     -0.142422E-13      0.371370E-07     -0.255169E-19
  4.4754      0.105381E-04      0.202679E-01     -0.274742E-13      0.371695E-07     -0.503852E-19
  4.4817      0.107967E-04      0.198079E-01     -0.277496E-13      0.371651E-07     -0.520661E-19
  4.4880      0.110564E-04      0.193855E-01     -0.338989E-13      0.371955E-07     -0.650429E-19
  4.4943      0.113171E-04      0.189630E-01     -0.280019E-13      0.371907E-07     -0.549182E-19
  4.5005      0.115786E-04      0.185756E-01     -0.401918E-13      0.372208E-07     -0.805343E-19
  4.5068      0.118408E-04      0.181882E-01     -0.226326E-13      0.372179E-07     -0.463122E-19
  4.5131      0.121034E-04      0.178312E-01     -0.165758E-13      0.372448E-07     -0.346225E-19
  4.5194      0.123663E-04      0.174748E-01     -0.242136E-13      0.372414E-07     -0.516028E-19
  4.5257      0.126294E-04      0.171469E-01     -0.124937E-13      0.372682E-07     -0.271547E-19
  4.5319      0.128924E-04      0.168209E-01     -0.286168E-13      0.372693E-07     -0.634050E-19
  4.5382      0.131552E-04      0.165176E-01     -0.175189E-13      0.372918E-07     -0.395525E-19
  4.5445      0.134176E-04      0.162180E-01     -0.251728E-13      0.372940E-07     -0.578861E-19
  4.5508      0.136794E-04      0.159395E-01     -0.164787E-13      0.373174E-07     -0.385797E-19
  4.5570      0.139405E-04      0.156653E-01     -0.157230E-13      0.373239E-07     -0.374614E-19
  4.5633      0.142006E-04      0.154081E-01     -0.124720E-13      0.373447E-07     -0.302285E-19
  4.5696      0.144596E-04      0.151586E-01     -0.218432E-13      0.373586E-07     -0.538329E-19
  4.5759      0.147173E-04      0.149225E-01     -0.308194E-13      0.373808E-07     -0.772024E-19
  4.5821      0.149735E-04      0.146951E-01     -0.240701E-13      0.374006E-07     -0.612610E-19
  4.5884      0.152280E-04      0.144752E-01     -0.241648E-13      0.374159E-07     -0.624621E-19
  4.5947      0.154807E-04      0.142658E-01     -0.253551E-13      0.374352E-07     -0.665351E-19
  4.6010      0.157313E-04      0.140654E-01     -0.219797E-13      0.374558E-07     -0.585313E-19
  4.6073      0.159796E-04      0.138765E-01     -0.185798E-13      0.374851E-07     -0.501900E-19
  4.6135      0.162256E-04      0.136960E-01     -0.222283E-13      0.375156E-07     -0.608871E-19
  4.6198      0.164689E-04      0.135258E-01     -0.285042E-13      0.375540E-07     -0.791413E-19
  4.6261      0.167095E-04      0.133892E-01     -0.253340E-13      0.376666E-07     -0.712699E-19
  4.6324      0.169471E-04      0.132593E-01     -0.301917E-13      0.377805E-07     -0.860268E-19
  4.6386      0.171816E-04      0.130562E-01     -0.229259E-13      0.376654E-07     -0.661381E-19
  4.6449      0.174127E-04      0.128701E-01     -0.918485E-14      0.375771E-07     -0.268172E-19
  4.6512      0.176403E-04      0.127163E-01     -0.129788E-13      0.375627E-07     -0.383382E-19
  4.6575      0.178643E-04      0.125806E-01     -0.149644E-13      0.375831E-07     -0.447041E-19
  4.6637      0.180845E-04      0.124497E-01     -0.118792E-13      0.375996E-07     -0.358765E-19
  4.6700      0.183006E-04      0.123359E-01     -0.169984E-13      0.376504E-07     -0.518808E-19
  4.6763      0.185125E-04      0.122246E-01     -0.214204E-13      0.376921E-07     -0.660454E-19
  4.6826      0.187201E-04      0.121249E-01     -0.160936E-13      0.377534E-07     -0.501106E-19
  4.6889      0.189232E-04      0.120238E-01     -0.119717E-13      0.377941E-07     -0.376301E-19
  4.6951      0.191216E-04      0.119261E-01     -0.144127E-13      0.378292E-07     -0.457166E-19
  4.7014      0.193152E-04      0.118251E-01     -0.755675E-14      0.378379E-07     -0.241801E-19
  4.7077      0.195038E-04      0.117664E-01     -0.113779E-13      0.379673E-07     -0.367136E-19
  4.7140      0.196873E-04      0.117002E-01     -0.123681E-13      0.380580E-07     -0.402308E-19
  4.7202      0.198656E-04      0.116069E-01     -0.161931E-13      0.380456E-07     -0.530785E-19
  4.7265      0.200384E-04      0.115119E-01     -0.113722E-13      0.380120E-07     -0.375507E-19
  4.7328      0.202057E-04      0.114300E-01     -0.131149E-13      0.380063E-07     -0.436090E-19
  4.7391      0.203674E-04      0.113678E-01     -0.117381E-13      0.380513E-07     -0.392911E-19
  4.7453      0.205232E-04      0.113350E-01     -0.117921E-13      0.381815E-07     -0.397212E-19
  4.7516      0.206731E-04      0.112832E-01     -0.152607E-13      0.382339E-07     -0.517120E-19
  4.7579      0.208170E-04      0.112225E-01     -0.171143E-13      0.382423E-07     -0.583195E-19
  4.7642      0.209548E-04      0.111703E-01     -0.148983E-13      0.382660E-07     -0.510370E-19
  4.7705      0.210862E-04      0.111245E-01     -0.170662E-13      0.382977E-07     -0.587530E-19
  4.7767      0.212114E-04      0.110853E-01     -0.168511E-13      0.383387E-07     -0.582798E-19
  4.7830      0.213300E-04      0.110504E-01     -0.933562E-14      0.383816E-07     -0.324255E-19
  4.7893      0.214422E-04      0.110219E-01     -0.139883E-13      0.384332E-07     -0.487772E-19
  4.7956      0.215477E-04      0.109967E-01     -0.984232E-14      0.384835E-07     -0.344438E-19
  4.8018      0.216465E-04      0.109785E-01     -0.133922E-13      0.385456E-07     -0.470203E-19
  4.8081      0.217385E-04      0.109622E-01     -0.172938E-13      0.386014E-07     -0.608970E-19
  4.8144      0.218236E-04      0.109560E-01     -0.167343E-13      0.386804E-07     -0.590805E-19
  4.8207      0.219018E-04      0.109532E-01     -0.107175E-13      0.387587E-07     -0.379246E-19
  4.8269      0.219731E-04      0.109471E-01     -0.123018E-13      0.388124E-07     -0.436156E-19
  4.8332      0.220373E-04      0.109358E-01     -0.451139E-14      0.388352E-07     -0.160208E-19
  4.8395      0.220945E-04      0.109422E-01     -0.293950E-14      0.389082E-07     -0.104523E-19
  4.8458      0.221445E-04      0.109505E-01     -0.687638E-14      0.389754E-07     -0.244746E-19
  4.8521      0.221875E-04      0.109799E-01     -0.595874E-14      0.391051E-07     -0.212221E-19
  4.8583      0.222232E-04      0.110147E-01     -0.892971E-14      0.392414E-07     -0.318134E-19
  4.8646      0.222517E-04      0.110210E-01     -0.521763E-14      0.392638E-07     -0.185884E-19
  4.8709      0.222731E-04      0.110193E-01     -0.574519E-14      0.392446E-07     -0.204611E-19
  4.8772      0.222872E-04      0.110456E-01     -0.645083E-14      0.393126E-07     -0.229592E-19
  4.8834      0.222942E-04      0.110753E-01     -0.205746E-14      0.393799E-07     -0.731559E-20
  4.8897      0.222939E-04      0.111135E-01     -0.761158E-14      0.394646E-07     -0.270290E-19
  4.8960      0.222864E-04      0.111521E-01     -0.576203E-14      0.395375E-07     -0.204281E-19
  4.9023      0.222717E-04      0.111981E-01     -0.101494E-13      0.396236E-07     -0.359129E-19
  4.9085      0.222499E-04      0.112453E-01     -0.795777E-14      0.397007E-07     -0.280944E-19
  4.9148      0.222209E-04      0.112990E-01     -0.532484E-14      0.397875E-07     -0.187505E-19
  4.9211      0.221848E-04      0.113550E-01     -0.262634E-14      0.398689E-07     -0.922141E-20
  4.9274      0.221417E-04      0.114166E-01     -0.898878E-14      0.399562E-07     -0.314593E-19
  4.9337      0.220916E-04      0.114818E-01     -0.112768E-13      0.400424E-07     -0.393275E-19
  4.9399      0.220345E-04      0.115512E-01     -0.733072E-14      0.401293E-07     -0.254672E-19
  4.9462      0.219705E-04      0.116258E-01     -0.124762E-13      0.402201E-07     -0.431623E-19
  4.9525      0.218997E-04      0.117036E-01     -0.561055E-14      0.403075E-07     -0.193229E-19
  4.9588      0.218221E-04      0.117883E-01     -0.503526E-14      0.404043E-07     -0.172583E-19
  4.9650      0.217378E-04      0.118750E-01     -0.225599E-14      0.404930E-07     -0.769278E-20
  4.9713      0.216469E-04      0.119713E-01     -0.310542E-14      0.405993E-07     -0.105317E-19
  4.9776      0.215494E-04      0.120674E-01     -0.140322E-14      0.406894E-07     -0.473147E-20
  4.9839      0.214455E-04      0.121662E-01     -0.100060E-13      0.407734E-07     -0.335339E-19
  4.9901      0.213353E-04      0.122640E-01     -0.110193E-14      0.408385E-07     -0.366937E-20
  4.9964      0.212188E-04      0.123784E-01     -0.652418E-14      0.409429E-07     -0.215795E-19
  5.0027      0.210962E-04      0.124935E-01     -0.405383E-14      0.410334E-07     -0.133143E-19
  5.0090      0.209676E-04      0.126202E-01     -0.109910E-14      0.411451E-07     -0.358335E-20
  5.0152      0.208330E-04      0.127454E-01     -0.295969E-14      0.412348E-07     -0.957544E-20
  5.0215      0.206927E-04      0.128844E-01     -0.710823E-14      0.413522E-07     -0.228136E-19
  5.0278      0.205466E-04      0.130218E-01     -0.567803E-14      0.414462E-07     -0.180722E-19
  5.0341      0.203950E-04      0.131760E-01     -0.222195E-14      0.415756E-07     -0.701118E-20
  5.0404      0.202380E-04      0.133283E-01      0.157013E-14      0.416806E-07      0.491014E-20
  5.0466      0.200757E-04      0.134919E-01     -0.282037E-14      0.418018E-07     -0.873834E-20
  5.0529      0.199083E-04      0.136452E-01     -0.544943E-14      0.418722E-07     -0.167223E-19
  5.0592      0.197358E-04      0.138125E-01     -0.137706E-13      0.419661E-07     -0.418388E-19
  5.0655      0.195585E-04      0.139811E-01     -0.130776E-13      0.420446E-07     -0.393275E-19
  5.0717      0.193765E-04      0.141678E-01     -0.886457E-14      0.421572E-07     -0.263771E-19
  5.0780      0.191899E-04      0.143544E-01     -0.599855E-14      0.422489E-07     -0.176553E-19
  5.0843      0.189988E-04      0.145571E-01     -0.136504E-13      0.423667E-07     -0.397278E-19
  5.0906      0.188036E-04      0.147603E-01     -0.790577E-14      0.424640E-07     -0.227442E-19
  5.0968      0.186042E-04      0.149790E-01     -0.570173E-14      0.425837E-07     -0.162094E-19
  5.1031      0.184008E-04      0.151988E-01     -0.194397E-13      0.426838E-07     -0.545939E-19
  5.1094      0.181937E-04      0.154335E-01     -0.212111E-13      0.428025E-07     -0.588258E-19
  5.1157      0.179830E-04      0.156720E-01     -0.153577E-13      0.429078E-07     -0.420472E-19
  5.1220      0.177688E-04      0.159247E-01     -0.141561E-13      0.430276E-07     -0.382488E-19
  5.1282      0.175513E-04      0.161829E-01     -0.128608E-13      0.431371E-07     -0.342817E-19
  5.1345      0.173307E-04      0.164543E-01     -0.796699E-14      0.432562E-07     -0.209442E-19
  5.1408      0.171071E-04      0.167338E-01     -0.123806E-13      0.433705E-07     -0.320880E-19
  5.1471      0.168808E-04      0.170257E-01     -0.203001E-13      0.434900E-07     -0.518543E-19
  5.1533      0.166518E-04      0.173281E-01     -0.196157E-13      0.436091E-07     -0.493661E-19
  5.1596      0.164204E-04      0.176421E-01     -0.271554E-13      0.437289E-07     -0.673093E-19
  5.1659      0.161867E-04      0.179694E-01     -0.251148E-13      0.438530E-07     -0.612908E-19
  5.1722      0.159509E-04      0.183080E-01     -0.203776E-13      0.439749E-07     -0.489459E-19
  5.1784      0.157131E-04      0.186610E-01     -0.114216E-13      0.441013E-07     -0.269926E-19
  5.1847      0.154736E-04      0.190238E-01     -0.304148E-13      0.442198E-07     -0.706975E-19
  5.1910      0.152325E-04      0.194074E-01     -0.277819E-13      0.443548E-07     -0.634944E-19
  5.1973      0.149900E-04      0.197997E-01     -0.290124E-13      0.444771E-07     -0.651719E-19
  5.2036      0.147461E-04      0.202137E-01     -0.335498E-13      0.446146E-07     -0.740492E-19
  5.2098      0.145012E-04      0.206401E-01     -0.355175E-13      0.447450E-07     -0.769973E-19
  5.2161      0.142554E-04      0.210912E-01     -0.307501E-13      0.448937E-07     -0.654531E-19
  5.2224      0.140088E-04      0.215455E-01     -0.261836E-13      0.450132E-07     -0.547031E-19
  5.2287      0.137615E-04      0.220288E-01     -0.342513E-13      0.451565E-07     -0.702111E-19
  5.2349      0.135139E-04      0.225233E-01     -0.302209E-13      0.452848E-07     -0.607614E-19
  5.2412      0.132659E-04      0.230481E-01     -0.359184E-13      0.454352E-07     -0.708067E-19
  5.2475      0.130178E-04      0.235840E-01     -0.380185E-13      0.455675E-07     -0.734569E-19
  5.2538      0.127697E-04      0.241521E-01     -0.302653E-13      0.457212E-07     -0.572938E-19
  5.2600      0.125218E-04      0.247322E-01     -0.321452E-13      0.458557E-07     -0.596000E-19
  5.2663      0.122743E-04      0.253483E-01     -0.265133E-13      0.460139E-07     -0.481287E-19
  5.2726      0.120272E-04      0.259806E-01     -0.194098E-13      0.461573E-07     -0.344835E-19
  5.2789      0.117807E-04      0.266492E-01     -0.310841E-13      0.463198E-07     -0.540281E-19
  5.2852      0.115350E-04      0.273322E-01     -0.399222E-13      0.464607E-07     -0.678619E-19
  5.2914      0.112902E-04      0.280553E-01     -0.295272E-13      0.466223E-07     -0.490684E-19
  5.2977      0.110464E-04      0.288012E-01     -0.298296E-13      0.467730E-07     -0.484430E-19
  5.3040      0.108038E-04      0.295885E-01     -0.262788E-13      0.469405E-07     -0.416899E-19
  5.3103      0.105625E-04      0.304013E-01     -0.123321E-13      0.470971E-07     -0.191046E-19
  5.3165      0.103226E-04      0.312573E-01     -0.100823E-13      0.472675E-07     -0.152466E-19
  5.3228      0.100842E-04      0.321443E-01     -0.183381E-13      0.474305E-07     -0.270587E-19
  5.3291      0.984757E-05      0.330772E-01     -0.422549E-14      0.476055E-07     -0.608143E-20
  5.3354      0.961270E-05      0.340493E-01     -0.138009E-13      0.477795E-07     -0.193660E-19
  5.3416      0.937972E-05      0.350826E-01     -0.139813E-13      0.479798E-07     -0.191211E-19
  5.3479      0.914875E-05      0.361508E-01     -0.141052E-14      0.481667E-07     -0.187935E-20
  5.3542      0.891989E-05      0.372371E-01      0.204256E-14      0.483162E-07      0.265029E-20
  5.3605      0.869325E-05      0.383800E-01     -0.175406E-13      0.484770E-07     -0.221552E-19
  5.3668      0.846892E-05      0.395881E-01      0.708023E-15      0.486557E-07      0.870194E-21
  5.3730      0.824700E-05      0.408568E-01     -0.874895E-14      0.488420E-07     -0.104589E-19
  5.3793      0.802758E-05      0.421810E-01      0.791682E-14      0.490260E-07      0.920156E-20
  5.3856      0.781074E-05      0.435738E-01     -0.477167E-14      0.492194E-07     -0.538991E-20
  5.3919      0.759656E-05      0.450255E-01      0.210226E-13      0.494071E-07      0.230684E-19
  5.3981      0.738513E-05      0.465558E-01      0.338563E-13      0.496067E-07      0.360750E-19
  5.4044      0.717651E-05      0.481500E-01     -0.129600E-13      0.497982E-07     -0.134036E-19
  5.4107      0.697079E-05      0.498334E-01      0.237615E-13      0.500037E-07      0.238427E-19
  5.4170      0.676801E-05      0.515870E-01     -0.357020E-14      0.501993E-07     -0.347416E-20
  5.4232      0.656825E-05      0.534415E-01     -0.243712E-13      0.504105E-07     -0.229890E-19
  5.4295      0.637156E-05      0.553741E-01      0.135501E-13      0.506108E-07      0.123845E-19
  5.4358      0.617800E-05      0.574196E-01      0.204312E-13      0.508273E-07      0.180855E-19
  5.4421      0.598762E-05      0.595534E-01      0.493843E-14      0.510326E-07      0.423186E-20
  5.4484      0.580045E-05      0.618130E-01      0.149239E-13      0.512541E-07      0.123746E-19
  5.4546      0.561656E-05      0.641736E-01      0.519845E-15      0.514651E-07      0.416899E-21
  5.4609      0.543596E-05      0.666736E-01     -0.299210E-13      0.516913E-07     -0.231975E-19
  5.4672      0.525870E-05      0.692901E-01      0.272110E-13      0.519084E-07      0.203850E-19
  5.4735      0.508480E-05      0.720617E-01      0.427159E-13      0.521397E-07      0.309068E-19
  5.4797      0.491430E-05      0.749668E-01     -0.679290E-14      0.523628E-07     -0.474471E-20
  5.4860      0.474721E-05      0.780407E-01      0.573219E-13      0.525963E-07      0.386326E-19
  5.4923      0.458356E-05      0.812746E-01      0.665835E-14      0.528271E-07      0.432781E-20
  5.4986      0.442335E-05      0.846954E-01     -0.796357E-14      0.530657E-07     -0.498955E-20
  5.5048      0.426661E-05      0.883011E-01     -0.185262E-13      0.533035E-07     -0.111835E-19
  5.5111      0.411333E-05      0.921130E-01     -0.135637E-13      0.535460E-07     -0.788469E-20
  5.5174      0.396353E-05      0.961496E-01      0.214018E-13      0.537956E-07      0.119743E-19
  5.5237      0.381720E-05      0.100410E+00      0.523144E-13      0.540436E-07      0.281572E-19
  5.5300      0.367434E-05      0.104920E+00      0.148461E-13      0.542959E-07      0.768285E-20
  5.5362      0.353495E-05      0.109685E+00      0.118429E-13      0.545466E-07      0.588953E-20
  5.5425      0.339901E-05      0.114753E+00     -0.589510E-14      0.548104E-07     -0.281572E-20
  5.5488      0.326653E-05      0.120098E+00     -0.681948E-14      0.550649E-07     -0.312674E-20
  5.5551      0.313747E-05      0.125788E+00      0.230165E-13      0.553328E-07      0.101247E-19
  5.5613      0.301183E-05      0.131795E+00      0.894570E-13      0.555906E-07      0.377327E-19
  5.5676      0.288958E-05      0.138214E+00      0.188265E-14      0.558691E-07      0.761006E-21
  5.5739      0.277071E-05      0.144984E+00      0.222288E-13      0.561311E-07      0.860599E-20
  5.5802      0.265517E-05      0.152237E+00     -0.820499E-14      0.564179E-07     -0.304072E-20
  5.5864      0.254296E-05      0.159905E+00      0.564438E-13      0.566913E-07      0.200112E-19
  5.5927      0.243403E-05      0.168117E+00      0.211526E-13      0.569858E-07      0.717000E-20
  5.5990      0.232835E-05      0.176775E+00     -0.638484E-14      0.572547E-07     -0.206795E-20
  5.6053      0.222589E-05      0.186089E+00      0.385875E-13      0.575545E-07      0.119346E-19
  5.6116      0.212661E-05      0.195943E+00     -0.603991E-13      0.578346E-07     -0.178274E-19
  5.6178      0.203047E-05      0.206547E+00      0.511997E-13      0.581434E-07      0.144128E-19
  5.6241      0.193743E-05      0.217782E+00      0.611053E-13      0.584315E-07      0.163947E-19
  5.6304      0.184745E-05      0.229892E+00      0.341028E-13      0.587503E-07      0.871517E-20
  5.6367      0.176047E-05      0.242801E+00     -0.958256E-13      0.590622E-07     -0.233099E-19
  5.6429      0.167646E-05      0.256778E+00      0.519213E-13      0.594154E-07      0.120140E-19
  5.6492      0.159537E-05      0.271570E+00      0.817589E-13      0.597318E-07      0.179829E-19
  5.6555      0.151714E-05      0.287400E+00     -0.259715E-14      0.600474E-07     -0.542630E-21
  5.6618      0.144172E-05      0.304228E+00      0.284581E-12      0.603367E-07      0.564402E-19
  5.6680      0.136907E-05      0.322403E+00     -0.661307E-14      0.606519E-07     -0.124408E-20
  5.6743      0.129913E-05      0.341883E+00     -0.255081E-12      0.609633E-07     -0.454850E-19
  5.6806      0.123184E-05      0.362962E+00     -0.205094E-12      0.613019E-07     -0.346390E-19
  5.6869      0.116716E-05      0.385564E+00      0.161040E-12      0.616317E-07      0.257419E-19
  5.6932      0.110501E-05      0.409989E+00     -0.526611E-13      0.619782E-07     -0.796079E-20
  5.6994      0.104536E-05      0.436249E+00     -0.198544E-12      0.623189E-07     -0.283624E-19
  5.7057      0.988128E-06      0.464641E+00      0.121671E-12      0.626720E-07      0.164113E-19
  5.7120      0.933273E-06      0.495256E+00     -0.556677E-13      0.630237E-07     -0.708397E-20
  5.7183      0.880731E-06      0.528378E+00     -0.333717E-12      0.633835E-07     -0.400322E-19
  5.7245      0.830442E-06      0.564201E+00     -0.731529E-13      0.637464E-07     -0.826519E-20
  5.7308      0.782349E-06      0.602992E+00     -0.553604E-13      0.641134E-07     -0.588622E-20
  5.7371      0.736392E-06      0.645069E+00     -0.163136E-12      0.644876E-07     -0.163087E-19
  5.7434      0.692512E-06      0.690680E+00     -0.147203E-12      0.648619E-07     -0.138238E-19
  5.7496      0.650649E-06      0.740296E+00      0.747811E-13      0.652474E-07      0.659098E-20
  5.7559      0.610744E-06      0.794151E+00     -0.182329E-12      0.656296E-07     -0.150679E-19
  5.7622      0.572738E-06      0.852905E+00     -0.524342E-12      0.660269E-07     -0.405914E-19
  5.7685      0.536572E-06      0.916780E+00     -0.325269E-12      0.664178E-07     -0.235647E-19
  5.7748      0.502187E-06      0.986657E+00      0.459690E-13      0.668268E-07      0.311351E-20
  5.7810      0.469526E-06      0.106277E+01      0.177946E-12      0.672273E-07      0.112563E-19
  5.7873      0.438530E-06      0.114626E+01     -0.445149E-12      0.676487E-07     -0.262713E-19
  5.7936      0.409143E-06      0.123737E+01      0.215239E-12      0.680582E-07      0.118386E-19
  5.7999      0.381307E-06      0.133759E+01     -0.761195E-13      0.684911E-07     -0.389768E-20
  5.8061      0.354967E-06      0.144724E+01     -0.487733E-12      0.689118E-07     -0.232239E-19
  5.8124      0.330067E-06      0.156817E+01     -0.601850E-12      0.693570E-07     -0.266187E-19
  5.8187      0.306553E-06      0.170081E+01      0.179092E-12      0.697891E-07      0.734867E-20
  5.8250      0.284370E-06      0.184749E+01     -0.489921E-13      0.702465E-07     -0.186281E-20
  5.8312      0.263466E-06      0.200885E+01     -0.109699E-11      0.706908E-07     -0.386029E-19
  5.8375      0.243789E-06      0.218777E+01     -0.491326E-12      0.711605E-07     -0.159811E-19
  5.8438      0.225287E-06      0.238522E+01     -0.100973E-11      0.716178E-07     -0.303178E-19
  5.8501      0.207911E-06      0.260476E+01     -0.182780E-11      0.721001E-07     -0.505937E-19
  5.8564      0.191611E-06      0.284786E+01     -0.124635E-11      0.725712E-07     -0.317604E-19
  5.8626      0.176339E-06      0.311896E+01     -0.269342E-12      0.730663E-07     -0.630973E-20
  5.8689      0.162048E-06      0.342023E+01     -0.843991E-12      0.735518E-07     -0.181500E-19
  5.8752      0.148692E-06      0.375720E+01     -0.191307E-11      0.740599E-07     -0.377095E-19
  5.8815      0.136227E-06      0.413314E+01      0.128022E-12      0.745606E-07      0.230949E-20
  5.8877      0.124608E-06      0.455497E+01     -0.167217E-11      0.750821E-07     -0.275633E-19
  5.8940      0.113794E-06      0.502752E+01     -0.334063E-11      0.755987E-07     -0.502330E-19
  5.9003      0.103743E-06      0.555957E+01      0.270246E-12      0.761339E-07      0.370081E-20
  5.9066      0.944146E-07      0.615819E+01     -0.175368E-11      0.766672E-07     -0.218326E-19
  5.9128      0.857706E-07      0.683466E+01     -0.125302E-11      0.772167E-07     -0.141564E-19
  5.9191      0.777732E-07      0.759929E+01     -0.757544E-12      0.777675E-07     -0.775234E-20
  5.9254      0.703860E-07      0.846674E+01     -0.299948E-11      0.783316E-07     -0.277503E-19
  5.9317      0.635739E-07      0.945201E+01     -0.602728E-11      0.789002E-07     -0.503124E-19
  5.9380      0.573031E-07      0.105745E+02     -0.429696E-11      0.794795E-07     -0.322964E-19
  5.9442      0.515409E-07      0.118562E+02     -0.273098E-11      0.800669E-07     -0.184428E-19
  5.9505      0.462560E-07      0.133231E+02     -0.338204E-11      0.806626E-07     -0.204760E-19
  5.9568      0.414182E-07      0.150071E+02      0.296876E-11      0.812697E-07      0.160771E-19
  5.9631      0.369985E-07      0.169440E+02     -0.730733E-11      0.818812E-07     -0.353123E-19
  5.9693      0.329693E-07      0.191802E+02     -0.873934E-11      0.825069E-07     -0.375937E-19
  5.9756      0.293041E-07      0.217666E+02     -0.918741E-11      0.831358E-07     -0.350907E-19
  5.9819      0.259775E-07      0.247710E+02     -0.100686E-10      0.837827E-07     -0.340550E-19
  5.9882      0.229654E-07      0.282661E+02     -0.114687E-10      0.844304E-07     -0.342569E-19
  5.9944      0.202449E-07      0.323522E+02     -0.158846E-10      0.850986E-07     -0.417825E-19
  6.0007      0.177940E-07      0.371357E+02     -0.416111E-11      0.857657E-07     -0.961018E-20
  6.0070      0.155921E-07      0.427653E+02     -0.321859E-10      0.864551E-07     -0.650677E-19
  6.0133      0.136195E-07      0.494003E+02     -0.306082E-10      0.871428E-07     -0.539934E-19
  6.0196      0.118576E-07      0.572644E+02     -0.848199E-11      0.878560E-07     -0.130132E-19
  6.0258      0.102890E-07      0.665966E+02     -0.327657E-10      0.885650E-07     -0.435742E-19
  6.0321      0.889717E-08      0.777350E+02     -0.395670E-10      0.893001E-07     -0.454536E-19
  6.0384      0.766653E-08      0.910474E+02     -0.885527E-11      0.900322E-07     -0.875653E-20
  6.0447      0.658256E-08      0.107045E+03     -0.458182E-11      0.907909E-07     -0.388609E-20
  6.0509      0.563165E-08      0.126293E+03     -0.806207E-10      0.915474E-07     -0.584403E-19
  6.0572      0.480109E-08      0.149564E+03     -0.685506E-11      0.923306E-07     -0.423186E-20
  6.0635      0.407903E-08      0.177715E+03     -0.671854E-10      0.931129E-07     -0.352015E-19
  6.0698      0.345446E-08      0.211885E+03     -0.116495E-09      0.939207E-07     -0.516376E-19
  6.0760      0.291717E-08      0.253334E+03      0.216389E-10      0.947301E-07      0.809148E-20
  6.0823      0.245775E-08      0.303648E+03      0.297948E-10      0.955633E-07      0.937692E-20
  6.0886      0.206749E-08      0.364507E+03     -0.311204E-10      0.964016E-07     -0.823045E-20
  6.0949      0.173841E-08      0.437824E+03     -0.446979E-10      0.972611E-07     -0.992948E-20
  6.1012      0.146320E-08      0.525361E+03      0.187680E-09      0.981298E-07      0.350559E-19
  6.1074      0.123518E-08      0.628616E+03     -0.161933E-09      0.990166E-07     -0.255069E-19
  6.1137      0.104827E-08      0.748198E+03      0.123040E-09      0.999169E-07      0.164311E-19
  6.1200      0.896989E-09      0.883299E+03      0.345789E-10      0.100832E-06      0.394731E-20
  6.1263      0.776360E-09      0.103093E+04     -0.104289E-09      0.101753E-06     -0.102934E-19
  6.1325      0.681926E-09      0.118579E+04      0.404334E-09      0.102697E-06      0.350179E-19
  6.1388      0.609700E-09      0.134040E+04     -0.164657E-09      0.103686E-06     -0.127369E-19
  6.1451      0.556136E-09      0.148486E+04     -0.896110E-10      0.104663E-06     -0.631635E-20
  6.1514      0.518092E-09      0.161087E+04     -0.457198E-09      0.105669E-06     -0.299911E-19
  6.1576      0.492809E-09      0.171142E+04      0.298504E-09      0.106678E-06      0.186066E-19
  6.1639      0.477872E-09      0.178403E+04     -0.390535E-09      0.107723E-06     -0.235813E-19
  6.1702      0.471186E-09      0.182873E+04     -0.280435E-09      0.108766E-06     -0.166793E-19
  6.1765      0.470944E-09      0.184981E+04      0.143859E-09      0.109852E-06      0.854312E-20
  6.1828      0.475604E-09      0.185157E+04     -0.482552E-09      0.110932E-06     -0.289108E-19
  6.1890      0.483860E-09      0.184034E+04     -0.651782E-09      0.112059E-06     -0.396873E-19
  6.1953      0.494617E-09      0.182014E+04      0.353042E-09      0.113178E-06      0.219525E-19
  6.2016      0.506967E-09      0.179598E+04     -0.119785E-10      0.114349E-06     -0.762661E-21
  6.2079      0.520170E-09      0.176996E+04     -0.375101E-09      0.115510E-06     -0.244796E-19
  6.2141      0.533626E-09      0.174525E+04      0.169117E-09      0.116725E-06      0.113109E-19
  6.2204      0.546859E-09      0.172234E+04      0.808138E-10      0.117931E-06      0.553342E-20
  6.2267      0.559501E-09      0.170316E+04     -0.570079E-09      0.119193E-06     -0.398962E-19
  6.2330      0.571270E-09      0.168731E+04      0.197178E-09      0.120446E-06      0.140753E-19
  6.2392      0.581955E-09      0.167604E+04      0.105724E-10      0.121757E-06      0.768037E-21
  6.2455      0.591405E-09      0.166859E+04     -0.404359E-09      0.123060E-06     -0.298219E-19
  6.2518      0.599515E-09      0.166591E+04      0.198601E-09      0.124422E-06      0.148330E-19
  6.2581      0.606214E-09      0.166714E+04      0.159559E-09      0.125779E-06      0.120382E-19
  6.2644      0.611457E-09      0.167312E+04     -0.316113E-09      0.127195E-06     -0.240317E-19
  6.2706      0.615216E-09      0.168308E+04     -0.115544E-10      0.128609E-06     -0.882912E-21
  6.2769      0.617476E-09      0.169783E+04     -0.123908E-09      0.130083E-06     -0.949350E-20
