 
 # six columns.
 # Omega (column 1); |pulse ft|^2 (2); cross section (Mb) (3); flux (column 5)
 
  0.0000      0.103411E-10      0.000000E+00      0.000000E+00      0.748104E-07      0.169407E-20
  0.0063      0.406993E-10      0.149700E+02      0.179791E-11      0.755987E-07      0.907950E-20
  0.0126      0.131874E-09      0.933878E+01     -0.120054E-11      0.764058E-07     -0.982225E-20
  0.0188      0.284166E-09      0.657076E+01      0.142986E-11      0.772276E-07      0.168055E-19
  0.0251      0.498076E-09      0.505277E+01     -0.598362E-12      0.780677E-07     -0.924498E-20
  0.0314      0.774308E-09      0.410737E+01     -0.313603E-12      0.789249E-07     -0.602601E-20
  0.0377      0.111377E-08      0.346460E+01      0.253590E-12      0.797999E-07      0.584093E-20
  0.0439      0.151756E-08      0.299978E+01      0.150921E-12      0.806945E-07      0.405980E-20
  0.0502      0.198701E-08      0.264796E+01      0.199986E-12      0.816070E-07      0.616332E-20
  0.0565      0.252362E-08      0.237237E+01     -0.514005E-13      0.825414E-07     -0.178836E-20
  0.0628      0.312914E-08      0.215040E+01      0.268360E-12      0.834934E-07      0.104196E-19
  0.0690      0.380551E-08      0.196777E+01     -0.231505E-12      0.844699E-07     -0.993775E-20
  0.0753      0.455488E-08      0.181461E+01     -0.202949E-12      0.854646E-07     -0.955849E-20
  0.0816      0.537962E-08      0.168434E+01      0.246840E-12      0.864857E-07      0.126745E-19
  0.0879      0.628233E-08      0.157195E+01     -0.888981E-13      0.875263E-07     -0.494985E-20
  0.0942      0.726582E-08      0.147404E+01      0.963381E-16      0.885949E-07      0.579026E-23
  0.1004      0.833314E-08      0.138779E+01     -0.698743E-13      0.896847E-07     -0.451558E-20
  0.1067      0.948756E-08      0.131127E+01      0.338761E-13      0.908038E-07      0.234588E-20
  0.1130      0.107326E-07      0.124279E+01     -0.708397E-13      0.919467E-07     -0.524102E-20
  0.1193      0.120720E-07      0.118117E+01     -0.132685E-12      0.931198E-07     -0.104605E-19
  0.1255      0.135097E-07      0.112533E+01     -0.846277E-13      0.943196E-07     -0.709307E-20
  0.1318      0.150500E-07      0.107451E+01     -0.152832E-13      0.955507E-07     -0.135906E-20
  0.1381      0.166973E-07      0.102801E+01      0.449279E-13      0.968118E-07      0.423103E-20
  0.1444      0.184564E-07      0.985294E+00     -0.312531E-13      0.981053E-07     -0.311185E-20
  0.1506      0.203324E-07      0.945899E+00      0.128374E-12      0.994324E-07      0.134946E-19
  0.1569      0.223303E-07      0.909432E+00     -0.477659E-13      0.100793E-06     -0.529396E-20
  0.1632      0.244559E-07      0.875585E+00     -0.384559E-13      0.102192E-06     -0.448828E-20
  0.1695      0.267149E-07      0.844057E+00      0.552078E-13      0.103626E-06      0.677792E-20
  0.1758      0.291133E-07      0.814640E+00     -0.123165E-12      0.105101E-06     -0.158901E-19
  0.1820      0.316576E-07      0.787097E+00     -0.869119E-13      0.106614E-06     -0.117724E-19
  0.1883      0.343544E-07      0.761288E+00     -0.109222E-12      0.108173E-06     -0.155196E-19
  0.1946      0.372107E-07      0.737021E+00     -0.678670E-13      0.109772E-06     -0.101081E-19
  0.2009      0.402337E-07      0.714202E+00     -0.131133E-12      0.111421E-06     -0.204578E-19
  0.2071      0.434310E-07      0.692678E+00     -0.935871E-13      0.113116E-06     -0.152830E-19
  0.2134      0.468103E-07      0.672374E+00     -0.381555E-13      0.114863E-06     -0.651818E-20
  0.2197      0.503800E-07      0.653169E+00      0.175804E-13      0.116660E-06      0.313998E-20
  0.2260      0.541485E-07      0.635016E+00      0.242347E-13      0.118516E-06      0.452302E-20
  0.2322      0.581245E-07      0.617812E+00     -0.184512E-13      0.120426E-06     -0.359658E-20
  0.2385      0.623173E-07      0.601520E+00      0.943098E-15      0.122400E-06      0.191906E-21
  0.2448      0.667362E-07      0.586058E+00      0.938109E-14      0.124436E-06      0.199185E-20
  0.2511      0.713911E-07      0.571396E+00     -0.335716E-13      0.126540E-06     -0.743470E-20
  0.2574      0.762921E-07      0.557470E+00      0.267405E-13      0.128714E-06      0.617408E-20
  0.2636      0.814497E-07      0.544254E+00     -0.521826E-13      0.130963E-06     -0.125566E-19
  0.2699      0.868745E-07      0.531698E+00     -0.652013E-14      0.133290E-06     -0.163451E-20
  0.2762      0.925779E-07      0.519779E+00     -0.743051E-13      0.135700E-06     -0.193990E-19
  0.2825      0.985713E-07      0.508459E+00     -0.195385E-13      0.138198E-06     -0.531050E-20
  0.2887      0.104866E-06      0.497716E+00     -0.293478E-13      0.140788E-06     -0.830158E-20
  0.2950      0.111476E-06      0.487523E+00     -0.370898E-13      0.143477E-06     -0.109155E-19
  0.3013      0.118411E-06      0.477859E+00      0.945824E-14      0.146271E-06      0.289513E-20
  0.3076      0.125686E-06      0.468706E+00     -0.414588E-13      0.149176E-06     -0.131952E-19
  0.3138      0.133314E-06      0.460045E+00      0.141016E-14      0.152199E-06      0.466530E-21
  0.3201      0.141308E-06      0.451864E+00     -0.495543E-13      0.155350E-06     -0.170366E-19
  0.3264      0.149682E-06      0.444147E+00     -0.340074E-13      0.158635E-06     -0.121463E-19
  0.3327      0.158450E-06      0.436885E+00     -0.366500E-13      0.162065E-06     -0.135955E-19
  0.3390      0.167627E-06      0.430069E+00     -0.449783E-13      0.165652E-06     -0.173245E-19
  0.3452      0.177228E-06      0.423691E+00      0.457624E-14      0.169405E-06      0.182972E-20
  0.3515      0.187269E-06      0.417751E+00     -0.297430E-13      0.173341E-06     -0.123415E-19
  0.3578      0.197764E-06      0.412235E+00     -0.131886E-13      0.177469E-06     -0.567777E-20
  0.3641      0.208730E-06      0.407162E+00     -0.152490E-13      0.181815E-06     -0.680935E-20
  0.3703      0.220183E-06      0.402497E+00     -0.484310E-13      0.186381E-06     -0.224265E-19
  0.3766      0.232140E-06      0.398307E+00     -0.192429E-13      0.191216E-06     -0.923795E-20
  0.3829      0.244617E-06      0.394270E+00     -0.433289E-13      0.196181E-06     -0.215596E-19
  0.3892      0.257632E-06      0.390858E+00     -0.980546E-14      0.201528E-06     -0.505573E-20
  0.3954      0.271203E-06      0.388360E+00     -0.486880E-13      0.207441E-06     -0.260066E-19
  0.4017      0.285347E-06      0.386117E+00     -0.622005E-15      0.213609E-06     -0.344107E-21
  0.4080      0.300082E-06      0.384274E+00     -0.135274E-13      0.220127E-06     -0.774903E-20
  0.4143      0.315427E-06      0.383049E+00     -0.181112E-13      0.227151E-06     -0.107401E-19
  0.4206      0.331400E-06      0.382330E+00     -0.517544E-15      0.234651E-06     -0.317637E-21
  0.4268      0.348020E-06      0.382359E+00     -0.159954E-13      0.242814E-06     -0.101578E-19
  0.4331      0.365307E-06      0.382924E+00     -0.189379E-14      0.251552E-06     -0.124408E-20
  0.4394      0.383280E-06      0.384498E+00     -0.298438E-13      0.261228E-06     -0.202759E-19
  0.4457      0.401958E-06      0.386552E+00     -0.109086E-13      0.271542E-06     -0.766300E-20
  0.4519      0.421362E-06      0.390175E+00     -0.260449E-13      0.283327E-06     -0.189127E-19
  0.4582      0.441511E-06      0.393753E+00     -0.165424E-13      0.295495E-06     -0.124143E-19
  0.4645      0.462426E-06      0.400566E+00      0.267980E-14      0.310593E-06      0.207788E-20
  0.4708      0.484126E-06      0.403272E+00     -0.169206E-13      0.323000E-06     -0.135525E-19
  0.4770      0.506633E-06      0.427716E+00      0.366412E-14      0.353787E-06      0.303079E-20
  0.4833      0.529967E-06      0.480749E+00     -0.110031E-13      0.410567E-06     -0.939677E-20
  0.4896      0.554149E-06      0.483731E+00     -0.113952E-13      0.426425E-06     -0.100453E-19
  0.4959      0.579200E-06      0.493338E+00     -0.202803E-13      0.448800E-06     -0.184494E-19
  0.5022      0.605141E-06      0.528512E+00     -0.183876E-13      0.496053E-06     -0.172583E-19
  0.5084      0.631993E-06      0.590354E+00     -0.574164E-15      0.571539E-06     -0.555865E-21
  0.5147      0.659776E-06      0.760906E+00     -0.737065E-14      0.759662E-06     -0.735860E-20
  0.5210      0.688513E-06      0.114399E+01     -0.412491E-13      0.117750E-05     -0.424575E-19
  0.5273      0.718224E-06      0.161577E+01     -0.345302E-13      0.171422E-05     -0.366342E-19
  0.5335      0.748930E-06      0.219649E+01      0.784452E-14      0.240136E-05      0.857621E-20
  0.5398      0.780652E-06      0.400828E+01     -0.137433E-12      0.451465E-05     -0.154795E-18
  0.5461      0.813412E-06      0.588132E+01     -0.741085E-13      0.682296E-05     -0.859738E-19
  0.5524      0.847230E-06      0.610085E+01     -0.292482E-12      0.728812E-05     -0.349401E-18
  0.5586      0.882128E-06      0.648795E+01     -0.202832E-12      0.797914E-05     -0.249451E-18
  0.5649      0.918125E-06      0.764457E+01     -0.497525E-12      0.967652E-05     -0.629769E-18
  0.5712      0.955242E-06      0.103136E+02     -0.463997E-12      0.134335E-04     -0.604358E-18
  0.5775      0.993501E-06      0.133925E+02     -0.107780E-11      0.179452E-04     -0.144419E-17
  0.5838      0.103292E-05      0.206879E+02     -0.565455E-13      0.285106E-04     -0.779270E-19
  0.5900      0.107352E-05      0.362259E+02      0.637190E-12      0.513344E-04      0.902937E-18
  0.5963      0.111532E-05      0.377840E+02     -0.693097E-12      0.550415E-04     -0.100966E-17
  0.6026      0.115834E-05      0.192269E+02      0.294193E-13      0.287859E-04      0.440457E-19
  0.6089      0.120260E-05      0.606016E+01     -0.207856E-12      0.932266E-05     -0.319755E-18
  0.6151      0.124812E-05      0.343535E+01     -0.411380E-13      0.542884E-05     -0.650098E-19
  0.6214      0.129491E-05      0.295072E+01     -0.140261E-12      0.478892E-05     -0.227640E-18
  0.6277      0.134299E-05      0.305757E+01     -0.828527E-13      0.509516E-05     -0.138066E-18
  0.6340      0.139239E-05      0.393860E+01     -0.246594E-12      0.673735E-05     -0.421822E-18
  0.6402      0.144312E-05      0.488960E+01     -0.204577E-12      0.858385E-05     -0.359142E-18
  0.6465      0.149519E-05      0.630220E+01     -0.141547E-12      0.113516E-04     -0.254957E-18
  0.6528      0.154863E-05      0.613379E+01     -0.361936E-12      0.113331E-04     -0.668733E-18
  0.6591      0.160344E-05      0.867566E+01     -0.330797E-12      0.164389E-04     -0.626804E-18
  0.6654      0.165964E-05      0.146419E+02     -0.109087E-11      0.284455E-04     -0.211928E-17
  0.6716      0.171725E-05      0.115720E+02      0.433853E-13      0.230445E-04      0.863974E-19
  0.6779      0.177628E-05      0.519909E+01     -0.168719E-12      0.106102E-04     -0.344319E-18
  0.6842      0.183675E-05      0.543262E+01     -0.530690E-13      0.113590E-04     -0.110961E-18
  0.6905      0.189866E-05      0.112458E+02      0.957092E-13      0.240853E-04      0.204982E-18
  0.6967      0.196203E-05      0.167420E+02     -0.459576E-12      0.367195E-04     -0.100797E-17
  0.7030      0.202687E-05      0.153289E+02     -0.106374E-12      0.344211E-04     -0.238863E-18
  0.7093      0.209319E-05      0.147304E+02     -0.627223E-12      0.338573E-04     -0.144165E-17
  0.7156      0.216100E-05      0.187115E+02     -0.409092E-12      0.440114E-04     -0.962229E-18
  0.7218      0.223031E-05      0.204551E+02     -0.118971E-11      0.492238E-04     -0.286297E-17
  0.7281      0.230113E-05      0.195192E+02     -0.726783E-12      0.480453E-04     -0.178893E-17
  0.7344      0.237346E-05      0.187924E+02     -0.139584E-11      0.473024E-04     -0.351349E-17
  0.7407      0.244730E-05      0.191822E+02     -0.101640E-11      0.493642E-04     -0.261564E-17
  0.7470      0.252268E-05      0.197816E+02     -0.636305E-12      0.520334E-04     -0.167374E-17
  0.7532      0.259958E-05      0.199754E+02     -0.136004E-11      0.536939E-04     -0.365579E-17
  0.7595      0.267802E-05      0.199986E+02      0.189997E-12      0.549205E-04      0.521772E-18
  0.7658      0.275799E-05      0.198751E+02     -0.531463E-12      0.557506E-04     -0.149078E-17
  0.7721      0.283950E-05      0.199356E+02     -0.118281E-12      0.571050E-04     -0.338813E-18
  0.7783      0.292255E-05      0.200396E+02     -0.857324E-12      0.586052E-04     -0.250722E-17
  0.7846      0.300714E-05      0.202167E+02     -0.434720E-12      0.603476E-04     -0.129765E-17
  0.7909      0.309326E-05      0.203374E+02     -0.118456E-11      0.619508E-04     -0.360836E-17
  0.7972      0.318091E-05      0.204150E+02     -0.760959E-12      0.634459E-04     -0.236492E-17
  0.8034      0.327009E-05      0.204591E+02     -0.333471E-12      0.648549E-04     -0.105710E-17
  0.8097      0.336080E-05      0.204849E+02     -0.108268E-11      0.662208E-04     -0.349994E-17
  0.8160      0.345302E-05      0.205410E+02     -0.654842E-12      0.676993E-04     -0.215824E-17
  0.8223      0.354676E-05      0.205897E+02     -0.141297E-11      0.691699E-04     -0.474677E-17
  0.8286      0.364199E-05      0.206736E+02     -0.981748E-12      0.707763E-04     -0.336103E-17
  0.8348      0.373872E-05      0.207259E+02     -0.172126E-11      0.722923E-04     -0.600377E-17
  0.8411      0.383693E-05      0.207982E+02     -0.129406E-11      0.738945E-04     -0.459769E-17
  0.8474      0.393661E-05      0.208286E+02     -0.204043E-11      0.753625E-04     -0.738274E-17
  0.8537      0.403775E-05      0.208783E+02     -0.435945E-12      0.769133E-04     -0.160597E-17
  0.8599      0.414033E-05      0.208964E+02      0.271057E-14      0.783597E-04      0.101644E-19
  0.8662      0.424433E-05      0.209378E+02     -0.767961E-12      0.799040E-04     -0.293073E-17
  0.8725      0.434975E-05      0.209590E+02     -0.324599E-12      0.813815E-04     -0.126039E-17
  0.8788      0.445655E-05      0.209990E+02     -0.107567E-11      0.829422E-04     -0.424872E-17
  0.8850      0.456472E-05      0.210236E+02     -0.639334E-12      0.844520E-04     -0.256820E-17
  0.8913      0.467425E-05      0.210571E+02     -0.139526E-11      0.860061E-04     -0.569884E-17
  0.8976      0.478510E-05      0.210793E+02     -0.962900E-12      0.875219E-04     -0.399800E-17
  0.9039      0.489725E-05      0.211012E+02     -0.523494E-12      0.890437E-04     -0.220906E-17
  0.9102      0.501068E-05      0.211187E+02     -0.130221E-11      0.905530E-04     -0.558364E-17
  0.9164      0.512537E-05      0.211305E+02     -0.857162E-12      0.920428E-04     -0.373372E-17
  0.9227      0.524128E-05      0.211466E+02     -0.161744E-11      0.935552E-04     -0.715573E-17
  0.9290      0.535839E-05      0.211505E+02     -0.117654E-11      0.950168E-04     -0.528549E-17
  0.9353      0.547667E-05      0.211670E+02     -0.193597E-11      0.965377E-04     -0.882947E-17
  0.9415      0.559608E-05      0.211617E+02     -0.300085E-12      0.979603E-04     -0.138913E-17
  0.9478      0.571660E-05      0.211773E+02     -0.106170E-11      0.994806E-04     -0.498733E-17
  0.9541      0.583818E-05      0.211519E+02     -0.635561E-12      0.100807E-03     -0.302899E-17
  0.9604      0.596080E-05      0.211582E+02     -0.186433E-12      0.102282E-03     -0.901243E-18
  0.9666      0.608441E-05      0.210625E+02     -0.952368E-12      0.103256E-03     -0.466885E-17
  0.9729      0.620899E-05      0.211740E+02     -0.513967E-12      0.105244E-03     -0.255465E-17
  0.9792      0.633449E-05      0.216883E+02     -0.130457E-11      0.109275E-03     -0.657298E-17
  0.9855      0.646087E-05      0.218361E+02     -0.867901E-12      0.111499E-03     -0.443168E-17
  0.9918      0.658808E-05      0.216416E+02     -0.163847E-11      0.111969E-03     -0.847711E-17
  0.9980      0.671610E-05      0.218581E+02     -0.121403E-11      0.114562E-03     -0.636291E-17
  1.0043      0.684487E-05      0.211669E+02     -0.193398E-11      0.112360E-03     -0.102660E-16
  1.0106      0.697435E-05      0.203127E+02     -0.143340E-11      0.109182E-03     -0.770461E-17
  1.0169      0.710449E-05      0.211380E+02     -0.105226E-11      0.115024E-03     -0.572594E-17
  1.0231      0.723525E-05      0.217258E+02     -0.185901E-11      0.119660E-03     -0.102389E-16
  1.0294      0.736657E-05      0.214072E+02     -0.177507E-12      0.119313E-03     -0.989334E-18
  1.0357      0.749841E-05      0.211001E+02     -0.933725E-12      0.118981E-03     -0.526516E-17
  1.0420      0.763073E-05      0.212327E+02     -0.172145E-11      0.121107E-03     -0.981881E-17
  1.0482      0.776346E-05      0.215448E+02     -0.657859E-13      0.124276E-03     -0.379471E-18
  1.0545      0.789655E-05      0.214712E+02     -0.836542E-12      0.125225E-03     -0.487891E-17
  1.0608      0.802996E-05      0.211448E+02     -0.158612E-11      0.124663E-03     -0.935124E-17
  1.0671      0.816362E-05      0.209671E+02      0.591362E-13      0.124934E-03      0.352366E-18
  1.0734      0.829749E-05      0.209464E+02     -0.703417E-12      0.126115E-03     -0.423516E-17
  1.0796      0.843150E-05      0.209020E+02     -0.145496E-11      0.127136E-03     -0.884980E-17
  1.0859      0.856560E-05      0.208724E+02     -0.221701E-11      0.128231E-03     -0.136203E-16
  1.0922      0.869974E-05      0.208228E+02     -0.593098E-12      0.129182E-03     -0.367951E-17
  1.0985      0.883385E-05      0.207958E+02     -0.133069E-11      0.130255E-03     -0.833480E-17
  1.1047      0.896787E-05      0.207636E+02     -0.207711E-11      0.131276E-03     -0.131324E-16
  1.1110      0.910176E-05      0.207433E+02     -0.281647E-11      0.132354E-03     -0.179707E-16
  1.1173      0.923543E-05      0.207187E+02     -0.120939E-11      0.133385E-03     -0.778593E-17
  1.1236      0.936885E-05      0.206997E+02     -0.195846E-11      0.134432E-03     -0.127190E-16
  1.1298      0.950193E-05      0.206866E+02     -0.271461E-11      0.135499E-03     -0.177809E-16
  1.1361      0.963463E-05      0.206864E+02     -0.110187E-11      0.136631E-03     -0.727771E-17
  1.1424      0.976688E-05      0.207155E+02     -0.184602E-11      0.137939E-03     -0.122921E-16
  1.1487      0.989861E-05      0.207872E+02     -0.259878E-11      0.139517E-03     -0.174421E-16
  1.1550      0.100298E-04      0.209568E+02     -0.337229E-11      0.141744E-03     -0.228089E-16
  1.1612      0.101603E-04      0.213050E+02      0.640376E-12      0.145185E-03      0.436391E-17
  1.1675      0.102901E-04      0.220322E+02     -0.132276E-12      0.151241E-03     -0.908019E-18
  1.1738      0.104191E-04      0.231752E+02     -0.991913E-12      0.160221E-03     -0.685758E-17
  1.1801      0.105474E-04      0.238451E+02      0.839083E-12      0.165994E-03      0.584114E-17
  1.1863      0.106747E-04      0.233060E+02     -0.232061E-13      0.163330E-03     -0.162630E-18
  1.1926      0.108010E-04      0.223192E+02     -0.826172E-12      0.157434E-03     -0.582759E-17
  1.1989      0.109264E-04      0.216112E+02     -0.156943E-11      0.153401E-03     -0.111402E-16
  1.2052      0.110506E-04      0.211739E+02      0.986807E-13      0.151214E-03      0.704731E-18
  1.2114      0.111737E-04      0.208865E+02     -0.658415E-12      0.150042E-03     -0.472983E-17
  1.2177      0.112956E-04      0.206900E+02     -0.141255E-11      0.149477E-03     -0.102051E-16
  1.2240      0.114161E-04      0.205402E+02      0.199624E-12      0.149209E-03      0.145012E-17
  1.2303      0.115354E-04      0.204246E+02     -0.540046E-12      0.149154E-03     -0.394379E-17
  1.2366      0.116532E-04      0.203263E+02     -0.127035E-11      0.149192E-03     -0.932414E-17
  1.2428      0.117696E-04      0.202436E+02     -0.198630E-11      0.149310E-03     -0.146503E-16
  1.2491      0.118844E-04      0.201687E+02     -0.420647E-12      0.149454E-03     -0.311708E-17
  1.2554      0.119976E-04      0.201018E+02     -0.115071E-11      0.149626E-03     -0.856520E-17
  1.2617      0.121092E-04      0.200392E+02     -0.187645E-11      0.149798E-03     -0.140269E-16
  1.2679      0.122190E-04      0.199810E+02     -0.258747E-11      0.149971E-03     -0.194208E-16
  1.2742      0.123270E-04      0.199255E+02     -0.103963E-11      0.150134E-03     -0.783336E-17
  1.2805      0.124332E-04      0.198725E+02     -0.175445E-11      0.150284E-03     -0.132679E-16
  1.2868      0.125375E-04      0.198216E+02     -0.245739E-11      0.150419E-03     -0.186483E-16
  1.2930      0.126399E-04      0.197718E+02     -0.925639E-12      0.150532E-03     -0.704731E-17
  1.2993      0.127402E-04      0.197241E+02     -0.163444E-11      0.150630E-03     -0.124819E-16
  1.3056      0.128384E-04      0.196769E+02     -0.234998E-11      0.150699E-03     -0.179978E-16
  1.3119      0.129345E-04      0.196319E+02     -0.304791E-11      0.150755E-03     -0.234052E-16
  1.3182      0.130284E-04      0.195871E+02     -0.151053E-11      0.150782E-03     -0.116281E-16
  1.3244      0.131201E-04      0.195451E+02     -0.221149E-11      0.150799E-03     -0.170626E-16
  1.3307      0.132094E-04      0.195037E+02     -0.290461E-11      0.150790E-03     -0.224565E-16
  1.3370      0.132965E-04      0.194669E+02     -0.139799E-11      0.150785E-03     -0.108285E-16
  1.3433      0.133811E-04      0.194326E+02      0.113540E-12      0.150769E-03      0.880914E-18
  1.3495      0.134632E-04      0.194071E+02     -0.596526E-12      0.150792E-03     -0.463496E-17
  1.3558      0.135428E-04      0.193932E+02     -0.129085E-11      0.150873E-03     -0.100424E-16
  1.3621      0.136199E-04      0.194079E+02      0.226225E-12      0.151147E-03      0.176183E-17
  1.3684      0.136944E-04      0.194908E+02     -0.476405E-12      0.151923E-03     -0.371339E-17
  1.3746      0.137663E-04      0.197716E+02     -0.119023E-11      0.154213E-03     -0.928348E-17
  1.3809      0.138354E-04      0.211873E+02      0.359512E-12      0.165331E-03      0.280537E-17
  1.3872      0.139019E-04      0.226098E+02     -0.432346E-12      0.176475E-03     -0.337458E-17
  1.3935      0.139655E-04      0.215521E+02     -0.119974E-11      0.168229E-03     -0.936480E-17
  1.3998      0.140264E-04      0.198242E+02     -0.181463E-11      0.154719E-03     -0.141624E-16
  1.4060      0.140844E-04      0.192902E+02     -0.262301E-12      0.150499E-03     -0.204643E-17
  1.4123      0.141395E-04      0.191003E+02     -0.952451E-12      0.148935E-03     -0.742678E-17
  1.4186      0.141917E-04      0.189669E+02     -0.162282E-11      0.147784E-03     -0.126445E-16
  1.4249      0.142409E-04      0.188847E+02     -0.230336E-11      0.147004E-03     -0.179300E-16
  1.4311      0.142872E-04      0.188061E+02     -0.833162E-12      0.146224E-03     -0.647811E-17
  1.4374      0.143304E-04      0.187463E+02     -0.151499E-11      0.145561E-03     -0.117636E-16
  1.4437      0.143706E-04      0.186820E+02     -0.217988E-11      0.144836E-03     -0.169000E-16
  1.4500      0.144077E-04      0.186294E+02     -0.730241E-12      0.144175E-03     -0.565140E-17
  1.4562      0.144418E-04      0.185689E+02     -0.139667E-11      0.143425E-03     -0.107878E-16
  1.4625      0.144727E-04      0.185194E+02     -0.205734E-11      0.142733E-03     -0.158565E-16
  1.4688      0.145004E-04      0.184636E+02     -0.272142E-11      0.141967E-03     -0.209251E-16
  1.4751      0.145250E-04      0.184194E+02     -0.128646E-11      0.141264E-03     -0.986624E-17
  1.4814      0.145465E-04      0.183592E+02     -0.195454E-11      0.140413E-03     -0.149484E-16
  1.4876      0.145647E-04      0.183136E+02     -0.260552E-11      0.139648E-03     -0.198680E-16
  1.4939      0.145797E-04      0.182494E+02     -0.117675E-11      0.138716E-03     -0.894467E-17
  1.5002      0.145915E-04      0.182060E+02     -0.183372E-11      0.137919E-03     -0.138913E-16
  1.5065      0.146001E-04      0.181314E+02     -0.247410E-11      0.136862E-03     -0.186754E-16
  1.5127      0.146055E-04      0.180942E+02     -0.312690E-11      0.136065E-03     -0.235136E-16
  1.5190      0.146076E-04      0.179840E+02      0.329323E-12      0.134696E-03      0.246656E-17
  1.5253      0.146064E-04      0.179576E+02     -0.327075E-12      0.133935E-03     -0.243945E-17
  1.5316      0.146021E-04      0.174525E+02     -0.941757E-12      0.129595E-03     -0.699310E-17
  1.5378      0.145944E-04      0.168174E+02     -0.151085E-11      0.124304E-03     -0.111673E-16
  1.5441      0.145835E-04      0.174845E+02     -0.215562E-12      0.128613E-03     -0.158565E-17
  1.5504      0.145694E-04      0.178099E+02     -0.855482E-12      0.130351E-03     -0.626127E-17
  1.5567      0.145520E-04      0.176213E+02     -0.148913E-11      0.128297E-03     -0.108420E-16
  1.5630      0.145314E-04      0.176548E+02     -0.119780E-12      0.127844E-03     -0.867362E-18
  1.5692      0.145076E-04      0.175702E+02     -0.764159E-12      0.126514E-03     -0.550233E-17
  1.5755      0.144806E-04      0.175221E+02     -0.139152E-11      0.125431E-03     -0.996111E-17
  1.5818      0.144504E-04      0.173663E+02     -0.199807E-11      0.123564E-03     -0.142166E-16
  1.5881      0.144170E-04      0.170676E+02     -0.633479E-12      0.120679E-03     -0.447911E-17
  1.5943      0.143804E-04      0.171510E+02     -0.125205E-11      0.120485E-03     -0.879559E-17
  1.6006      0.143407E-04      0.173791E+02     -0.189943E-11      0.121273E-03     -0.132544E-16
  1.6069      0.142978E-04      0.173043E+02     -0.552461E-12      0.119920E-03     -0.382859E-17
  1.6132      0.142519E-04      0.172299E+02     -0.118076E-11      0.118557E-03     -0.812474E-17
  1.6194      0.142029E-04      0.171851E+02     -0.179459E-11      0.117386E-03     -0.122583E-16
  1.6257      0.141508E-04      0.171641E+02     -0.240390E-11      0.116362E-03     -0.162969E-16
  1.6320      0.140957E-04      0.171357E+02     -0.106776E-11      0.115272E-03     -0.718284E-17
  1.6383      0.140376E-04      0.170882E+02     -0.167741E-11      0.114040E-03     -0.111944E-16
  1.6446      0.139766E-04      0.169694E+02     -0.228393E-11      0.112324E-03     -0.151178E-16
  1.6508      0.139126E-04      0.169093E+02     -0.966285E-12      0.110991E-03     -0.634258E-17
  1.6571      0.138458E-04      0.168606E+02     -0.157755E-11      0.109722E-03     -0.102660E-16
  1.6634      0.137761E-04      0.168235E+02     -0.217982E-11      0.108519E-03     -0.140607E-16
  1.6697      0.137036E-04      0.167765E+02     -0.277524E-11      0.107241E-03     -0.177403E-16
  1.6759      0.136283E-04      0.167472E+02     -0.146901E-11      0.106067E-03     -0.930381E-17
  1.6822      0.135502E-04      0.167110E+02     -0.206627E-11      0.104838E-03     -0.129630E-16
  1.6885      0.134695E-04      0.167294E+02     -0.267862E-11      0.103941E-03     -0.166425E-16
  1.6948      0.133862E-04      0.167178E+02     -0.328362E-11      0.102844E-03     -0.202000E-16
  1.7010      0.133002E-04      0.166066E+02     -0.912448E-13      0.101129E-03     -0.555654E-18
  1.7073      0.132117E-04      0.165694E+02     -0.684717E-12      0.998626E-04     -0.412674E-17
  1.7136      0.131207E-04      0.164870E+02     -0.127378E-11      0.983203E-04     -0.759619E-17
  1.7199      0.130272E-04      0.163684E+02      0.689180E-14      0.965641E-04      0.406576E-19
  1.7261      0.129314E-04      0.164227E+02     -0.583009E-12      0.958216E-04     -0.340168E-17
  1.7324      0.128332E-04      0.162782E+02     -0.116629E-11      0.939158E-04     -0.672883E-17
  1.7387      0.127327E-04      0.158384E+02     -0.171083E-11      0.903353E-04     -0.975782E-17
  1.7450      0.126300E-04      0.156963E+02     -0.485632E-12      0.884832E-04     -0.273761E-17
  1.7513      0.125251E-04      0.157242E+02     -0.104861E-11      0.875895E-04     -0.584114E-17
  1.7575      0.124180E-04      0.157162E+02     -0.161679E-11      0.864866E-04     -0.889723E-17
  1.7638      0.123089E-04      0.156949E+02     -0.400197E-12      0.853061E-04     -0.217518E-17
  1.7701      0.121979E-04      0.156554E+02     -0.958277E-12      0.840243E-04     -0.514318E-17
  1.7764      0.120848E-04      0.156147E+02     -0.152315E-11      0.827360E-04     -0.807053E-17
  1.7826      0.119699E-04      0.155711E+02     -0.208481E-11      0.814325E-04     -0.109030E-16
  1.7889      0.118532E-04      0.155226E+02     -0.882394E-12      0.801053E-04     -0.455365E-17
  1.7952      0.117347E-04      0.154739E+02     -0.142949E-11      0.787796E-04     -0.727771E-17
  1.8015      0.116145E-04      0.154238E+02     -0.197698E-11      0.774494E-04     -0.992723E-17
  1.8077      0.114927E-04      0.153756E+02     -0.774585E-12      0.761324E-04     -0.383537E-17
  1.8140      0.113694E-04      0.153252E+02     -0.132154E-11      0.748086E-04     -0.645100E-17
  1.8203      0.112445E-04      0.152782E+02     -0.187324E-11      0.735060E-04     -0.901243E-17
  1.8266      0.111182E-04      0.152316E+02     -0.242133E-11      0.722097E-04     -0.114790E-16
  1.8329      0.109906E-04      0.151988E+02     -0.124489E-11      0.709829E-04     -0.581403E-17
  1.8391      0.108617E-04      0.152108E+02     -0.179138E-11      0.699658E-04     -0.823994E-17
  1.8454      0.107315E-04      0.151571E+02     -0.231901E-11      0.686493E-04     -0.105032E-16
  1.8517      0.106002E-04      0.150225E+02     -0.283599E-11      0.669791E-04     -0.126445E-16
  1.8580      0.104678E-04      0.149391E+02     -0.166008E-11      0.655530E-04     -0.728448E-17
  1.8642      0.103343E-04      0.148832E+02     -0.219571E-11      0.642582E-04     -0.947999E-17
  1.8705      0.101999E-04      0.148327E+02     -0.272674E-11      0.629952E-04     -0.115806E-16
  1.8768      0.100647E-04      0.147808E+02      0.997771E-13      0.617351E-04      0.416740E-18
  1.8831      0.992857E-05      0.147306E+02     -0.423258E-12      0.604912E-04     -0.173811E-17
  1.8893      0.979172E-05      0.146794E+02     -0.945147E-12      0.592527E-04     -0.381504E-17
  1.8956      0.965420E-05      0.146293E+02     -0.147088E-11      0.580284E-04     -0.583436E-17
  1.9019      0.951607E-05      0.145789E+02     -0.330386E-12      0.568129E-04     -0.128749E-17
  1.9082      0.937739E-05      0.145293E+02     -0.859537E-12      0.556108E-04     -0.328988E-17
  1.9145      0.923823E-05      0.144798E+02     -0.138109E-11      0.544199E-04     -0.519062E-17
  1.9207      0.909867E-05      0.144309E+02     -0.267233E-12      0.532423E-04     -0.985946E-18
  1.9270      0.895876E-05      0.143825E+02     -0.774772E-12      0.520777E-04     -0.280537E-17
  1.9333      0.881858E-05      0.143356E+02     -0.129224E-11      0.509298E-04     -0.459092E-17
  1.9396      0.867820E-05      0.142901E+02     -0.180452E-11      0.497983E-04     -0.628837E-17
  1.9458      0.853766E-05      0.142447E+02     -0.689066E-12      0.486784E-04     -0.235475E-17
  1.9521      0.839706E-05      0.141985E+02     -0.120347E-11      0.475681E-04     -0.403188E-17
  1.9584      0.825643E-05      0.141576E+02     -0.171080E-11      0.464874E-04     -0.561752E-17
  1.9647      0.811586E-05      0.141164E+02     -0.222938E-11      0.454173E-04     -0.717267E-17
  1.9709      0.797541E-05      0.141010E+02     -0.112128E-11      0.444407E-04     -0.353382E-17
  1.9772      0.783513E-05      0.140583E+02     -0.162363E-11      0.433887E-04     -0.501105E-17
  1.9835      0.769509E-05      0.139208E+02     -0.210695E-11      0.420626E-04     -0.636630E-17
  1.9898      0.755535E-05      0.138628E+02     -0.101964E-11      0.409971E-04     -0.301544E-17
  1.9961      0.741597E-05      0.138510E+02     -0.152566E-11      0.400800E-04     -0.441474E-17
  2.0023      0.727701E-05      0.138198E+02     -0.202052E-11      0.391176E-04     -0.571917E-17
  2.0086      0.713852E-05      0.137979E+02     -0.253009E-11      0.381926E-04     -0.700327E-17
  2.0149      0.700058E-05      0.137822E+02     -0.144488E-11      0.372952E-04     -0.390990E-17
  2.0212      0.686322E-05      0.137940E+02     -0.194598E-11      0.364811E-04     -0.514657E-17
  2.0274      0.672651E-05      0.138580E+02     -0.245062E-11      0.358093E-04     -0.633242E-17
  2.0337      0.659050E-05      0.140966E+02     -0.139743E-11      0.355792E-04     -0.352705E-17
  2.0400      0.645525E-05      0.143310E+02     -0.193840E-11      0.353193E-04     -0.477727E-17
  2.0463      0.632080E-05      0.141426E+02     -0.242864E-11      0.340244E-04     -0.584283E-17
  2.0525      0.618720E-05      0.137633E+02     -0.131037E-11      0.323129E-04     -0.307642E-17
  2.0588      0.605451E-05      0.135561E+02     -0.221151E-12      0.310490E-04     -0.506526E-18
  2.0651      0.592278E-05      0.134563E+02     -0.223498E-11      0.300580E-04     -0.499241E-17
  2.0714      0.579205E-05      0.133865E+02     -0.117536E-11      0.291536E-04     -0.255973E-17
  2.0777      0.566236E-05      0.133375E+02     -0.137272E-12      0.283108E-04     -0.291379E-18
  2.0839      0.553377E-05      0.132987E+02     -0.213132E-11      0.275042E-04     -0.440796E-17
  2.0902      0.540631E-05      0.132776E+02     -0.109743E-11      0.267474E-04     -0.221076E-17
  2.0965      0.528002E-05      0.132824E+02     -0.846370E-13      0.260539E-04     -0.166018E-18
  2.1028      0.515495E-05      0.133409E+02     -0.207261E-11      0.254726E-04     -0.395734E-17
  2.1090      0.503114E-05      0.133665E+02     -0.103580E-11      0.248342E-04     -0.192446E-17
  2.1153      0.490862E-05      0.132649E+02      0.468667E-14      0.239739E-04      0.847033E-20
  2.1216      0.478742E-05      0.131209E+02     -0.195675E-11      0.230598E-04     -0.343895E-17
  2.1279      0.466759E-05      0.130189E+02     -0.931099E-12      0.222420E-04     -0.159073E-17
  2.1341      0.454916E-05      0.130609E+02      0.785710E-13      0.216836E-04      0.130443E-18
  2.1404      0.443215E-05      0.131209E+02     -0.190757E-11      0.211607E-04     -0.307642E-17
  2.1467      0.431660E-05      0.130340E+02     -0.862117E-12      0.204127E-04     -0.135017E-17
  2.1530      0.420254E-05      0.129575E+02     -0.280583E-11      0.196990E-04     -0.426566E-17
  2.1593      0.408999E-05      0.129084E+02     -0.179022E-11      0.190434E-04     -0.264105E-17
  2.1655      0.397898E-05      0.128620E+02     -0.784846E-12      0.184063E-04     -0.112317E-17
  2.1718      0.386953E-05      0.128237E+02     -0.271260E-11      0.177953E-04     -0.376421E-17
  2.1781      0.376168E-05      0.127854E+02     -0.171030E-11      0.171978E-04     -0.230054E-17
  2.1844      0.365543E-05      0.127518E+02     -0.732418E-12      0.166203E-04     -0.954606E-18
  2.1906      0.355080E-05      0.127173E+02     -0.261806E-11      0.160547E-04     -0.330512E-17
  2.1969      0.344783E-05      0.126871E+02     -0.161879E-11      0.155077E-04     -0.197867E-17
  2.2032      0.334651E-05      0.126560E+02     -0.640813E-12      0.149723E-04     -0.758094E-18
  2.2095      0.324688E-05      0.126398E+02     -0.252881E-11      0.144667E-04     -0.289431E-17
  2.2157      0.314893E-05      0.126364E+02     -0.155117E-11      0.139868E-04     -0.171694E-17
  2.2220      0.305269E-05      0.126080E+02     -0.344273E-11      0.134907E-04     -0.368375E-17
  2.2283      0.295817E-05      0.125527E+02     -0.247158E-11      0.129789E-04     -0.255550E-17
  2.2346      0.286537E-05      0.125411E+02     -0.147151E-11      0.125249E-04     -0.146960E-17
  2.2409      0.277431E-05      0.125484E+02     -0.334506E-11      0.120999E-04     -0.322550E-17
  2.2471      0.268498E-05      0.125192E+02     -0.237470E-11      0.116504E-04     -0.220991E-17
  2.2534      0.259740E-05      0.124683E+02     -0.138791E-11      0.111933E-04     -0.124599E-17
  2.2597      0.251157E-05      0.124376E+02     -0.324756E-11      0.107668E-04     -0.281130E-17
  2.2660      0.242749E-05      0.124054E+02     -0.228314E-11      0.103507E-04     -0.190498E-17
  2.2722      0.234517E-05      0.123804E+02     -0.135878E-11      0.995195E-05     -0.109225E-17
  2.2785      0.226460E-05      0.123515E+02     -0.315139E-11      0.956114E-05     -0.243945E-17
  2.2848      0.218578E-05      0.123279E+02     -0.221622E-11      0.918545E-05     -0.165129E-17
  2.2911      0.210871E-05      0.122992E+02     -0.126431E-11      0.881671E-05     -0.906325E-18
  2.2973      0.203338E-05      0.122749E+02     -0.309025E-11      0.846180E-05     -0.213029E-17
  2.3036      0.195980E-05      0.122452E+02     -0.213867E-11      0.811369E-05     -0.141709E-17
  2.3099      0.188795E-05      0.122381E+02     -0.398052E-11      0.779044E-05     -0.253390E-17
  2.3162      0.181783E-05      0.122759E+02     -0.306862E-11      0.750390E-05     -0.187575E-17
  2.3225      0.174943E-05      0.122938E+02      0.719722E-12      0.721251E-05      0.422246E-18
  2.3287      0.168273E-05      0.122499E+02     -0.110170E-11      0.689415E-05     -0.620028E-18
  2.3350      0.161774E-05      0.122139E+02     -0.133428E-12      0.659060E-05     -0.719978E-19
  2.3413      0.155443E-05      0.121769E+02      0.791187E-12      0.629657E-05      0.409117E-18
  2.3476      0.149279E-05      0.121277E+02     -0.102702E-11      0.600637E-05     -0.508643E-18
  2.3538      0.143282E-05      0.120372E+02     -0.893314E-13      0.570680E-05     -0.423516E-19
  2.3601      0.137449E-05      0.120049E+02      0.782447E-12      0.544524E-05      0.354907E-18
  2.3664      0.131779E-05      0.120587E+02     -0.937413E-12      0.523012E-05     -0.406576E-18
  2.3727      0.126270E-05      0.120827E+02      0.301424E-13      0.500818E-05      0.124937E-19
  2.3789      0.120921E-05      0.120799E+02     -0.179886E-11      0.478224E-05     -0.712143E-18
  2.3852      0.115730E-05      0.120721E+02     -0.877535E-12      0.456196E-05     -0.331613E-18
  2.3915      0.110694E-05      0.120629E+02      0.281952E-13      0.434870E-05      0.101644E-19
  2.3978      0.105813E-05      0.120518E+02     -0.177933E-11      0.414223E-05     -0.611558E-18
  2.4041      0.101083E-05      0.120431E+02     -0.865188E-12      0.394389E-05     -0.283333E-18
  2.4103      0.965031E-06      0.120316E+02      0.174525E-12      0.375181E-05      0.544219E-19
  2.4166      0.920707E-06      0.120238E+02     -0.169487E-11      0.356786E-05     -0.502926E-18
  2.4229      0.877837E-06      0.120111E+02     -0.751175E-12      0.338936E-05     -0.211970E-18
  2.4292      0.836398E-06      0.119884E+02      0.157929E-12      0.321491E-05      0.423516E-19
  2.4354      0.796365E-06      0.118956E+02     -0.160975E-11      0.302952E-05     -0.409964E-18
  2.4417      0.757715E-06      0.118763E+02     -0.688652E-12      0.287041E-05     -0.166442E-18
  2.4480      0.720423E-06      0.119314E+02      0.124722E-12      0.273476E-05      0.285874E-19
  2.4543      0.684465E-06      0.119511E+02     -0.151012E-11      0.259590E-05     -0.328014E-18
  2.4605      0.649815E-06      0.119501E+02     -0.567259E-12      0.245801E-05     -0.116679E-18
  2.4668      0.616448E-06      0.119556E+02     -0.239469E-11      0.232692E-05     -0.466080E-18
  2.4731      0.584337E-06      0.119502E+02     -0.149823E-11      0.219911E-05     -0.275709E-18
  2.4794      0.553456E-06      0.119549E+02     -0.528612E-12      0.207845E-05     -0.919031E-19
  2.4857      0.523779E-06      0.119512E+02     -0.236119E-11      0.196143E-05     -0.387518E-18
  2.4919      0.495279E-06      0.119596E+02     -0.153007E-11      0.185133E-05     -0.236852E-18
  2.4982      0.467929E-06      0.119597E+02     -0.386117E-12      0.174471E-05     -0.563277E-19
  2.5045      0.441701E-06      0.119766E+02     -0.233016E-11      0.164511E-05     -0.320073E-18
  2.5108      0.416569E-06      0.119927E+02     -0.140398E-11      0.154972E-05     -0.181424E-18
  2.5170      0.392506E-06      0.119253E+02     -0.455064E-12      0.144837E-05     -0.552689E-19
  2.5233      0.369483E-06      0.118702E+02     -0.225508E-11      0.135373E-05     -0.257180E-18
  2.5296      0.347473E-06      0.119240E+02     -0.130982E-11      0.127569E-05     -0.140131E-18
  2.5359      0.326450E-06      0.119408E+02     -0.332908E-11      0.119722E-05     -0.333784E-18
  2.5421      0.306385E-06      0.119615E+02     -0.203652E-11      0.112281E-05     -0.191165E-18
  2.5484      0.287251E-06      0.119731E+02     -0.117711E-11      0.105112E-05     -0.103338E-18
  2.5547      0.269021E-06      0.119995E+02     -0.308216E-11      0.984151E-06     -0.252786E-18
  2.5610      0.251668E-06      0.120185E+02     -0.219678E-11      0.919864E-06     -0.168136E-18
  2.5673      0.235164E-06      0.120303E+02     -0.107002E-11      0.858288E-06     -0.763388E-19
  2.5735      0.219484E-06      0.120535E+02     -0.295167E-11      0.800643E-06     -0.196062E-18
  2.5798      0.204600E-06      0.120813E+02     -0.233377E-11      0.746246E-06     -0.144154E-18
  2.5861      0.190486E-06      0.121134E+02     -0.950025E-12      0.694925E-06     -0.545013E-19
  2.5924      0.177115E-06      0.121472E+02     -0.293487E-11      0.646383E-06     -0.156172E-18
  2.5986      0.164463E-06      0.121917E+02     -0.203577E-11      0.600952E-06     -0.100347E-18
  2.6049      0.152503E-06      0.122350E+02     -0.391557E-11      0.557881E-06     -0.178539E-18
  2.6112      0.141210E-06      0.122938E+02     -0.286636E-11      0.517805E-06     -0.120729E-18
  2.6175      0.130559E-06      0.123512E+02     -0.159914E-11      0.479831E-06     -0.621246E-19
  2.6237      0.120526E-06      0.124368E+02     -0.407506E-11      0.444960E-06     -0.145796E-18
  2.6300      0.111086E-06      0.125081E+02     -0.269271E-11      0.411473E-06     -0.885811E-19
  2.6363      0.102215E-06      0.125934E+02     -0.174258E-11      0.380290E-06     -0.526219E-19
  2.6426      0.938906E-07      0.126807E+02     -0.386203E-11      0.350904E-06     -0.106872E-18
  2.6489      0.860891E-07      0.128119E+02     -0.331174E-11      0.324307E-06     -0.838298E-19
  2.6551      0.787881E-07      0.129393E+02     -0.222190E-11      0.299046E-06     -0.513514E-19
  2.6614      0.719654E-07      0.131135E+02     -0.425571E-11      0.276174E-06     -0.896267E-19
  2.6677      0.655995E-07      0.132856E+02     -0.388191E-11      0.254448E-06     -0.743470E-19
  2.6740      0.596691E-07      0.135188E+02     -0.186341E-11      0.234955E-06     -0.323858E-19
  2.6802      0.541536E-07      0.137371E+02     -0.891076E-12      0.216174E-06     -0.140224E-19
  2.6865      0.490328E-07      0.140071E+02      0.212744E-12      0.199112E-06      0.302417E-20
  2.6928      0.442870E-07      0.143472E+02     -0.220025E-11      0.183778E-06     -0.281837E-19
  2.6991      0.398971E-07      0.147811E+02     -0.738609E-12      0.170172E-06     -0.850342E-20
  2.7053      0.358443E-07      0.152355E+02     -0.171860E-12      0.157219E-06     -0.177348E-20
  2.7116      0.321106E-07      0.158056E+02     -0.385725E-11      0.145775E-06     -0.355754E-19
  2.7179      0.286785E-07      0.164439E+02     -0.116757E-11      0.135139E-06     -0.959530E-20
  2.7242      0.255308E-07      0.172313E+02      0.103351E-11      0.125777E-06      0.754389E-20
  2.7305      0.226511E-07      0.181457E+02     -0.282985E-11      0.117241E-06     -0.182840E-19
  2.7367      0.200234E-07      0.192729E+02      0.480764E-12      0.109826E-06      0.273962E-20
  2.7430      0.176323E-07      0.206078E+02      0.279819E-11      0.103173E-06      0.140091E-19
  2.7493      0.154629E-07      0.222242E+02     -0.516646E-12      0.973531E-07     -0.226317E-20
  2.7556      0.135009E-07      0.241724E+02     -0.350125E-11      0.922407E-07     -0.133606E-19
  2.7618      0.117324E-07      0.265489E+02      0.641727E-11      0.878394E-07      0.212321E-19
  2.7681      0.101444E-07      0.294735E+02     -0.782127E-11      0.841250E-07     -0.223240E-19
  2.7744      0.872397E-08      0.330600E+02     -0.429354E-11      0.809657E-07     -0.105151E-19
  2.7807      0.745904E-08      0.375494E+02     -0.848312E-11      0.784492E-07     -0.177232E-19
  2.7869      0.633795E-08      0.431097E+02     -0.519877E-11      0.763568E-07     -0.920817E-20
  2.7932      0.534959E-08      0.501824E+02     -0.792992E-11      0.748547E-07     -0.118287E-19
  2.7995      0.448336E-08      0.590635E+02     -0.220955E-10      0.736707E-07     -0.275600E-19
  2.8058      0.372918E-08      0.705400E+02      0.435816E-11      0.730210E-07      0.451144E-20
  2.8121      0.307745E-08      0.851775E+02     -0.794617E-11      0.726014E-07     -0.677295E-20
  2.8183      0.251911E-08      0.104357E+03     -0.250165E-10      0.726491E-07     -0.174155E-19
  2.8246      0.204556E-08      0.129179E+03     -0.303309E-10      0.728616E-07     -0.171077E-19
  2.8309      0.164869E-08      0.161973E+03     -0.296154E-11      0.734702E-07     -0.134334E-20
  2.8372      0.132084E-08      0.204628E+03     -0.581412E-10      0.741962E-07     -0.210815E-19
  2.8434      0.105483E-08      0.260419E+03     -0.132788E-09      0.752428E-07     -0.383663E-19
  2.8497      0.843928E-09      0.331129E+03     -0.499425E-10      0.763755E-07     -0.115193E-19
  2.8560      0.681828E-09      0.418155E+03     -0.282046E-10      0.777512E-07     -0.524433E-20
  2.8623      0.562655E-09      0.517267E+03     -0.779079E-10      0.791952E-07     -0.119279E-19
  2.8685      0.480945E-09      0.618799E+03     -0.217464E-09      0.808045E-07     -0.283971E-19
  2.8748      0.431637E-09      0.705274E+03     -0.180504E-09      0.824740E-07     -0.211080E-19
  2.8811      0.410054E-09      0.759870E+03     -0.137632E-09      0.842314E-07     -0.152565E-19
  2.8874      0.411896E-09      0.774476E+03     -0.383045E-09      0.860487E-07     -0.425584E-19
  2.8937      0.433223E-09      0.753663E+03     -0.377394E-10      0.878809E-07     -0.440060E-20
  2.8999      0.470441E-09      0.710569E+03     -0.103047E-09      0.897794E-07     -0.130198E-19
  2.9062      0.520292E-09      0.657122E+03     -0.236583E-09      0.916260E-07     -0.329880E-19
  2.9125      0.579832E-09      0.603312E+03     -0.163732E-09      0.935477E-07     -0.253878E-19
  2.9188      0.646426E-09      0.552816E+03     -0.218077E-09      0.953571E-07     -0.376169E-19
  2.9250      0.717727E-09      0.508890E+03     -0.146601E-09      0.972532E-07     -0.280166E-19
  2.9313      0.791662E-09      0.470579E+03     -0.173589E-09      0.989834E-07     -0.365134E-19
  2.9376      0.866423E-09      0.438887E+03     -0.130590E-09      0.100819E-06     -0.299985E-19
  2.9439      0.940445E-09      0.411693E+03     -0.723156E-10      0.102433E-06     -0.179928E-19
  2.9501      0.101240E-08      0.389902E+03     -0.857338E-10      0.104211E-06     -0.229146E-19
  2.9564      0.108116E-08      0.370193E+03     -0.115668E-09      0.105440E-06     -0.329449E-19
  2.9627      0.114583E-08      0.353157E+03     -0.118203E-09      0.106378E-06     -0.356052E-19
  2.9690      0.120567E-08      0.341058E+03     -0.923574E-10      0.107871E-06     -0.292111E-19
  2.9753      0.126015E-08      0.331716E+03     -0.150709E-09      0.109425E-06     -0.497152E-19
  2.9815      0.130886E-08      0.322572E+03     -0.372623E-10      0.110290E-06     -0.127402E-19
  2.9878      0.135158E-08      0.316817E+03     -0.965272E-10      0.111622E-06     -0.340087E-19
  2.9941      0.138818E-08      0.312111E+03     -0.146691E-09      0.112705E-06     -0.529710E-19
  3.0004      0.141868E-08      0.308776E+03     -0.118394E-09      0.113712E-06     -0.436007E-19
  3.0066      0.144319E-08      0.306195E+03     -0.135722E-09      0.114470E-06     -0.507393E-19
  3.0129      0.146193E-08      0.304956E+03     -0.127227E-09      0.115247E-06     -0.480807E-19
  3.0192      0.147518E-08      0.304271E+03     -0.150022E-09      0.115789E-06     -0.570904E-19
  3.0255      0.148331E-08      0.304659E+03     -0.125833E-09      0.116334E-06     -0.480493E-19
  3.0317      0.148675E-08      0.305473E+03     -0.852908E-10      0.116673E-06     -0.325760E-19
  3.0380      0.148594E-08      0.307121E+03      0.364359E-11      0.116996E-06      0.138801E-20
  3.0443      0.148140E-08      0.309078E+03     -0.619427E-10      0.117140E-06     -0.234762E-19
  3.0506      0.147366E-08      0.311619E+03     -0.414775E-10      0.117244E-06     -0.156056E-19
  3.0569      0.146325E-08      0.314366E+03      0.157219E-10      0.117201E-06      0.586140E-20
  3.0631      0.145074E-08      0.317435E+03     -0.995180E-10      0.117093E-06     -0.367094E-19
  3.0694      0.143667E-08      0.320602E+03     -0.441560E-11      0.116874E-06     -0.160969E-20
  3.0757      0.142157E-08      0.323810E+03     -0.859969E-10      0.116565E-06     -0.309572E-19
  3.0820      0.140598E-08      0.327013E+03     -0.569563E-10      0.116190E-06     -0.202370E-19
  3.0882      0.139038E-08      0.329958E+03     -0.493192E-10      0.115700E-06     -0.172939E-19
  3.0945      0.137525E-08      0.332969E+03     -0.113136E-09      0.115251E-06     -0.391600E-19
  3.1008      0.136101E-08      0.334021E+03     -0.555413E-10      0.114187E-06     -0.189871E-19
  3.1071      0.134806E-08      0.334516E+03     -0.684966E-10      0.113039E-06     -0.231462E-19
  3.1133      0.133672E-08      0.336035E+03     -0.810656E-10      0.112370E-06     -0.271084E-19
  3.1196      0.132730E-08      0.336857E+03     -0.904153E-10      0.111626E-06     -0.299613E-19
  3.1259      0.132002E-08      0.336358E+03     -0.341720E-10      0.110627E-06     -0.112390E-19
  3.1322      0.131507E-08      0.335340E+03     -0.123066E-09      0.109658E-06     -0.402432E-19
  3.1385      0.131256E-08      0.333129E+03     -0.698168E-10      0.108510E-06     -0.227413E-19
  3.1447      0.131256E-08      0.330290E+03     -0.534195E-10      0.107370E-06     -0.173655E-19
  3.1510      0.131507E-08      0.326258E+03     -0.129091E-09      0.106051E-06     -0.419610E-19
  3.1573      0.132002E-08      0.322167E+03     -0.668499E-10      0.104906E-06     -0.217681E-19
  3.1636      0.132730E-08      0.316890E+03     -0.851502E-10      0.103551E-06     -0.278247E-19
  3.1698      0.133672E-08      0.311356E+03     -0.325417E-10      0.102262E-06     -0.106880E-19
  3.1761      0.134806E-08      0.304924E+03     -0.450410E-10      0.100799E-06     -0.148893E-19
  3.1824      0.136101E-08      0.298509E+03     -0.889103E-10      0.994302E-07     -0.296151E-19
  3.1887      0.137525E-08      0.291430E+03     -0.564428E-10      0.978946E-07     -0.189598E-19
  3.1949      0.139038E-08      0.284592E+03     -0.666632E-10      0.964598E-07     -0.225949E-19
  3.2012      0.140598E-08      0.277339E+03     -0.754418E-10      0.948693E-07     -0.258064E-19
  3.2075      0.142157E-08      0.270524E+03     -0.668707E-10      0.933815E-07     -0.230829E-19
  3.2138      0.143667E-08      0.263526E+03     -0.226852E-10      0.917522E-07     -0.789833E-20
  3.2201      0.145074E-08      0.257127E+03     -0.614994E-10      0.902249E-07     -0.215799E-19
  3.2263      0.146325E-08      0.250739E+03     -0.283794E-10      0.885696E-07     -0.100246E-19
  3.2326      0.147366E-08      0.245092E+03     -0.458070E-10      0.870213E-07     -0.162640E-19
  3.2389      0.148140E-08      0.239458E+03     -0.690204E-10      0.853020E-07     -0.245871E-19
  3.2452      0.148594E-08      0.234464E+03     -0.719954E-11      0.836170E-07     -0.256757E-20
  3.2514      0.148675E-08      0.230313E+03     -0.117369E-09      0.820223E-07     -0.417991E-19
  3.2577      0.148331E-08      0.226980E+03     -0.676808E-10      0.804935E-07     -0.240015E-19
  3.2640      0.147518E-08      0.223987E+03     -0.536743E-10      0.788446E-07     -0.188936E-19
  3.2703      0.146193E-08      0.221890E+03     -0.689997E-10      0.772559E-07     -0.240238E-19
  3.2765      0.144319E-08      0.220392E+03     -0.824693E-10      0.756059E-07     -0.282912E-19
  3.2828      0.141868E-08      0.219923E+03     -0.710322E-10      0.740218E-07     -0.239080E-19
  3.2891      0.138818E-08      0.220449E+03     -0.497442E-10      0.724652E-07     -0.163517E-19
  3.2954      0.135158E-08      0.222102E+03     -0.749913E-10      0.709480E-07     -0.239552E-19
  3.3017      0.130886E-08      0.224835E+03     -0.574045E-10      0.694191E-07     -0.177240E-19
  3.3079      0.126015E-08      0.228882E+03     -0.118075E-09      0.679094E-07     -0.350328E-19
  3.3142      0.120567E-08      0.234425E+03     -0.491661E-10      0.664212E-07     -0.139305E-19
  3.3205      0.114583E-08      0.241648E+03     -0.147734E-09      0.649463E-07     -0.397055E-19
  3.3268      0.108116E-08      0.250917E+03     -0.197255E-09      0.635114E-07     -0.499286E-19
  3.3330      0.101240E-08      0.262422E+03     -0.730950E-10      0.620817E-07     -0.172922E-19
  3.3393      0.940445E-09      0.276765E+03     -0.205195E-09      0.607072E-07     -0.450086E-19
  3.3456      0.866423E-09      0.294137E+03     -0.164934E-09      0.593279E-07     -0.332675E-19
  3.3519      0.791662E-09      0.315359E+03     -0.148257E-09      0.580110E-07     -0.272721E-19
  3.3581      0.717727E-09      0.340570E+03     -0.177123E-09      0.566916E-07     -0.294840E-19
  3.3644      0.646426E-09      0.370559E+03     -0.141657E-09      0.554521E-07     -0.211982E-19
  3.3707      0.579832E-09      0.404479E+03     -0.245842E-09      0.541915E-07     -0.329375E-19
  3.3770      0.520292E-09      0.441711E+03     -0.254061E-09      0.530041E-07     -0.304866E-19
  3.3833      0.470441E-09      0.478234E+03      0.115257E-10      0.517922E-07      0.124822E-20
  3.3895      0.433223E-09      0.509102E+03     -0.438494E-10      0.506791E-07     -0.436503E-20
  3.3958      0.411896E-09      0.524744E+03      0.179839E-09      0.495729E-07      0.169895E-19
  3.4021      0.410054E-09      0.517175E+03      0.227461E-09      0.485496E-07      0.213528E-19
  3.4084      0.431637E-09      0.481619E+03      0.232161E-09      0.475038E-07      0.228988E-19
  3.4146      0.480945E-09      0.424099E+03      0.769653E-10      0.465233E-07      0.844303E-20
  3.4209      0.562655E-09      0.355471E+03      0.177917E-09      0.455362E-07      0.227913E-19
  3.4272      0.681828E-09      0.288234E+03      0.581726E-10      0.446616E-07      0.901379E-20
  3.4335      0.843928E-09      0.228640E+03      0.782949E-10      0.437701E-07      0.149885E-19
  3.4397      0.105483E-08      0.179832E+03      0.125985E-09      0.429512E-07      0.300903E-19
  3.4460      0.132084E-08      0.141113E+03      0.252177E-10      0.421261E-07      0.752817E-20
  3.4523      0.164869E-08      0.111234E+03      0.597611E-10      0.413734E-07      0.222280E-19
  3.4586      0.204556E-08      0.881818E+02      0.274310E-10      0.406206E-07      0.126360E-19
  3.4649      0.251911E-08      0.705397E+02      0.438234E-10      0.399438E-07      0.248154E-19
  3.4711      0.307745E-08      0.568725E+02      0.801767E-11      0.392713E-07      0.553632E-20
  3.4774      0.372918E-08      0.462692E+02      0.244320E-11      0.386457E-07      0.204065E-20
  3.4837      0.448336E-08      0.379429E+02      0.665477E-11      0.380319E-07      0.667038E-20
  3.4900      0.534959E-08      0.313874E+02      0.175294E-10      0.374721E-07      0.209277E-19
  3.4962      0.633795E-08      0.261553E+02      0.117250E-10      0.369284E-07      0.165544E-19
  3.5025      0.745904E-08      0.219630E+02      0.181479E-11      0.364290E-07      0.301011E-20
  3.5088      0.872397E-08      0.185650E+02      0.940608E-11      0.359503E-07      0.182145E-19
  3.5151      0.101444E-07      0.157973E+02      0.752170E-11      0.355081E-07      0.169067E-19
  3.5213      0.117324E-07      0.135225E+02      0.856389E-11      0.350904E-07      0.222230E-19
  3.5276      0.135009E-07      0.116419E+02      0.665176E-11      0.347022E-07      0.198275E-19
  3.5339      0.154629E-07      0.100774E+02      0.233233E-11      0.343430E-07      0.794838E-20
  3.5402      0.176323E-07      0.876636E+01      0.770108E-11      0.340060E-07      0.298736E-19
  3.5465      0.200234E-07      0.766359E+01      0.699945E-12      0.336999E-07      0.307794E-20
  3.5527      0.226511E-07      0.672837E+01      0.289614E-11      0.334110E-07      0.143814E-19
  3.5590      0.255308E-07      0.593410E+01      0.109499E-11      0.331546E-07      0.611783E-20
  3.5653      0.286785E-07      0.525319E+01      0.800389E-12      0.329108E-07      0.501437E-20
  3.5716      0.321106E-07      0.466979E+01      0.434006E-12      0.326995E-07      0.303906E-20
  3.5778      0.358443E-07      0.416482E+01      0.714298E-12      0.324974E-07      0.557354E-20
  3.5841      0.398971E-07      0.372880E+01      0.133706E-11      0.323281E-07      0.115921E-19
  3.5904      0.442870E-07      0.334801E+01     -0.574300E-13      0.321642E-07     -0.551729E-21
  3.5967      0.490328E-07      0.301675E+01      0.159774E-11      0.320316E-07      0.169646E-19
  3.6029      0.541536E-07      0.272521E+01      0.606976E-13      0.319023E-07      0.710548E-21
  3.6092      0.596691E-07      0.246986E+01      0.880550E-12      0.318024E-07      0.113382E-19
  3.6155      0.655995E-07      0.224355E+01      0.258198E-12      0.317044E-07      0.364869E-20
  3.6218      0.719654E-07      0.204402E+01      0.775342E-12      0.316329E-07      0.119991E-19
  3.6281      0.787881E-07      0.186613E+01      0.536253E-12      0.315633E-07      0.907004E-20
  3.6343      0.860891E-07      0.170830E+01     -0.434010E-12      0.315166E-07     -0.800711E-20
  3.6406      0.938906E-07      0.156681E+01      0.449617E-12      0.314714E-07      0.903116E-20
  3.6469      0.102215E-06      0.144050E+01      0.799231E-12      0.314455E-07      0.174469E-19
  3.6532      0.111086E-06      0.132676E+01      0.115538E-11      0.314220E-07      0.273631E-19
  3.6594      0.120526E-06      0.122461E+01      0.536452E-12      0.314134E-07      0.137610E-19
  3.6657      0.130559E-06      0.113226E+01      0.487905E-12      0.314084E-07      0.135343E-19
  3.6720      0.141210E-06      0.104883E+01      0.817477E-12      0.314137E-07      0.244845E-19
  3.6783      0.152503E-06      0.973142E+00      0.553666E-12      0.314242E-07      0.178787E-19
  3.6845      0.164463E-06      0.904370E+00      0.600079E-12      0.314401E-07      0.208615E-19
  3.6908      0.177115E-06      0.841807E+00      0.451044E-12      0.314629E-07      0.168579E-19
  3.6971      0.190486E-06      0.784649E+00      0.632415E-12      0.314868E-07      0.253779E-19
  3.7034      0.204600E-06      0.732516E+00      0.195814E-12      0.315193E-07      0.842566E-20
  3.7097      0.219484E-06      0.684634E+00      0.438999E-12      0.315486E-07      0.202295E-19
  3.7159      0.235164E-06      0.640863E+00      0.702931E-12      0.315880E-07      0.346473E-19
  3.7222      0.251668E-06      0.600460E+00      0.263769E-12      0.316201E-07      0.138900E-19
  3.7285      0.269021E-06      0.563448E+00      0.266541E-12      0.316636E-07      0.149786E-19
  3.7348      0.287251E-06      0.529121E+00     -0.792337E-13      0.316961E-07     -0.474636E-20
  3.7410      0.306385E-06      0.497617E+00      0.475925E-13      0.317412E-07      0.303575E-20
  3.7473      0.326450E-06      0.468294E+00      0.906548E-13      0.317737E-07      0.615092E-20
  3.7536      0.347473E-06      0.441329E+00      0.214245E-12      0.318192E-07      0.154468E-19
  3.7599      0.369483E-06      0.416116E+00      0.216453E-12      0.318485E-07      0.165668E-19
  3.7661      0.392506E-06      0.392894E+00      0.253623E-12      0.318917E-07      0.205869E-19
  3.7724      0.416569E-06      0.371107E+00      0.258260E-12      0.319168E-07      0.222115E-19
  3.7787      0.441701E-06      0.350999E+00      0.743942E-13      0.319555E-07      0.677295E-20
  3.7850      0.467929E-06      0.332083E+00      0.230215E-12      0.319754E-07      0.221668E-19
  3.7913      0.495279E-06      0.314588E+00      0.470066E-13      0.320082E-07      0.478276E-20
  3.7975      0.523779E-06      0.298098E+00      0.174963E-12      0.320227E-07      0.187952E-19
  3.8038      0.553456E-06      0.282819E+00      0.179038E-12      0.320499E-07      0.202891E-19
  3.8101      0.584337E-06      0.268349E+00      0.323397E-13      0.320539E-07      0.386293E-20
  3.8164      0.616448E-06      0.254904E+00      0.248406E-13      0.320683E-07      0.312509E-20
  3.8226      0.649815E-06      0.242212E+00     -0.553922E-13      0.320682E-07     -0.733378E-20
  3.8289      0.684465E-06      0.230388E+00     -0.127379E-13      0.320766E-07     -0.177348E-20
  3.8352      0.720423E-06      0.219182E+00      0.535988E-13      0.320670E-07      0.784167E-20
  3.8415      0.757715E-06      0.208717E+00      0.602840E-13      0.320641E-07      0.926111E-20
  3.8477      0.796365E-06      0.198800E+00      0.159127E-12      0.320461E-07      0.256509E-19
  3.8540      0.836398E-06      0.189512E+00      0.105452E-12      0.320323E-07      0.178241E-19
  3.8603      0.877837E-06      0.180709E+00     -0.201668E-13      0.320056E-07     -0.357177E-20
  3.8666      0.920707E-06      0.172435E+00     -0.117151E-12      0.319797E-07     -0.217267E-19
  3.8729      0.965031E-06      0.164590E+00     -0.732337E-13      0.319424E-07     -0.142126E-19
  3.8791      0.101083E-05      0.157212E+00     -0.845059E-13      0.319066E-07     -0.171508E-19
  3.8854      0.105813E-05      0.150220E+00     -0.416113E-13      0.318626E-07     -0.882602E-20
  3.8917      0.110694E-05      0.143611E+00      0.362634E-13      0.318147E-07      0.803358E-20
  3.8980      0.115730E-05      0.137356E+00     -0.549669E-13      0.317621E-07     -0.127105E-19
  3.9042      0.120921E-05      0.131430E+00     -0.364515E-13      0.317040E-07     -0.879293E-20
  3.9105      0.126270E-05      0.125826E+00     -0.101996E-12      0.316439E-07     -0.256509E-19
  3.9168      0.131779E-05      0.120499E+00     -0.135549E-13      0.315756E-07     -0.355191E-20
  3.9231      0.137449E-05      0.115452E+00      0.614147E-14      0.315041E-07      0.167587E-20
  3.9293      0.143282E-05      0.110647E+00     -0.397159E-13      0.314240E-07     -0.112794E-19
  3.9356      0.149279E-05      0.106119E+00      0.738646E-14      0.313495E-07      0.218210E-20
  3.9419      0.155443E-05      0.101781E+00     -0.205498E-13      0.312596E-07     -0.631139E-20
  3.9482      0.161774E-05      0.976923E-01     -0.348833E-13      0.311763E-07     -0.111322E-19
  3.9545      0.168273E-05      0.937686E-01     -0.553780E-13      0.310770E-07     -0.183535E-19
  3.9607      0.174943E-05      0.900637E-01     -0.542266E-13      0.309830E-07     -0.186546E-19
  3.9670      0.181783E-05      0.865062E-01     -0.530058E-13      0.308738E-07     -0.189176E-19
  3.9733      0.188795E-05      0.831676E-01     -0.300717E-13      0.307785E-07     -0.111289E-19
  3.9796      0.195980E-05      0.799569E-01      0.235933E-14      0.306680E-07      0.904936E-21
  3.9858      0.203338E-05      0.769321E-01     -0.339215E-13      0.305675E-07     -0.134781E-19
  3.9921      0.210871E-05      0.740186E-01     -0.412141E-13      0.304514E-07     -0.169555E-19
  3.9984      0.218578E-05      0.712755E-01     -0.390152E-13      0.303468E-07     -0.166114E-19
  4.0047      0.226460E-05      0.686246E-01     -0.404247E-13      0.302244E-07     -0.178042E-19
  4.0109      0.234517E-05      0.661286E-01     -0.325469E-13      0.301141E-07     -0.148214E-19
  4.0172      0.242749E-05      0.637153E-01     -0.453913E-13      0.299867E-07     -0.213628E-19
  4.0235      0.251157E-05      0.614436E-01     -0.420926E-14      0.298724E-07     -0.204644E-20
  4.0298      0.259740E-05      0.592456E-01     -0.184943E-13      0.297418E-07     -0.928428E-20
  4.0361      0.268498E-05      0.571759E-01     -0.458126E-13      0.296245E-07     -0.237368E-19
  4.0423      0.277431E-05      0.551740E-01     -0.466689E-13      0.294924E-07     -0.249461E-19
  4.0486      0.286537E-05      0.532856E-01     -0.422396E-13      0.293723E-07     -0.232835E-19
  4.0549      0.295817E-05      0.514562E-01     -0.421834E-13      0.292372E-07     -0.239684E-19
  4.0612      0.305269E-05      0.497322E-01     -0.243671E-13      0.291154E-07     -0.142656E-19
  4.0674      0.314893E-05      0.480640E-01      0.683179E-15      0.289811E-07      0.411936E-21
  4.0737      0.324688E-05      0.464881E-01     -0.339392E-13      0.288582E-07     -0.210683E-19
  4.0800      0.334651E-05      0.449658E-01     -0.255834E-13      0.287255E-07     -0.163434E-19
  4.0863      0.344783E-05      0.435249E-01     -0.322459E-13      0.286028E-07     -0.211907E-19
  4.0925      0.355080E-05      0.421306E-01     -0.243668E-13      0.284697E-07     -0.164659E-19
  4.0988      0.365543E-05      0.408100E-01     -0.476520E-13      0.283464E-07     -0.330988E-19
  4.1051      0.376168E-05      0.395364E-01     -0.173551E-13      0.282167E-07     -0.123862E-19
  4.1114      0.386953E-05      0.383270E-01     -0.382539E-14      0.280950E-07     -0.280414E-20
  4.1177      0.397898E-05      0.371605E-01     -0.169543E-13      0.279676E-07     -0.127601E-19
  4.1239      0.408999E-05      0.360505E-01     -0.146174E-13      0.278468E-07     -0.112910E-19
  4.1302      0.420254E-05      0.349834E-01     -0.148509E-13      0.277239E-07     -0.117691E-19
  4.1365      0.431660E-05      0.339652E-01     -0.150422E-14      0.276056E-07     -0.122257E-20
  4.1428      0.443215E-05      0.329868E-01     -0.100284E-13      0.274864E-07     -0.835618E-20
  4.1490      0.454916E-05      0.320505E-01     -0.139330E-13      0.273697E-07     -0.118982E-19
  4.1553      0.466759E-05      0.311536E-01      0.120153E-13      0.272552E-07      0.105118E-19
  4.1616      0.478742E-05      0.302949E-01      0.110510E-13      0.271434E-07      0.990135E-20
  4.1679      0.490862E-05      0.294725E-01     -0.820263E-14      0.270342E-07     -0.752403E-20
  4.1741      0.503114E-05      0.286813E-01     -0.913751E-14      0.269247E-07     -0.857786E-20
  4.1804      0.515495E-05      0.279243E-01     -0.867134E-14      0.268188E-07     -0.832805E-20
  4.1867      0.528002E-05      0.271958E-01     -0.183923E-13      0.267127E-07     -0.180656E-19
  4.1930      0.540631E-05      0.265015E-01      0.438044E-14      0.266135E-07      0.439895E-20
  4.1993      0.553377E-05      0.258318E-01      0.981787E-14      0.265128E-07      0.100767E-19
  4.2055      0.566236E-05      0.251940E-01     -0.556898E-15      0.264196E-07     -0.583990E-21
  4.2118      0.579205E-05      0.245775E-01     -0.904513E-14      0.263241E-07     -0.968794E-20
  4.2181      0.592278E-05      0.239913E-01     -0.163180E-13      0.262371E-07     -0.178456E-19
  4.2244      0.605451E-05      0.234241E-01     -0.129086E-13      0.261478E-07     -0.144095E-19
  4.2306      0.618720E-05      0.228864E-01      0.318078E-15      0.260686E-07      0.362305E-21
  4.2369      0.632080E-05      0.223655E-01     -0.579353E-14      0.259868E-07     -0.673160E-20
  4.2432      0.645525E-05      0.218672E-01      0.283575E-14      0.259099E-07      0.336001E-20
  4.2495      0.659050E-05      0.213797E-01      0.127702E-13      0.258249E-07      0.154253E-19
  4.2557      0.672651E-05      0.209191E-01      0.399135E-15      0.257519E-07      0.491345E-21
  4.2620      0.686322E-05      0.204733E-01     -0.146548E-13      0.256775E-07     -0.183800E-19
  4.2683      0.700058E-05      0.200507E-01     -0.326621E-14      0.256131E-07     -0.417230E-20
  4.2746      0.713852E-05      0.196402E-01     -0.615358E-14      0.255455E-07     -0.800380E-20
  4.2809      0.727701E-05      0.192506E-01     -0.850697E-14      0.254871E-07     -0.112629E-19
  4.2871      0.741597E-05      0.188721E-01     -0.452372E-14      0.254258E-07     -0.609467E-20
  4.2934      0.755535E-05      0.185133E-01     -0.108997E-14      0.253740E-07     -0.149389E-20
  4.2997      0.769509E-05      0.181646E-01     -0.112811E-13      0.253195E-07     -0.157247E-19
  4.3060      0.783513E-05      0.178321E-01     -0.200423E-13      0.252715E-07     -0.284037E-19
  4.3122      0.797541E-05      0.175095E-01     -0.136556E-13      0.252218E-07     -0.196704E-19
  4.3185      0.811586E-05      0.172028E-01     -0.113828E-13      0.251797E-07     -0.166611E-19
  4.3248      0.825643E-05      0.169056E-01     -0.127518E-13      0.251368E-07     -0.189606E-19
  4.3311      0.839706E-05      0.166223E-01      0.386741E-15      0.251000E-07      0.583990E-21
  4.3373      0.853766E-05      0.163481E-01     -0.135967E-15      0.250631E-07     -0.208450E-21
  4.3436      0.867820E-05      0.160862E-01     -0.127941E-13      0.250313E-07     -0.199086E-19
  4.3499      0.881858E-05      0.158334E-01     -0.204563E-13      0.250004E-07     -0.322997E-19
  4.3562      0.895876E-05      0.155913E-01     -0.162590E-13      0.249735E-07     -0.260430E-19
  4.3625      0.909867E-05      0.153580E-01     -0.167705E-13      0.249480E-07     -0.272424E-19
  4.3687      0.923823E-05      0.151342E-01     -0.137323E-13      0.249256E-07     -0.226168E-19
  4.3750      0.937739E-05      0.149191E-01     -0.119743E-13      0.249056E-07     -0.199896E-19
  4.3813      0.951607E-05      0.147121E-01     -0.161060E-13      0.248877E-07     -0.272457E-19
  4.3876      0.965420E-05      0.145137E-01     -0.108911E-13      0.248727E-07     -0.186645E-19
  4.3938      0.979172E-05      0.143224E-01     -0.215555E-13      0.248589E-07     -0.374134E-19
  4.4001      0.992857E-05      0.141393E-01     -0.131470E-13      0.248487E-07     -0.231048E-19
  4.4064      0.100647E-04      0.139626E-01     -0.776419E-14      0.248390E-07     -0.138123E-19
  4.4127      0.101999E-04      0.137937E-01     -0.102451E-13      0.248330E-07     -0.184445E-19
  4.4189      0.103343E-04      0.136301E-01     -0.107203E-13      0.248266E-07     -0.195264E-19
  4.4252      0.104678E-04      0.134749E-01     -0.117059E-13      0.248254E-07     -0.215663E-19
  4.4315      0.106002E-04      0.133243E-01     -0.164805E-13      0.248234E-07     -0.307033E-19
  4.4378      0.107315E-04      0.131810E-01     -0.170415E-13      0.248253E-07     -0.320963E-19
  4.4441      0.108617E-04      0.130411E-01     -0.156018E-13      0.248247E-07     -0.296991E-19
  4.4503      0.109906E-04      0.129089E-01     -0.155936E-13      0.248297E-07     -0.299936E-19
  4.4566      0.111182E-04      0.127807E-01     -0.171358E-13      0.248336E-07     -0.332957E-19
  4.4629      0.112445E-04      0.126591E-01     -0.171619E-13      0.248417E-07     -0.336778E-19
  4.4692      0.113694E-04      0.125410E-01     -0.134846E-13      0.248482E-07     -0.267179E-19
  4.4754      0.114927E-04      0.124291E-01     -0.152479E-13      0.248588E-07     -0.304965E-19
  4.4817      0.116145E-04      0.123205E-01     -0.168886E-13      0.248678E-07     -0.340881E-19
  4.4880      0.117347E-04      0.122176E-01     -0.134595E-13      0.248805E-07     -0.274095E-19
  4.4943      0.118532E-04      0.121179E-01     -0.159522E-13      0.248918E-07     -0.327679E-19
  4.5005      0.119699E-04      0.120235E-01     -0.143612E-13      0.249062E-07     -0.297487E-19
  4.5068      0.120848E-04      0.119321E-01     -0.994466E-14      0.249195E-07     -0.207689E-19
  4.5131      0.121979E-04      0.118455E-01     -0.141604E-13      0.249354E-07     -0.298083E-19
  4.5194      0.123089E-04      0.117621E-01     -0.151728E-13      0.249506E-07     -0.321856E-19
  4.5257      0.124180E-04      0.116830E-01     -0.103244E-13      0.249676E-07     -0.220642E-19
  4.5319      0.125251E-04      0.116069E-01     -0.130802E-13      0.249842E-07     -0.281556E-19
  4.5382      0.126300E-04      0.115348E-01     -0.159799E-13      0.250023E-07     -0.346374E-19
  4.5445      0.127327E-04      0.114666E-01     -0.103894E-13      0.250222E-07     -0.226714E-19
  4.5508      0.128332E-04      0.114016E-01     -0.976035E-14      0.250419E-07     -0.214372E-19
  4.5570      0.129314E-04      0.113392E-01     -0.137642E-13      0.250609E-07     -0.304204E-19
  4.5633      0.130272E-04      0.112803E-01     -0.949043E-14      0.250810E-07     -0.211014E-19
  4.5696      0.131207E-04      0.112260E-01     -0.182494E-13      0.251048E-07     -0.408114E-19
  4.5759      0.132117E-04      0.111730E-01     -0.163521E-13      0.251250E-07     -0.367715E-19
  4.5821      0.133002E-04      0.111230E-01     -0.125173E-13      0.251458E-07     -0.282978E-19
  4.5884      0.133862E-04      0.110740E-01     -0.159779E-13      0.251622E-07     -0.363050E-19
  4.5947      0.134695E-04      0.110283E-01     -0.202004E-13      0.251801E-07     -0.461219E-19
  4.6010      0.135502E-04      0.109855E-01     -0.203981E-13      0.251981E-07     -0.467886E-19
  4.6073      0.136283E-04      0.109468E-01     -0.125924E-13      0.252196E-07     -0.290109E-19
  4.6135      0.137036E-04      0.109094E-01     -0.147672E-13      0.252380E-07     -0.341626E-19
  4.6198      0.137761E-04      0.108763E-01     -0.148996E-13      0.252602E-07     -0.346043E-19
  4.6261      0.138458E-04      0.108443E-01     -0.147589E-13      0.252789E-07     -0.344041E-19
  4.6324      0.139126E-04      0.108166E-01     -0.116285E-13      0.253018E-07     -0.272010E-19
  4.6386      0.139766E-04      0.107902E-01     -0.145462E-13      0.253218E-07     -0.341361E-19
  4.6449      0.140376E-04      0.107677E-01     -0.454110E-14      0.253449E-07     -0.106888E-19
  4.6512      0.140957E-04      0.107446E-01     -0.632350E-14      0.253609E-07     -0.149256E-19
  4.6575      0.141508E-04      0.107264E-01     -0.116626E-13      0.253827E-07     -0.275981E-19
  4.6637      0.142029E-04      0.107091E-01     -0.648593E-14      0.254007E-07     -0.153839E-19
  4.6700      0.142519E-04      0.106959E-01     -0.131799E-13      0.254229E-07     -0.313270E-19
  4.6763      0.142978E-04      0.106827E-01     -0.886046E-14      0.254392E-07     -0.210997E-19
  4.6826      0.143407E-04      0.106745E-01     -0.786999E-14      0.254615E-07     -0.187720E-19
  4.6889      0.143804E-04      0.106678E-01     -0.100958E-13      0.254820E-07     -0.241156E-19
  4.6951      0.144170E-04      0.106634E-01     -0.756018E-14      0.255021E-07     -0.180805E-19
  4.7014      0.144504E-04      0.106588E-01     -0.975525E-14      0.255159E-07     -0.233530E-19
  4.7077      0.144806E-04      0.106597E-01     -0.547334E-14      0.255374E-07     -0.131125E-19
  4.7140      0.145076E-04      0.106610E-01     -0.808555E-14      0.255542E-07     -0.193808E-19
  4.7202      0.145314E-04      0.106669E-01     -0.683696E-14      0.255762E-07     -0.163931E-19
  4.7265      0.145520E-04      0.106736E-01     -0.468590E-14      0.255945E-07     -0.112364E-19
  4.7328      0.145694E-04      0.106846E-01     -0.515435E-14      0.256173E-07     -0.123581E-19
  4.7391      0.145835E-04      0.107004E-01     -0.293771E-14      0.256461E-07     -0.704096E-20
  4.7453      0.145944E-04      0.107170E-01     -0.106940E-13      0.256710E-07     -0.256161E-19
  4.7516      0.146021E-04      0.107269E-01     -0.135338E-13      0.256742E-07     -0.323924E-19
  4.7579      0.146064E-04      0.107437E-01     -0.148366E-13      0.256884E-07     -0.354745E-19
  4.7642      0.146076E-04      0.107648E-01     -0.116634E-13      0.257068E-07     -0.278528E-19
  4.7705      0.146055E-04      0.107890E-01     -0.147817E-13      0.257271E-07     -0.352478E-19
  4.7767      0.146001E-04      0.108152E-01     -0.151179E-13      0.257461E-07     -0.359890E-19
  4.7830      0.145915E-04      0.108439E-01     -0.930007E-14      0.257654E-07     -0.220973E-19
  4.7893      0.145797E-04      0.108750E-01     -0.118582E-13      0.257846E-07     -0.281159E-19
  4.7956      0.145647E-04      0.109098E-01     -0.162313E-13      0.258066E-07     -0.383944E-19
  4.8018      0.145465E-04      0.109495E-01     -0.129213E-13      0.258342E-07     -0.304866E-19
  4.8081      0.145250E-04      0.109899E-01     -0.109667E-13      0.258577E-07     -0.258031E-19
  4.8144      0.145004E-04      0.110286E-01     -0.161634E-13      0.258710E-07     -0.379163E-19
  4.8207      0.144727E-04      0.110700E-01     -0.114257E-13      0.258846E-07     -0.267163E-19
  4.8269      0.144418E-04      0.111166E-01     -0.127976E-13      0.259044E-07     -0.298215E-19
  4.8332      0.144077E-04      0.111660E-01     -0.230440E-14      0.259245E-07     -0.535020E-20
  4.8395      0.143706E-04      0.112192E-01      0.422399E-14      0.259471E-07      0.976900E-20
  4.8458      0.143304E-04      0.112731E-01      0.113342E-14      0.259652E-07      0.261058E-20
  4.8521      0.142872E-04      0.113311E-01     -0.101569E-14      0.259864E-07     -0.232934E-20
  4.8583      0.142409E-04      0.113913E-01      0.321743E-15      0.260063E-07      0.734536E-21
  4.8646      0.141917E-04      0.114562E-01     -0.262334E-14      0.260303E-07     -0.596066E-20
  4.8709      0.141395E-04      0.115226E-01      0.164932E-14      0.260514E-07      0.372893E-20
  4.8772      0.140844E-04      0.115938E-01      0.353795E-14      0.260766E-07      0.795748E-20
  4.8834      0.140264E-04      0.116673E-01      0.190504E-14      0.261001E-07      0.426163E-20
  4.8897      0.139655E-04      0.117516E-01     -0.467050E-14      0.261410E-07     -0.103894E-19
  4.8960      0.139019E-04      0.118377E-01      0.504726E-14      0.261791E-07      0.111620E-19
  4.9023      0.138354E-04      0.119168E-01     -0.655390E-14      0.261945E-07     -0.144062E-19
  4.9085      0.137663E-04      0.119958E-01     -0.180938E-14      0.262026E-07     -0.395227E-20
  4.9148      0.136944E-04      0.120853E-01     -0.449163E-14      0.262269E-07     -0.974750E-20
  4.9211      0.136199E-04      0.121774E-01      0.203765E-14      0.262495E-07      0.439233E-20
  4.9274      0.135428E-04      0.122758E-01     -0.411145E-15      0.262782E-07     -0.880120E-21
  4.9337      0.134632E-04      0.123766E-01     -0.179730E-14      0.263047E-07     -0.381992E-20
  4.9399      0.133811E-04      0.124853E-01     -0.958408E-14      0.263403E-07     -0.202196E-19
  4.9462      0.132965E-04      0.125955E-01     -0.688307E-14      0.263714E-07     -0.144111E-19
  4.9525      0.132094E-04      0.127079E-01     -0.910253E-14      0.263991E-07     -0.189093E-19
  4.9588      0.131201E-04      0.128218E-01      0.179107E-14      0.264220E-07      0.369088E-20
  4.9650      0.130284E-04      0.129438E-01      0.319341E-14      0.264535E-07      0.652646E-20
  4.9713      0.129345E-04      0.130690E-01     -0.127357E-14      0.264835E-07     -0.258080E-20
  4.9776      0.128384E-04      0.132005E-01     -0.127649E-14      0.265177E-07     -0.256426E-20
  4.9839      0.127402E-04      0.133352E-01     -0.264072E-14      0.265498E-07     -0.525756E-20
  4.9901      0.126399E-04      0.134760E-01     -0.686383E-14      0.265855E-07     -0.135409E-19
  4.9964      0.125375E-04      0.136206E-01     -0.408265E-14      0.266196E-07     -0.797898E-20
  5.0027      0.124332E-04      0.137711E-01      0.253751E-14      0.266564E-07      0.491180E-20
  5.0090      0.123270E-04      0.139263E-01      0.424652E-15      0.266930E-07      0.813946E-21
  5.0152      0.122190E-04      0.140883E-01      0.717435E-14      0.267333E-07      0.136137E-19
  5.0215      0.121092E-04      0.142543E-01      0.173527E-15      0.267718E-07      0.325909E-21
  5.0278      0.119976E-04      0.144267E-01     -0.601383E-14      0.268123E-07     -0.111769E-19
  5.0341      0.118844E-04      0.146045E-01     -0.550916E-14      0.268532E-07     -0.101297E-19
  5.0404      0.117696E-04      0.147888E-01      0.412076E-15      0.268958E-07      0.749426E-21
  5.0466      0.116532E-04      0.149791E-01     -0.603169E-14      0.269390E-07     -0.108476E-19
  5.0529      0.115354E-04      0.151759E-01     -0.377293E-14      0.269835E-07     -0.670843E-20
  5.0592      0.114161E-04      0.153795E-01     -0.337653E-14      0.270292E-07     -0.593419E-20
  5.0655      0.112956E-04      0.155898E-01     -0.311104E-14      0.270758E-07     -0.540314E-20
  5.0717      0.111737E-04      0.158072E-01     -0.788663E-14      0.271236E-07     -0.135327E-19
  5.0780      0.110506E-04      0.160317E-01     -0.141844E-13      0.271721E-07     -0.240412E-19
  5.0843      0.109264E-04      0.162643E-01     -0.775400E-14      0.272228E-07     -0.129785E-19
  5.0906      0.108010E-04      0.165043E-01     -0.134899E-13      0.272740E-07     -0.222925E-19
  5.0968      0.106747E-04      0.167537E-01     -0.181847E-14      0.273285E-07     -0.296627E-20
  5.1031      0.105474E-04      0.170111E-01     -0.101034E-13      0.273837E-07     -0.162640E-19
  5.1094      0.104191E-04      0.172771E-01     -0.100185E-13      0.274400E-07     -0.159116E-19
  5.1157      0.102901E-04      0.175498E-01      0.265055E-15      0.274942E-07      0.415245E-21
  5.1220      0.101603E-04      0.178325E-01     -0.981280E-14      0.275508E-07     -0.151606E-19
  5.1282      0.100298E-04      0.181237E-01     -0.103067E-13      0.276073E-07     -0.156999E-19
  5.1345      0.989861E-05      0.184259E-01     -0.986000E-14      0.276667E-07     -0.148049E-19
  5.1408      0.976688E-05      0.187373E-01     -0.104178E-13      0.277259E-07     -0.154153E-19
  5.1471      0.963463E-05      0.190604E-01     -0.214787E-13      0.277882E-07     -0.313137E-19
  5.1533      0.950193E-05      0.193932E-01     -0.238511E-13      0.278500E-07     -0.342519E-19
  5.1596      0.936885E-05      0.197384E-01     -0.126244E-13      0.279146E-07     -0.178539E-19
  5.1659      0.923543E-05      0.200940E-01     -0.326262E-13      0.279789E-07     -0.454288E-19
  5.1722      0.910176E-05      0.204627E-01     -0.166344E-13      0.280458E-07     -0.227988E-19
  5.1784      0.896787E-05      0.208428E-01     -0.109274E-13      0.281125E-07     -0.147387E-19
  5.1847      0.883385E-05      0.212369E-01     -0.229214E-13      0.281818E-07     -0.304171E-19
  5.1910      0.869974E-05      0.216434E-01     -0.820912E-14      0.282509E-07     -0.107153E-19
  5.1973      0.856560E-05      0.220646E-01     -0.177266E-13      0.283224E-07     -0.227541E-19
  5.2036      0.843150E-05      0.224993E-01     -0.206547E-13      0.283940E-07     -0.260661E-19
  5.2098      0.829749E-05      0.229498E-01     -0.267925E-13      0.284678E-07     -0.332345E-19
  5.2161      0.816362E-05      0.234150E-01     -0.128336E-13      0.285419E-07     -0.156436E-19
  5.2224      0.802996E-05      0.238980E-01     -0.162582E-13      0.286192E-07     -0.194702E-19
  5.2287      0.789655E-05      0.243990E-01     -0.258172E-13      0.286993E-07     -0.303675E-19
  5.2349      0.776346E-05      0.249138E-01     -0.275589E-13      0.287764E-07     -0.318316E-19
  5.2412      0.763073E-05      0.254452E-01     -0.321774E-13      0.288531E-07     -0.364869E-19
  5.2475      0.749841E-05      0.259972E-01     -0.345593E-13      0.289332E-07     -0.384622E-19
  5.2538      0.736657E-05      0.265686E-01     -0.302510E-13      0.290146E-07     -0.330359E-19
  5.2600      0.723525E-05      0.271606E-01     -0.351561E-13      0.290974E-07     -0.376632E-19
  5.2663      0.710449E-05      0.277739E-01     -0.292675E-13      0.291819E-07     -0.307513E-19
  5.2726      0.697435E-05      0.284084E-01     -0.166171E-13      0.292670E-07     -0.171193E-19
  5.2789      0.684487E-05      0.290652E-01     -0.262743E-13      0.293528E-07     -0.265343E-19
  5.2852      0.671610E-05      0.297445E-01     -0.332538E-13      0.294386E-07     -0.329119E-19
  5.2914      0.658808E-05      0.304502E-01     -0.194882E-13      0.295276E-07     -0.188978E-19
  5.2977      0.646087E-05      0.311803E-01     -0.379327E-13      0.296166E-07     -0.360303E-19
  5.3040      0.633449E-05      0.319386E-01     -0.365228E-13      0.297083E-07     -0.339723E-19
  5.3103      0.620899E-05      0.327229E-01     -0.257893E-13      0.297995E-07     -0.234853E-19
  5.3165      0.608441E-05      0.335374E-01     -0.958832E-14      0.298932E-07     -0.854643E-20
  5.3228      0.596080E-05      0.343803E-01     -0.106162E-13      0.299864E-07     -0.925946E-20
  5.3291      0.583818E-05      0.352563E-01     -0.137235E-13      0.300824E-07     -0.117096E-19
  5.3354      0.571660E-05      0.361632E-01     -0.575905E-14      0.301782E-07     -0.480592E-20
  5.3416      0.559608E-05      0.371064E-01     -0.297420E-13      0.302768E-07     -0.242678E-19
  5.3479      0.547667E-05      0.380829E-01     -0.184664E-13      0.303748E-07     -0.147288E-19
  5.3542      0.535839E-05      0.390987E-01     -0.623789E-14      0.304757E-07     -0.486217E-20
  5.3605      0.524128E-05      0.401509E-01      0.119744E-13      0.305761E-07      0.911884E-20
  5.3668      0.512537E-05      0.412459E-01      0.235426E-13      0.306794E-07      0.175114E-19
  5.3730      0.501068E-05      0.423807E-01      0.104228E-13      0.307821E-07      0.757036E-20
  5.3793      0.489725E-05      0.435619E-01      0.216754E-14      0.308877E-07      0.153690E-20
  5.3856      0.478510E-05      0.447869E-01     -0.251547E-13      0.309928E-07     -0.174072E-19
  5.3919      0.467425E-05      0.460624E-01      0.618191E-14      0.311008E-07      0.417395E-20
  5.3981      0.456472E-05      0.473863E-01      0.148782E-13      0.312087E-07      0.979878E-20
  5.4044      0.445655E-05      0.487650E-01      0.144508E-14      0.313192E-07      0.928097E-21
  5.4107      0.434975E-05      0.501962E-01      0.287948E-13      0.314293E-07      0.180292E-19
  5.4170      0.424433E-05      0.516870E-01     -0.550869E-14      0.315418E-07     -0.336166E-20
  5.4232      0.414033E-05      0.532364E-01     -0.160399E-13      0.316546E-07     -0.953739E-20
  5.4295      0.403775E-05      0.548505E-01     -0.154553E-13      0.317695E-07     -0.895175E-20
  5.4358      0.393661E-05      0.565294E-01     -0.610953E-14      0.318850E-07     -0.344603E-20
  5.4421      0.383693E-05      0.582785E-01     -0.795960E-14      0.320023E-07     -0.437082E-20
  5.4484      0.373872E-05      0.600994E-01      0.298770E-13      0.321204E-07      0.159679E-19
  5.4546      0.364199E-05      0.619969E-01      0.113095E-13      0.322401E-07      0.588125E-20
  5.4609      0.354676E-05      0.639739E-01     -0.196687E-13      0.323610E-07     -0.994933E-20
  5.4672      0.345302E-05      0.660344E-01      0.190353E-13      0.324831E-07      0.936368E-20
  5.4735      0.336080E-05      0.681830E-01      0.968625E-15      0.326068E-07      0.463221E-21
  5.4797      0.327009E-05      0.704227E-01     -0.143800E-13      0.327315E-07     -0.668362E-20
  5.4860      0.318091E-05      0.727604E-01      0.362786E-13      0.328580E-07      0.163831E-19
  5.4923      0.309326E-05      0.751975E-01      0.569876E-14      0.329851E-07      0.249974E-20
  5.4986      0.300714E-05      0.777434E-01     -0.455200E-14      0.331146E-07     -0.193891E-20
  5.5048      0.292255E-05      0.803984E-01     -0.117627E-14      0.332443E-07     -0.486382E-21
  5.5111      0.283950E-05      0.831742E-01      0.372233E-13      0.333767E-07      0.149372E-19
  5.5174      0.275799E-05      0.860701E-01      0.338246E-14      0.335091E-07      0.131687E-20
  5.5237      0.267802E-05      0.891000E-01     -0.849952E-15      0.336446E-07     -0.320946E-21
  5.5300      0.259958E-05      0.922612E-01      0.496359E-13      0.337795E-07      0.181732E-19
  5.5362      0.252268E-05      0.955718E-01      0.410449E-13      0.339180E-07      0.145667E-19
  5.5425      0.244730E-05      0.990282E-01      0.235573E-13      0.340560E-07      0.810141E-20
  5.5488      0.237346E-05      0.102650E+00      0.416586E-13      0.341976E-07      0.138784E-19
  5.5551      0.230113E-05      0.106433E+00      0.157473E-13      0.343385E-07      0.508054E-20
  5.5613      0.223031E-05      0.110400E+00      0.129182E-13      0.344833E-07      0.403499E-20
  5.5676      0.216100E-05      0.114546E+00      0.754504E-13      0.346273E-07      0.228087E-19
  5.5739      0.209319E-05      0.118896E+00      0.261374E-13      0.347753E-07      0.764480E-20
  5.5802      0.202687E-05      0.123445E+00     -0.201284E-13      0.349225E-07     -0.569431E-20
  5.5864      0.196203E-05      0.128221E+00      0.288849E-13      0.350739E-07      0.790123E-20
  5.5927      0.189866E-05      0.133220E+00     -0.601343E-13      0.352246E-07     -0.159001E-19
  5.5990      0.183675E-05      0.138471E+00      0.444054E-13      0.353793E-07      0.113456E-19
  5.6053      0.177628E-05      0.143969E+00     -0.232188E-13      0.355335E-07     -0.573071E-20
  5.6116      0.171725E-05      0.149749E+00     -0.424794E-14      0.356917E-07     -0.101247E-20
  5.6178      0.165964E-05      0.155811E+00     -0.219800E-13      0.358506E-07     -0.505738E-20
  5.6241      0.160344E-05      0.162200E+00      0.130009E-13      0.360166E-07      0.288686E-20
  5.6304      0.154863E-05      0.168900E+00     -0.406214E-14      0.361819E-07     -0.870194E-21
  5.6367      0.149519E-05      0.175917E+00     -0.133022E-12      0.363443E-07     -0.274822E-19
  5.6429      0.144312E-05      0.183277E+00      0.377913E-13      0.365055E-07      0.752734E-20
  5.6492      0.139239E-05      0.191046E+00     -0.911090E-13      0.366746E-07     -0.174899E-19
  5.6555      0.134299E-05      0.199211E+00     -0.914434E-13      0.368442E-07     -0.169125E-19
  5.6618      0.129491E-05      0.207805E+00      0.514983E-13      0.370165E-07      0.917343E-20
  5.6680      0.124812E-05      0.216847E+00     -0.159741E-13      0.371900E-07     -0.273962E-20
  5.6743      0.120260E-05      0.226378E+00      0.239736E-13      0.373675E-07      0.395723E-20
  5.6806      0.115834E-05      0.236415E+00     -0.130898E-12      0.375465E-07     -0.207887E-19
  5.6869      0.111532E-05      0.247000E+00     -0.492684E-13      0.377290E-07     -0.752569E-20
  5.6932      0.107352E-05      0.258139E+00     -0.772536E-13      0.379109E-07     -0.113456E-19
  5.6994      0.103292E-05      0.269896E+00     -0.185464E-12      0.380963E-07     -0.261786E-19
  5.7057      0.993501E-06      0.282295E+00     -0.621044E-13      0.382837E-07     -0.842235E-20
  5.7120      0.955242E-06      0.295389E+00     -0.255298E-13      0.384746E-07     -0.332527E-20
  5.7183      0.918125E-06      0.309209E+00     -0.143671E-12      0.386671E-07     -0.179664E-19
  5.7245      0.882128E-06      0.323813E+00     -0.995369E-13      0.388631E-07     -0.119461E-19
  5.7308      0.847230E-06      0.339240E+00     -0.504313E-14      0.390611E-07     -0.580681E-21
  5.7371      0.813412E-06      0.355559E+00     -0.113066E-12      0.392630E-07     -0.124855E-19
  5.7434      0.780652E-06      0.372818E+00     -0.110783E-12      0.394676E-07     -0.117278E-19
  5.7496      0.748930E-06      0.391166E+00     -0.111622E-12      0.396838E-07     -0.113241E-19
  5.7559      0.718224E-06      0.410802E+00     -0.182707E-12      0.399236E-07     -0.177563E-19
  5.7622      0.688513E-06      0.431353E+00      0.836578E-13      0.401430E-07      0.778542E-20
  5.7685      0.659776E-06      0.452696E+00     -0.229913E-12      0.403269E-07     -0.204810E-19
  5.7748      0.631993E-06      0.475435E+00     -0.653107E-13      0.405249E-07     -0.556693E-20
  5.7810      0.605141E-06      0.499744E+00     -0.272137E-12      0.407428E-07     -0.221866E-19
  5.7873      0.579200E-06      0.525517E+00     -0.289919E-13      0.409629E-07     -0.225986E-20
  5.7936      0.554149E-06      0.552892E+00     -0.170109E-12      0.411881E-07     -0.126724E-19
  5.7999      0.529967E-06      0.581949E+00      0.242455E-13      0.414160E-07      0.172550E-20
  5.8061      0.506633E-06      0.612833E+00     -0.306720E-13      0.416486E-07     -0.208450E-20
  5.8124      0.484126E-06      0.645624E+00     -0.363992E-12      0.418826E-07     -0.236127E-19
  5.8187      0.462426E-06      0.680511E+00      0.157159E-12      0.421215E-07      0.972764E-20
  5.8250      0.441511E-06      0.717590E+00     -0.351813E-12      0.423620E-07     -0.207689E-19
  5.8312      0.421362E-06      0.757078E+00     -0.374589E-12      0.426076E-07     -0.210815E-19
  5.8375      0.401958E-06      0.799087E+00     -0.264490E-12      0.428548E-07     -0.141845E-19
  5.8438      0.383280E-06      0.843872E+00     -0.957006E-13      0.431072E-07     -0.488864E-20
  5.8501      0.365307E-06      0.891564E+00     -0.226613E-12      0.433613E-07     -0.110214E-19
  5.8564      0.348020E-06      0.942460E+00     -0.585662E-12      0.436207E-07     -0.271067E-19
  5.8626      0.331400E-06      0.996721E+00     -0.846978E-13      0.438819E-07     -0.372893E-20
  5.8689      0.315427E-06      0.105469E+01     -0.792214E-12      0.441486E-07     -0.331617E-19
  5.8752      0.300082E-06      0.111656E+01     -0.849127E-12      0.444173E-07     -0.337787E-19
  5.8815      0.285347E-06      0.118272E+01     -0.881321E-13      0.446914E-07     -0.333023E-20
  5.8877      0.271203E-06      0.125344E+01     -0.349082E-12      0.449679E-07     -0.125235E-19
  5.8940      0.257632E-06      0.132915E+01     -0.463885E-12      0.452496E-07     -0.157925E-19
  5.9003      0.244617E-06      0.141017E+01     -0.311815E-12      0.455341E-07     -0.100684E-19
  5.9066      0.232140E-06      0.149701E+01     -0.499277E-12      0.458237E-07     -0.152830E-19
  5.9128      0.220183E-06      0.159007E+01     -0.117774E-11      0.461166E-07     -0.341576E-19
  5.9191      0.208730E-06      0.168995E+01     -0.662889E-12      0.464144E-07     -0.182062E-19
  5.9254      0.197764E-06      0.179716E+01     -0.593468E-12      0.467164E-07     -0.154269E-19
  5.9317      0.187269E-06      0.191233E+01     -0.749776E-12      0.470222E-07     -0.184362E-19
  5.9380      0.177228E-06      0.203609E+01     -0.294349E-12      0.473311E-07     -0.684244E-20
  5.9442      0.167627E-06      0.216937E+01     -0.999164E-12      0.476468E-07     -0.219451E-19
  5.9505      0.158450E-06      0.231286E+01     -0.391910E-12      0.479668E-07     -0.812788E-20
  5.9568      0.149682E-06      0.246749E+01     -0.525198E-12      0.482908E-07     -0.102785E-19
  5.9631      0.141308E-06      0.263431E+01     -0.142315E-11      0.486200E-07     -0.262663E-19
  5.9693      0.133314E-06      0.281439E+01     -0.539657E-12      0.489537E-07     -0.938685E-20
  5.9756      0.125686E-06      0.300903E+01     -0.104432E-11      0.492928E-07     -0.171077E-19
  5.9819      0.118411E-06      0.321954E+01     -0.169039E-11      0.496364E-07     -0.260612E-19
  5.9882      0.111476E-06      0.344753E+01     -0.243082E-11      0.499857E-07     -0.352445E-19
  5.9944      0.104866E-06      0.369463E+01     -0.242166E-11      0.503397E-07     -0.329954E-19
  6.0007      0.985713E-07      0.396283E+01     -0.223066E-11      0.506996E-07     -0.285386E-19
  6.0070      0.925779E-07      0.425417E+01     -0.253853E-11      0.510643E-07     -0.304709E-19
  6.0133      0.868745E-07      0.457116E+01     -0.214872E-11      0.514352E-07     -0.241777E-19
  6.0196      0.814497E-07      0.491638E+01     -0.718433E-12      0.518111E-07     -0.757118E-20
  6.0258      0.762921E-07      0.529298E+01     -0.150641E-11      0.521934E-07     -0.148545E-19
  6.0321      0.713911E-07      0.570429E+01     -0.275018E-11      0.525810E-07     -0.253506E-19
  6.0384      0.667362E-07      0.615431E+01     -0.962790E-12      0.529752E-07     -0.828752E-20
  6.0447      0.623173E-07      0.664735E+01     -0.287162E-11      0.533750E-07     -0.230577E-19
  6.0509      0.581245E-07      0.718860E+01     -0.389227E-11      0.537815E-07     -0.291201E-19
  6.0572      0.541485E-07      0.778369E+01     -0.120231E-12      0.541940E-07     -0.837107E-21
  6.0635      0.503800E-07      0.843941E+01     -0.400498E-11      0.546135E-07     -0.259172E-19
  6.0698      0.468103E-07      0.916325E+01     -0.534813E-11      0.550391E-07     -0.321236E-19
  6.0760      0.434310E-07      0.996423E+01     -0.128153E-11      0.554721E-07     -0.713443E-20
  6.0823      0.402337E-07      0.108525E+02      0.318094E-11      0.559115E-07      0.163881E-19
  6.0886      0.372107E-07      0.118401E+02     -0.273806E-11      0.563586E-07     -0.130331E-19
  6.0949      0.343544E-07      0.129411E+02      0.525130E-12      0.568123E-07      0.230535E-20
  6.1012      0.316576E-07      0.141723E+02      0.115687E-11      0.572741E-07      0.467522E-20
  6.1074      0.291133E-07      0.155529E+02     -0.246483E-11      0.577428E-07     -0.915110E-20
  6.1137      0.267149E-07      0.171069E+02      0.390585E-11      0.582200E-07      0.132928E-19
  6.1200      0.244559E-07      0.188619E+02     -0.545716E-11      0.587044E-07     -0.169845E-19
  6.1263      0.223303E-07      0.208522E+02     -0.284875E-11      0.591977E-07     -0.808734E-20
  6.1325      0.203324E-07      0.231186E+02     -0.460189E-11      0.596983E-07     -0.118833E-19
  6.1388      0.184564E-07      0.257124E+02     -0.423019E-11      0.602085E-07     -0.990549E-20
  6.1451      0.166973E-07      0.286950E+02     -0.578094E-11      0.607262E-07     -0.122340E-19
  6.1514      0.150500E-07      0.321453E+02     -0.122159E-10      0.612539E-07     -0.232777E-19
  6.1576      0.135097E-07      0.361604E+02      0.411468E-11      0.617897E-07      0.703104E-20
  6.1639      0.120720E-07      0.408661E+02     -0.121878E-10      0.623356E-07     -0.185909E-19
  6.1702      0.107326E-07      0.464222E+02     -0.153149E-10      0.628903E-07     -0.207478E-19
  6.1765      0.948756E-08      0.530397E+02     -0.230757E-11      0.634553E-07     -0.276072E-20
  6.1828      0.833314E-08      0.609963E+02     -0.238454E-10      0.640299E-07     -0.250313E-19
  6.1890      0.726582E-08      0.706670E+02     -0.236144E-10      0.646147E-07     -0.215919E-19
  6.1953      0.628233E-08      0.825670E+02     -0.976074E-11      0.652104E-07     -0.770891E-20
  6.2016      0.537962E-08      0.974158E+02     -0.107056E-10      0.658159E-07     -0.723287E-20
  6.2079      0.455488E-08      0.116252E+03     -0.419560E-10      0.664337E-07     -0.239762E-19
  6.2141      0.380551E-08      0.140600E+03      0.108314E-10      0.670610E-07      0.516616E-20
  6.2204      0.312914E-08      0.172800E+03     -0.446331E-10      0.677022E-07     -0.174870E-19
  6.2267      0.252362E-08      0.216538E+03     -0.818703E-10      0.683524E-07     -0.258432E-19
  6.2330      0.198701E-08      0.277975E+03      0.120143E-10      0.690181E-07      0.298302E-20
  6.2392      0.151756E-08      0.367892E+03     -0.461103E-10      0.696926E-07     -0.873503E-20
  6.2455      0.111377E-08      0.506752E+03     -0.305714E-10      0.703839E-07     -0.424612E-20
  6.2518      0.774308E-09      0.736907E+03      0.305917E-11      0.710843E-07      0.295097E-21
  6.2581      0.498076E-09      0.115833E+04      0.103918E-10      0.718025E-07      0.644167E-21
  6.2644      0.284166E-09      0.205293E+04     -0.558599E-09      0.725306E-07     -0.197355E-19
  6.2706      0.131874E-09      0.447370E+04     -0.352330E-09      0.732769E-07     -0.577098E-20
  6.2769      0.406993E-10      0.146602E+05     -0.807198E-09      0.740345E-07     -0.407637E-20
