       0.000    0.1000000000E+01    0.1000000000E+01   -0.5503671830E-16
       0.500    0.9999998015E+00    0.7974503328E+00   -0.6033844282E+00
       1.000    0.9999994045E+00   -0.3638696262E+00   -0.9314495690E+00
       1.500    0.9999989833E+00   -0.9952890357E+00    0.9694698925E-01
       2.000    0.9999977231E+00   -0.1772800922E+00    0.9841592818E+00
       2.500    0.9999920852E+00    0.8988936972E+00    0.4381577414E+00
       3.000    0.9999825467E+00    0.6660259749E+00   -0.7459168502E+00
       3.500    0.9999806115E+00   -0.5367603722E+00   -0.8437232451E+00
       4.000    0.9999797430E+00   -0.9578771992E+00    0.2871428465E+00
       4.500    0.9999421928E+00    0.1584186715E-01    0.9998456021E+00
       5.000    0.9998646785E+00    0.9664408521E+00    0.2566257155E+00
       5.500    0.9998032473E+00    0.5096886757E+00   -0.8602445589E+00
       6.000    0.9997882278E+00   -0.6892791954E+00   -0.7243496521E+00
       6.500    0.9997902061E+00   -0.8844646106E+00    0.4663824168E+00
       7.000    0.9997862469E+00    0.2083491398E+00    0.9779452351E+00
       7.500    0.9997847677E+00    0.9977536256E+00    0.6536413528E-01
       8.000    0.9997913732E+00    0.3341480030E+00   -0.9424099348E+00
       8.500    0.9997984003E+00   -0.8160805054E+00   -0.5777638004E+00
       9.000    0.9997979500E+00   -0.7778592290E+00    0.6282777808E+00
       9.500    0.9997883575E+00    0.3931494291E+00    0.9193594965E+00
      10.000    0.9997760028E+00    0.9916082218E+00   -0.1284100355E+00
      10.500    0.9997705780E+00    0.1459987620E+00   -0.9891688125E+00
      11.000    0.9997765863E+00   -0.9122274565E+00   -0.4094113505E+00
      11.500    0.9997889638E+00   -0.6419893246E+00    0.7665759395E+00
      12.000    0.9997972026E+00    0.5631800792E+00    0.8262114748E+00
      12.500    0.9997945459E+00    0.9481967783E+00   -0.3173600724E+00
      13.000    0.9997838406E+00   -0.4763599643E-01   -0.9987565532E+00
      13.500    0.9997746089E+00   -0.9740873312E+00   -0.2256733924E+00
      14.000    0.9997742799E+00   -0.4819840210E+00    0.8760511877E+00
      14.500    0.9997819099E+00    0.7120309183E+00    0.7019927929E+00
      15.000    0.9997897902E+00    0.8691268040E+00   -0.4943767680E+00
      15.500    0.9997907759E+00   -0.2394818609E+00   -0.9707930851E+00
      16.000    0.9997845484E+00   -0.9993325427E+00   -0.3345171859E-01
      16.500    0.9997774486E+00   -0.3038637480E+00    0.9525986937E+00
      17.000    0.9997761191E+00    0.8341150547E+00    0.5513875176E+00
      17.500    0.9997811316E+00    0.7573811194E+00   -0.6528054623E+00
      18.000    0.9997869523E+00   -0.4223235890E+00   -0.9063276110E+00
      18.500    0.9997877082E+00   -0.9870047604E+00    0.1600290947E+00
      19.000    0.9997826448E+00   -0.1143191672E+00    0.9933346731E+00
      19.500    0.9997764999E+00    0.9248430883E+00    0.3800549460E+00
      20.000    0.9997748960E+00    0.6171636094E+00   -0.7866917918E+00
      20.500    0.9997789950E+00   -0.5892863051E+00   -0.8077875003E+00
      21.000    0.9997844218E+00   -0.9375675415E+00    0.3474932043E+00
      21.500    0.9997855755E+00    0.7952423459E-01    0.9967253742E+00
      22.000    0.9997810887E+00    0.9808039091E+00    0.1944345146E+00
      22.500    0.9997750131E+00    0.4537462568E+00   -0.8910046844E+00
      23.000    0.9997727475E+00   -0.7340942966E+00   -0.6788801892E+00
      23.500    0.9997759589E+00   -0.8528805851E+00    0.5218914318E+00
      24.000    0.9997812606E+00    0.2703775638E+00    0.9626407604E+00
      24.500    0.9997834931E+00    0.9998906105E+00    0.1503403967E-02
      25.000    0.9997804415E+00    0.2732710137E+00   -0.9618229538E+00
      25.500    0.9997747221E+00   -0.8513068102E+00   -0.5244534650E+00
      26.000    0.9997711892E+00   -0.7361318761E+00    0.6766690846E+00
      26.500    0.9997724375E+00    0.4510642760E+00    0.8923639708E+00
      27.000    0.9997766548E+00    0.9813819810E+00   -0.1914838433E+00
      27.500    0.9997796408E+00    0.8252084504E-01   -0.9964787760E+00
      28.000    0.9997787812E+00   -0.9365157395E+00   -0.3503099354E+00
      28.500    0.9997750812E+00   -0.5917114990E+00    0.8060102873E+00
      29.000    0.9997717692E+00    0.6147942897E+00    0.7885428020E+00
      29.500    0.9997713265E+00    0.9259793217E+00   -0.3772712848E+00
      30.000    0.9997735211E+00   -0.1113312645E+00   -0.9936693971E+00
      30.500    0.9997758205E+00   -0.9865132485E+00   -0.1629951871E+00
      31.000    0.9997757902E+00   -0.4250444483E+00    0.9050486214E+00
      31.500    0.9997733067E+00    0.7554119232E+00    0.6550771962E+00
      32.000    0.9997705293E+00    0.8357668055E+00   -0.5488755562E+00
      32.500    0.9997697972E+00   -0.3009970788E+00   -0.9535043554E+00
      33.000    0.9997714614E+00   -0.9994220607E+00    0.3044677192E-01
      33.500    0.9997735773E+00   -0.2423973938E+00    0.9700603491E+00
      34.000    0.9997737117E+00    0.8676296007E+00    0.4969834883E+00
      34.500    0.9997712333E+00    0.7141343035E+00   -0.6998452900E+00
      35.000    0.9997679994E+00   -0.4793467046E+00   -0.8774934394E+00
      35.500    0.9997667033E+00   -0.9747574944E+00    0.2227431938E+00
      36.000    0.9997682843E+00   -0.5063777038E-01    0.9986010718E+00
      36.500    0.9997709413E+00    0.9472273262E+00    0.3202051432E+00
      37.000    0.9997718592E+00    0.5656538427E+00   -0.8245044508E+00
      37.500    0.9997698913E+00   -0.6396762071E+00   -0.7684947894E+00
      38.000    0.9997665619E+00   -0.9134492926E+00    0.4066656511E+00
      38.500    0.9997646017E+00    0.1430246755E+00    0.9896001939E+00
      39.000    0.9997654054E+00    0.9912125553E+00    0.1313890239E+00
      39.500    0.9997677436E+00    0.3959066072E+00   -0.9181643110E+00
      40.000    0.9997690489E+00   -0.7759563553E+00   -0.6306035074E+00
      40.500    0.9997679461E+00   -0.8178006360E+00    0.5752999790E+00
      41.000    0.9997653930E+00    0.3313101833E+00    0.9433975596E+00
      41.500    0.9997635486E+00    0.9979348997E+00   -0.6236573191E-01
      42.000    0.9997637272E+00    0.2112760143E+00   -0.9773055679E+00
      42.500    0.9997652724E+00   -0.8830630679E+00   -0.4690041476E+00
      43.000    0.9997662687E+00   -0.6914055818E+00    0.7223050534E+00
      43.500    0.9997654410E+00    0.5071400727E+00    0.8617275600E+00
      44.000    0.9997633983E+00    0.9671407743E+00   -0.2537757295E+00
      44.500    0.9997619446E+00    0.1870327273E-01   -0.9997060229E+00
      45.000    0.9997621800E+00   -0.9569710528E+00   -0.2897733323E+00
      45.500    0.9997634029E+00   -0.5390170721E+00    0.8421543795E+00
      46.000    0.9997639281E+00    0.6639035504E+00    0.7476603532E+00
      46.500    0.9997628631E+00    0.8999868592E+00   -0.4356449430E+00
      47.000    0.9997609536E+00   -0.1745723627E+00   -0.9845229524E+00
      47.500    0.9997597321E+00   -0.9949019007E+00   -0.9964908428E-01
      48.000    0.9997599764E+00   -0.3663645839E+00    0.9303423929E+00
      48.500    0.9997610244E+00    0.7957068361E+00    0.6054846450E+00
      49.000    0.9997615105E+00    0.7989976810E+00   -0.6011357719E+00
      49.500    0.9997607051E+00   -0.3612849143E+00   -0.9323271507E+00
      50.000    0.9997591392E+00   -0.9954303209E+00    0.9422109838E-01
      50.500    0.9997579751E+00   -0.1799393629E+00    0.9835546760E+00
      51.000    0.9997578582E+00    0.8975950962E+00    0.4405461399E+00
      51.500    0.9997584082E+00    0.6679697758E+00   -0.7440260659E+00
      52.000    0.9997587198E+00   -0.5344144686E+00   -0.8450798161E+00
      52.500    0.9997582663E+00   -0.9585354403E+00    0.2845488990E+00
      53.000    0.9997573281E+00    0.1325031810E-01    0.9997908567E+00
      53.500    0.9997565918E+00    0.9657389472E+00    0.2590460919E+00
      54.000    0.9997564086E+00    0.5118302775E+00   -0.8589448036E+00
      54.500    0.9997564938E+00   -0.6874523293E+00   -0.7260618353E+00
      55.000    0.9997563050E+00   -0.8856040041E+00    0.4641786865E+00
      55.500    0.9997556515E+00    0.2059416333E+00    0.9784394183E+00
      56.000    0.9997549019E+00    0.9975755890E+00    0.6780741916E-01
      56.500    0.9997545579E+00    0.3364488695E+00   -0.9415714079E+00
      57.000    0.9997546477E+00   -0.8146452881E+00   -0.5797479645E+00
      57.500    0.9997546630E+00   -0.7793785940E+00    0.6263574620E+00
      58.000    0.9997541432E+00    0.3908903005E+00    0.9203037087E+00
      58.500    0.9997532204E+00    0.9919083736E+00   -0.1259801523E+00
      59.000    0.9997524892E+00    0.1484189840E+00   -0.9887994207E+00
      59.500    0.9997523486E+00   -0.9112112604E+00   -0.4116386613E+00
      60.000    0.9997525487E+00   -0.6438524889E+00    0.7649879223E+00
      60.500    0.9997524617E+00    0.5611431506E+00    0.8275692274E+00
      61.000    0.9997517878E+00    0.9489505321E+00   -0.3150312293E+00
      61.500    0.9997508987E+00   -0.4519033316E-01   -0.9988537092E+00
      62.000    0.9997504015E+00   -0.9735202427E+00   -0.2280542447E+00
      62.500    0.9997504354E+00   -0.4841210574E+00    0.8748584098E+00
      63.000    0.9997505390E+00    0.7102994850E+00    0.7037223746E+00
      63.500    0.9997501886E+00    0.8703169123E+00   -0.4922384187E+00
      64.000    0.9997493597E+00   -0.2371004258E+00   -0.9713561385E+00
      64.500    0.9997485489E+00   -0.9992296985E+00   -0.3589649758E-01
      65.000    0.9997482527E+00   -0.3061894414E+00    0.9518383679E+00
      65.500    0.9997484363E+00    0.8327517804E+00    0.5534192882E+00
      66.000    0.9997485667E+00    0.7589638657E+00   -0.6509396418E+00
      66.500    0.9997481440E+00   -0.4200965224E+00   -0.9073406504E+00
      67.000    0.9997471744E+00   -0.9873733413E+00    0.1576104672E+00
      67.500    0.9997462024E+00   -0.1167470407E+00    0.9930339022E+00
      68.000    0.9997458427E+00    0.9238963220E+00    0.3823106444E+00
      68.500    0.9997461330E+00    0.6190775157E+00   -0.7851682384E+00
      69.000    0.9997464081E+00   -0.5872987384E+00   -0.8092135688E+00
      69.500    0.9997459918E+00   -0.9383968111E+00    0.3451918548E+00
      70.000    0.9997449393E+00    0.7708411397E-01    0.9968966740E+00
      70.500    0.9997439393E+00    0.9803071272E+00    0.1968295599E+00
      71.000    0.9997435724E+00    0.4559172854E+00   -0.8898780822E+00
      71.500    0.9997437899E+00   -0.7324208621E+00   -0.6806639924E+00
      72.000    0.9997440170E+00   -0.8541409836E+00    0.5197953416E+00
      72.500    0.9997436830E+00    0.2680170590E+00    0.9632811319E+00
      73.000    0.9997427540E+00    0.9998635703E+00    0.3949025465E-02
      73.500    0.9997417806E+00    0.2756173920E+00   -0.9611330989E+00
      74.000    0.9997413468E+00   -0.8500073450E+00   -0.5265252703E+00
      74.500    0.9997414847E+00   -0.7377737132E+00    0.6748566017E+00
      75.000    0.9997416626E+00    0.4488734994E+00    0.8934507509E+00
      75.500    0.9997413229E+00    0.9818300154E+00   -0.1890797286E+00
      76.000    0.9997404388E+00    0.8495600900E-01   -0.9962544431E+00
      76.500    0.9997395378E+00   -0.9356378453E+00   -0.3525923428E+00
      77.000    0.9997391390E+00   -0.5936702240E+00    0.8045463344E+00
      77.500    0.9997392172E+00    0.6128540567E+00    0.7900310895E+00
      78.000    0.9997392753E+00    0.9268843187E+00   -0.3749996467E+00
      78.500    0.9997388888E+00   -0.1088990353E+00   -0.9939214702E+00
      79.000    0.9997381102E+00   -0.9860931032E+00   -0.1654040568E+00
      79.500    0.9997373541E+00   -0.4272481839E+00    0.9039891280E+00
      80.000    0.9997369547E+00    0.7537940541E+00    0.6569105561E+00
      80.500    0.9997368736E+00    0.8370923993E+00   -0.5468209840E+00
      81.000    0.9997367960E+00   -0.2986596425E+00   -0.9542217845E+00
      81.500    0.9997364493E+00   -0.9994760223E+00    0.2800232544E-01
      82.000    0.9997358335E+00   -0.2447640871E+00    0.9694464272E+00
      82.500    0.9997351825E+00    0.8663950841E+00    0.4990939197E+00
      83.000    0.9997347315E+00    0.7158303354E+00   -0.6980842803E+00
      83.500    0.9997345224E+00   -0.4771917044E+00   -0.8786481660E+00
      84.000    0.9997343929E+00   -0.9752834483E+00    0.2203555954E+00
      84.500    0.9997341228E+00   -0.5307835886E-01    0.9984572152E+00
      85.000    0.9997336238E+00    0.9464239179E+00    0.3225141724E+00
      85.500    0.9997330151E+00    0.5676570354E+00   -0.8231029737E+00
      86.000    0.9997325059E+00   -0.6377834349E+00   -0.7700420742E+00
      86.500    0.9997321921E+00   -0.9144251083E+00    0.4044241752E+00
      87.000    0.9997319747E+00    0.1406024893E+00    0.9899307626E+00
      87.500    0.9997316923E+00    0.9908716569E+00    0.1338097600E+00
      88.000    0.9997312952E+00    0.3981429351E+00   -0.9171769177E+00
      88.500    0.9997308374E+00   -0.7743975289E+00   -0.6324866043E+00
      89.000    0.9997303606E+00   -0.8191892753E+00    0.5732881402E+00
      89.500    0.9997298835E+00    0.3289969804E+00    0.9441879423E+00
      90.000    0.9997294531E+00    0.9980673652E+00   -0.5992484988E-01
      90.500    0.9997291105E+00    0.2136609039E+00   -0.9767692300E+00
      91.000    0.9997288312E+00   -0.8818977908E+00   -0.4711529664E+00
      91.500    0.9997285371E+00   -0.6931562230E+00    0.7205990478E+00
      92.000    0.9997281564E+00    0.5050225369E+00    0.8629486622E+00
      92.500    0.9997276797E+00    0.9677409770E+00   -0.2514062074E+00
      93.000    0.9997271740E+00    0.2114670792E-01   -0.9996399305E+00
      93.500    0.9997267357E+00   -0.9562428746E+00   -0.2921066593E+00
      94.000    0.9997264117E+00   -0.5410641295E+00    0.8408186603E+00
      94.500    0.9997261492E+00    0.6620613898E+00    0.7492668853E+00
      95.000    0.9997258334E+00    0.9010324151E+00   -0.4334356011E+00
      95.500    0.9997253977E+00   -0.1721621380E+00   -0.9849292340E+00
      96.000    0.9997248986E+00   -0.9946380125E+00   -0.1020790021E+00
      96.500    0.9997244687E+00   -0.3686311066E+00    0.9294275528E+00
      97.000    0.9997241722E+00    0.7942097629E+00    0.6074166813E+00
      97.500    0.9997239197E+00    0.8004496622E+00   -0.5991696404E+00
      98.000    0.9997235619E+00   -0.3589981994E+00   -0.9331901493E+00
      98.500    0.9997230483E+00   -0.9956396866E+00    0.9178596174E-01
      99.000    0.9997224868E+00   -0.1823397409E+00    0.9830944541E+00
      99.500    0.9997220573E+00    0.8964995223E+00    0.4427309158E+00
     100.000    0.9997218231E+00    0.6697741582E+00   -0.7423775321E+00
     100.500    0.9997216389E+00   -0.5323373706E+00   -0.8463678649E+00
     101.000    0.9997213041E+00   -0.9592103648E+00    0.2821998938E+00
     101.500    0.9997207674E+00    0.1080631495E-01    0.9998019759E+00
     102.000    0.9997201446E+00    0.9650852937E+00    0.2614010720E+00
     102.500    0.9997196042E+00    0.5139187607E+00   -0.8576754115E+00
     103.000    0.9997192656E+00   -0.6856628462E+00   -0.7277264094E+00
     103.500    0.9997191137E+00   -0.8867194207E+00    0.4620040938E+00
     104.000    0.9997189674E+00    0.2035457667E+00    0.9789219010E+00
     104.500    0.9997186139E+00    0.9973887721E+00    0.7024422569E-01
     105.000    0.9997180187E+00    0.3387430630E+00   -0.9407290555E+00
     105.500    0.9997173636E+00   -0.8132106786E+00   -0.5817265301E+00
     106.000    0.9997168723E+00   -0.7808924324E+00    0.6244388531E+00
     106.500    0.9997166119E+00    0.3886324649E+00    0.9212390673E+00
     107.000    0.9997164531E+00    0.9921950814E+00   -0.1235531202E+00
     107.500    0.9997161968E+00    0.1508325862E+00   -0.9884157666E+00
     108.000    0.9997157412E+00   -0.9101857666E+00   -0.4138569941E+00
     108.500    0.9997151643E+00   -0.6457082306E+00    0.7633976979E+00
     109.000    0.9997146521E+00    0.5591082172E+00    0.8289225860E+00
     109.500    0.9997143204E+00    0.9496998758E+00   -0.3127050787E+00
     110.000    0.9997140971E+00   -0.4274809126E-01   -0.9989427901E+00
     110.500    0.9997137977E+00   -0.9729421307E+00   -0.2304287483E+00
     111.000    0.9997133168E+00   -0.4862488413E+00    0.8736563290E+00
     111.500    0.9997127353E+00    0.7085639946E+00    0.7054429820E+00
     112.000    0.9997122407E+00    0.8715008497E+00   -0.4901005097E+00
     112.500    0.9997119392E+00   -0.2347212421E+00   -0.9719145424E+00
     113.000    0.9997117459E+00   -0.9991205892E+00   -0.3833789539E-01
     113.500    0.9997114662E+00   -0.3085092353E+00    0.9510696704E+00
     114.000    0.9997109787E+00    0.8313811098E+00    0.5554425523E+00
     114.500    0.9997103421E+00    0.7605380107E+00   -0.6490703170E+00
     115.000    0.9997097482E+00   -0.4178696332E+00   -0.9083472452E+00
     115.500    0.9997093702E+00   -0.9877369283E+00    0.1551938489E+00
     116.000    0.9997092109E+00   -0.1191715391E+00    0.9927272310E+00
     116.500    0.9997090786E+00    0.9229421929E+00    0.3845605117E+00
     117.000    0.9997087421E+00    0.6209830724E+00   -0.7836381601E+00
     117.500    0.9997081407E+00   -0.5853079988E+00   -0.8106310426E+00
     118.000    0.9997074462E+00   -0.9392195762E+00    0.3428907024E+00
     118.500    0.9997069132E+00    0.7464597642E-01    0.9970631331E+00
     119.000    0.9997066531E+00    0.9798048608E+00    0.1992212033E+00
     119.500    0.9997065367E+00    0.4580823749E+00   -0.8887446622E+00
     120.000    0.9997063204E+00   -0.7307413795E+00   -0.6824392695E+00
     120.500    0.9997058704E+00   -0.8553925347E+00    0.5176963221E+00
     121.000    0.9997052669E+00    0.2656568228E+00    0.9639147885E+00
     121.500    0.9997047066E+00    0.9998319063E+00    0.6392631267E-02
     122.000    0.9997043202E+00    0.2779604436E+00   -0.9604386039E+00
     122.500    0.9997040706E+00   -0.8487021127E+00   -0.5285913303E+00
     123.000    0.9997038038E+00   -0.7394069805E+00    0.6730387217E+00
     123.500    0.9997033998E+00    0.4466799462E+00    0.8945280462E+00
     124.000    0.9997028827E+00    0.9822703229E+00   -0.1866759102E+00
     124.500    0.9997023830E+00    0.8738900933E-01   -0.9960248712E+00
     125.000    0.9997020011E+00   -0.9347557395E+00   -0.3548713973E+00
     125.500    0.9997017161E+00   -0.5956236792E+00    0.8030779220E+00
     126.000    0.9997014134E+00    0.6109097740E+00    0.7915116306E+00
     126.500    0.9997009909E+00    0.9277803146E+00   -0.3727260102E+00
     127.000    0.9997004517E+00   -0.1064674427E+00   -0.9941655473E+00
     127.500    0.9996999052E+00   -0.9856670635E+00   -0.1678104438E+00
     128.000    0.9996994751E+00   -0.4294481945E+00    0.9029250929E+00
     128.500    0.9996992009E+00    0.7521720547E+00    0.6587384921E+00
     129.000    0.9996990000E+00    0.8384104953E+00   -0.5447631058E+00
     129.500    0.9996987164E+00   -0.2963209080E+00   -0.9549306969E+00
     130.000    0.9996982405E+00   -0.9995223762E+00    0.2555895108E-01
     130.500    0.9996976198E+00   -0.2471280403E+00    0.9688267913E+00
     131.000    0.9996970401E+00    0.8651561642E+00    0.5012004107E+00
     131.500    0.9996966626E+00    0.7175207141E+00   -0.6963193861E+00
     132.000    0.9996964710E+00   -0.4750337460E+00   -0.8797950961E+00
     132.500    0.9996962882E+00   -0.9758005066E+00    0.2179671065E+00
     133.000    0.9996959460E+00   -0.5551745398E-01    0.9983054434E+00
     133.500    0.9996954264E+00    0.9456147741E+00    0.3248201430E+00
     134.000    0.9996948525E+00    0.5696562006E+00   -0.8216974294E+00
     134.500    0.9996943660E+00   -0.6358873504E+00   -0.7715838539E+00
     135.000    0.9996940171E+00   -0.9153933471E+00    0.4021803539E+00
     135.500    0.9996937511E+00    0.1381799529E+00    0.9902525192E+00
     136.000    0.9996934716E+00    0.9905227204E+00    0.1362285284E+00
     136.500    0.9996931003E+00    0.4003757533E+00   -0.9161835823E+00
     137.000    0.9996926137E+00   -0.7728345912E+00   -0.6343652799E+00
     137.500    0.9996920681E+00   -0.8205722773E+00    0.5712733197E+00
     138.000    0.9996915822E+00    0.3266820668E+00    0.9449711157E+00
     138.500    0.9996912420E+00    0.9981917686E+00   -0.5748421644E-01
     139.000    0.9996910029E+00    0.2160434473E+00   -0.9762255025E+00
     139.500    0.9996907125E+00   -0.8807268318E+00   -0.4732979614E+00
     140.000    0.9996902537E+00   -0.6949020467E+00    0.7188890034E+00
     140.500    0.9996896672E+00    0.5029022345E+00    0.8641637633E+00
     141.000    0.9996891324E+00    0.9683338732E+00   -0.2490354241E+00
     141.500    0.9996888053E+00    0.2358938297E-01   -0.9995660790E+00
     142.000    0.9996886519E+00   -0.9555078898E+00   -0.2944373014E+00
     142.500    0.9996884498E+00   -0.5431072199E+00    0.8394778123E+00
     143.000    0.9996879911E+00    0.6602155520E+00    0.7508684412E+00
     143.500    0.9996872995E+00    0.9020716850E+00   -0.4312238104E+00
     144.000    0.9996866377E+00   -0.1697511018E+00   -0.9853279663E+00
     144.500    0.9996862711E+00   -0.9943663438E+00   -0.1045076332E+00
     145.000    0.9996862025E+00   -0.3708944805E+00    0.9285060510E+00
     145.500    0.9996861475E+00    0.7927077546E+00    0.6093443717E+00
     146.000    0.9996857904E+00    0.8018963837E+00   -0.5972001174E+00
     146.500    0.9996850820E+00   -0.3567094924E+00   -0.9340467975E+00
     147.000    0.9996842977E+00   -0.9958417421E+00    0.8935055939E-01
     147.500    0.9996837947E+00   -0.1847383515E+00    0.9826268550E+00
     148.000    0.9996836834E+00    0.8953976055E+00    0.4449121391E+00
     148.500    0.9996837114E+00    0.6715737595E+00   -0.7407242381E+00
     149.000    0.9996834785E+00   -0.5302570992E+00   -0.8476502151E+00
     149.500    0.9996828114E+00   -0.9598787294E+00    0.2798493097E+00
     150.000    0.9996819513E+00    0.8362561609E-02    0.9998059906E+00
     150.500    0.9996813427E+00    0.9644248209E+00    0.2637538768E+00
     151.000    0.9996812027E+00    0.5160035011E+00   -0.8564003676E+00
     151.500    0.9996812947E+00   -0.6838692255E+00   -0.7293861646E+00
     152.000    0.9996811469E+00   -0.8878290658E+00    0.4598268117E+00
     152.500    0.9996805113E+00    0.2011487730E+00    0.9793976120E+00
     153.000    0.9996796099E+00    0.9971946610E+00    0.7268024509E-01
     153.500    0.9996789254E+00    0.3410345457E+00   -0.9398799732E+00
     154.000    0.9996787396E+00   -0.8117708192E+00   -0.5837010165E+00
     154.500    0.9996788613E+00   -0.7824013626E+00    0.6225166416E+00
     155.000    0.9996788026E+00    0.3863724753E+00    0.9221687009E+00
     155.500    0.9996782391E+00    0.9924751150E+00   -0.1211254941E+00
     156.000    0.9996773250E+00    0.1532448598E+00   -0.9880249683E+00
     156.500    0.9996765506E+00   -0.9091537571E+00   -0.4160721050E+00
     157.000    0.9996762669E+00   -0.6475594503E+00    0.7618024844E+00
     157.500    0.9996763505E+00    0.5570699881E+00    0.8302706660E+00
     158.000    0.9996763421E+00    0.9504432379E+00   -0.3103771797E+00
     158.500    0.9996758938E+00   -0.4030577120E-01   -0.9990251942E+00
     159.000    0.9996750792E+00   -0.9723572257E+00   -0.2328014277E+00
     159.500    0.9996743008E+00   -0.4883730754E+00    0.8724483022E+00
     160.000    0.9996739048E+00    0.7068240520E+00    0.7071588678E+00
     160.500    0.9996738677E+00    0.8726792998E+00   -0.4879597395E+00
     161.000    0.9996738399E+00   -0.2323407605E+00   -0.9724667660E+00
     161.500    0.9996734810E+00   -0.9990047880E+00   -0.4077884815E-01
     162.000    0.9996727667E+00   -0.3108267095E+00    0.9502944403E+00
     162.500    0.9996720014E+00    0.8300049478E+00    0.5574619162E+00
     163.000    0.9996715328E+00    0.7621072664E+00   -0.6471970700E+00
     163.500    0.9996714304E+00   -0.4156404327E+00   -0.9093483717E+00
     164.000    0.9996714256E+00   -0.9880945175E+00    0.1527764707E+00
     164.500    0.9996711607E+00   -0.1215950844E+00    0.9924141253E+00
     165.000    0.9996705142E+00    0.9219817902E+00    0.3868075655E+00
     165.500    0.9996697078E+00    0.6228842601E+00   -0.7821028745E+00
     166.000    0.9996691037E+00   -0.5833136930E+00   -0.8120432497E+00
     166.500    0.9996688779E+00   -0.9400366555E+00    0.3405876749E+00
     167.000    0.9996688714E+00    0.7220757642E-01    0.9972236145E+00
     167.500    0.9996687486E+00    0.9792964750E+00    0.2016114150E+00
     168.000    0.9996682923E+00    0.4602442855E+00   -0.8876054810E+00
     168.500    0.9996675650E+00   -0.7290571912E+00   -0.6842098924E+00
     169.000    0.9996668333E+00   -0.8566384966E+00    0.5155941423E+00
     169.500    0.9996663488E+00    0.2632951131E+00    0.9645423952E+00
     170.000    0.9996661614E+00    0.9997940219E+00    0.8836015276E-02
     170.500    0.9996660962E+00    0.2803015564E+00   -0.9597380547E+00
     171.000    0.9996658987E+00   -0.8473915249E+00   -0.5306538440E+00
     171.500    0.9996654274E+00   -0.7410354537E+00    0.6712167189E+00
     172.000    0.9996647532E+00    0.4444837960E+00    0.8955997478E+00
     172.500    0.9996641063E+00    0.9827045655E+00   -0.1842711134E+00
     173.000    0.9996636944E+00    0.8982129304E-01   -0.9957890488E+00
     173.500    0.9996635273E+00   -0.9338676706E+00   -0.3571480102E+00
     174.000    0.9996634048E+00   -0.5975731790E+00    0.8016044539E+00
     174.500    0.9996630876E+00    0.6089618117E+00    0.7929871370E+00
     175.000    0.9996625065E+00    0.9286706157E+00   -0.3704502586E+00
     175.500    0.9996618363E+00   -0.1040353620E+00   -0.9944035799E+00
     176.000    0.9996613505E+00   -0.9852349899E+00   -0.1702156435E+00
     176.500    0.9996611687E+00   -0.4316454056E+00    0.9018555386E+00
     177.000    0.9996611223E+00    0.7505455420E+00    0.6605622693E+00
     177.500    0.9996608798E+00    0.8397233972E+00   -0.5427020324E+00
     178.000    0.9996602555E+00   -0.2939804876E+00   -0.9556336790E+00
     178.500    0.9996594218E+00   -0.9995624506E+00    0.2311556251E-01
     179.000    0.9996587822E+00   -0.2494902983E+00    0.9682011017E+00
     179.500    0.9996586030E+00    0.8639120205E+00    0.5033037093E+00
     180.000    0.9996587434E+00    0.7192067645E+00   -0.6945504830E+00
     180.500    0.9996587362E+00   -0.4728731392E+00   -0.8809368482E+00
     181.000    0.9996581820E+00   -0.9763117080E+00    0.2155774359E+00
     181.500    0.9996571429E+00   -0.5795608014E-01    0.9981474018E+00
     182.000    0.9996561522E+00    0.9447995107E+00    0.3271238860E+00
     182.500    0.9996557642E+00    0.5716516034E+00   -0.8202866624E+00
     183.000    0.9996560282E+00   -0.6339874894E+00   -0.7731208777E+00
     183.500    0.9996563906E+00   -0.9163563284E+00    0.3999343320E+00
     184.000    0.9996561660E+00    0.1357567228E+00    0.9905686641E+00
     184.500    0.9996551778E+00    0.9901678414E+00    0.1386463979E+00
     185.000    0.9996539522E+00    0.4026059171E+00   -0.9151843681E+00
     185.500    0.9996532496E+00   -0.7712666447E+00   -0.6362397444E+00
     186.000    0.9996533563E+00   -0.8219501647E+00    0.5692550246E+00
     186.500    0.9996538093E+00    0.3243653423E+00    0.9457488747E+00
     187.000    0.9996538291E+00    0.9983106048E+00   -0.5504330518E-01
     187.500    0.9996530554E+00    0.2184246855E+00   -0.9756760283E+00
     188.000    0.9996518867E+00   -0.8795503138E+00   -0.4754399355E+00
     188.500    0.9996510969E+00   -0.6966433948E+00    0.7171743703E+00
     189.000    0.9996510891E+00    0.5007789257E+00    0.8653736515E+00
     189.500    0.9996514958E+00    0.9689214230E+00   -0.2466632763E+00
     190.000    0.9996515228E+00    0.2603193644E-01   -0.9994867988E+00
     190.500    0.9996507276E+00   -0.9547672675E+00   -0.2967662255E+00
     191.000    0.9996494773E+00   -0.5451468089E+00    0.8381315135E+00
     191.500    0.9996486147E+00    0.6583653524E+00    0.7524650672E+00
     192.000    0.9996486417E+00    0.9031055208E+00   -0.4290093938E+00
     192.500    0.9996492084E+00   -0.1673391241E+00   -0.9857214748E+00
     193.000    0.9996494129E+00   -0.9940896081E+00   -0.1069357935E+00
     193.500    0.9996486466E+00   -0.3731558419E+00    0.9275793035E+00
     194.000    0.9996471843E+00    0.7912005882E+00    0.6112682010E+00
     194.500    0.9996459635E+00    0.8033376828E+00   -0.5952264534E+00
     195.000    0.9996457537E+00   -0.3544184223E+00   -0.9348975001E+00
     195.500    0.9996464421E+00   -0.9960383029E+00    0.8691456268E-01
     196.000    0.9996470889E+00   -0.1871361629E+00    0.9821543389E+00
     196.500    0.9996467581E+00    0.8942909245E+00    0.4470911544E+00
     197.000    0.9996453825E+00    0.6733693881E+00   -0.7390663364E+00
     197.500    0.9996438443E+00   -0.5281731401E+00   -0.8489269570E+00
     198.000    0.9996431768E+00   -0.9605408541E+00    0.2774967466E+00
     198.500    0.9996436193E+00    0.5918595040E-02    0.9998042756E+00
     199.000    0.9996444018E+00    0.9637594344E+00    0.2661055327E+00
     199.500    0.9996444610E+00    0.5180857673E+00   -0.8551208095E+00
     200.000    0.9996434206E+00   -0.6820713901E+00   -0.7310417495E+00
     200.500    0.9996419321E+00   -0.8889329549E+00    0.4576462977E+00
     201.000    0.9996410592E+00    0.1987502593E+00    0.9798670285E+00
     201.500    0.9996412670E+00    0.9969949049E+00    0.7511608700E-01
     202.000    0.9996419692E+00    0.3433245961E+00   -0.9390261929E+00
     202.500    0.9996420868E+00   -0.8103267467E+00   -0.5856728186E+00
     203.000    0.9996411014E+00   -0.7839058998E+00    0.6205905588E+00
     203.500    0.9996395769E+00    0.3841096313E+00    0.9230922857E+00
     204.000    0.9996386293E+00    0.9927485615E+00   -0.1186967690E+00
     204.500    0.9996388435E+00    0.1556565450E+00   -0.9876284137E+00
     205.000    0.9996396770E+00   -0.9081172353E+00   -0.4182855053E+00
     205.500    0.9996399399E+00   -0.6494078986E+00    0.7602034735E+00
     206.000    0.9996389284E+00    0.5550283737E+00    0.8316143534E+00
     206.500    0.9996371387E+00    0.9511804527E+00   -0.3080468880E+00
     207.000    0.9996358506E+00   -0.3786281030E-01   -0.9991007247E+00
     207.500    0.9996359348E+00   -0.9717662183E+00   -0.2351730250E+00
     208.000    0.9996370060E+00   -0.4904951505E+00    0.8712356244E+00
     208.500    0.9996377414E+00    0.7050805364E+00    0.7088717645E+00
     209.000    0.9996370935E+00    0.8738534451E+00   -0.4858160659E+00
     209.500    0.9996352740E+00   -0.2299584096E+00   -0.9730130543E+00
     210.000    0.9996335773E+00   -0.9988821814E+00   -0.4321995959E-01
     210.500    0.9996331872E+00   -0.3131426060E+00    0.9495129781E+00
     211.000    0.9996340793E+00    0.8286240122E+00    0.5594786195E+00
     211.500    0.9996350556E+00    0.7636731665E+00   -0.6453203471E+00
     212.000    0.9996348792E+00   -0.4134086628E+00   -0.9103450756E+00
     212.500    0.9996334267E+00   -0.9884462534E+00    0.1503576761E+00
     213.000    0.9996317679E+00   -0.1240183194E+00    0.9920943626E+00
     213.500    0.9996311193E+00    0.9210153025E+00    0.3890526082E+00
     214.000    0.9996316892E+00    0.6247824417E+00   -0.7805629953E+00
     214.500    0.9996325082E+00   -0.5813161817E+00   -0.8134519070E+00
     215.000    0.9996323856E+00   -0.9408492824E+00    0.3382824463E+00
     215.500    0.9996310647E+00    0.6976819444E-01    0.9973782952E+00
     216.000    0.9996294704E+00    0.9787814528E+00    0.2040008284E+00
     216.500    0.9996288058E+00    0.4624036500E+00   -0.8864601911E+00
     217.000    0.9996293689E+00   -0.7273684686E+00   -0.6859770256E+00
     217.500    0.9996302378E+00   -0.8578806832E+00    0.5134890177E+00
     218.000    0.9996301471E+00    0.2609316137E+00    0.9651657060E+00
     218.500    0.9996287221E+00    0.9997507113E+00    0.1127995551E-01
     219.000    0.9996268800E+00    0.2826414319E+00   -0.9590311262E+00
     219.500    0.9996259880E+00   -0.8460748216E+00   -0.5327132288E+00
     220.000    0.9996265565E+00   -0.7426597152E+00    0.6693900985E+00
     220.500    0.9996277190E+00    0.4422848042E+00    0.8966670904E+00
     221.000    0.9996280246E+00    0.9831343759E+00   -0.1818648496E+00
     221.500    0.9996268074E+00    0.9225375408E-01   -0.9955481165E+00
     222.000    0.9996248236E+00   -0.9329736875E+00   -0.3594230406E+00
     222.500    0.9996235419E+00   -0.5995191471E+00    0.8001251991E+00
     223.000    0.9996237601E+00    0.6070094099E+00    0.7944578884E+00
     223.500    0.9996248693E+00    0.9295559959E+00   -0.3681718618E+00
     224.000    0.9996254616E+00   -0.1016021303E+00   -0.9946368527E+00
     224.500    0.9996246802E+00   -0.9847978449E+00   -0.1726206383E+00
     225.000    0.9996230018E+00   -0.4338406653E+00    0.9007803722E+00
     225.500    0.9996217190E+00    0.7489136142E+00    0.6623821537E+00
     226.000    0.9996216629E+00    0.8410311732E+00   -0.5406368732E+00
     226.500    0.9996224269E+00   -0.2916377793E+00   -0.9563314449E+00
     227.000    0.9996228239E+00   -0.9995976777E+00    0.2067139682E-01
     227.500    0.9996220913E+00   -0.2518519872E+00    0.9675704976E+00
     228.000    0.9996206302E+00    0.8626625753E+00    0.5054047007E+00
     228.500    0.9996195621E+00    0.7208885257E+00   -0.6927765120E+00
     229.000    0.9996195801E+00   -0.4707087923E+00   -0.8820730202E+00
     229.500    0.9996202571E+00   -0.9768173048E+00    0.2131858580E+00
     230.000    0.9996204907E+00   -0.6039508090E-01    0.9979844312E+00
     230.500    0.9996196202E+00    0.9439796792E+00    0.3294267527E+00
     231.000    0.9996180890E+00    0.5736445411E+00   -0.8188711922E+00
     231.500    0.9996169988E+00   -0.6320831114E+00   -0.7746534316E+00
     232.000    0.9996170205E+00   -0.9173132933E+00    0.3976849789E+00
     232.500    0.9996177516E+00    0.1333319930E+00    0.9908785654E+00
     233.000    0.9996181309E+00    0.9898075745E+00    0.1410641564E+00
     233.500    0.9996174615E+00    0.4048347963E+00   -0.9141806436E+00
     234.000    0.9996160447E+00   -0.7696945144E+00   -0.6381115884E+00
     234.500    0.9996148476E+00   -0.8233235847E+00    0.5672328645E+00
     235.000    0.9996145718E+00    0.3220458548E+00    0.9465204906E+00
     235.500    0.9996150312E+00    0.9984228172E+00   -0.5260141979E-01
     236.000    0.9996153980E+00    0.2208052372E+00   -0.9751207336E+00
     236.500    0.9996150245E+00   -0.8783691176E+00   -0.4775800643E+00
     237.000    0.9996140234E+00   -0.6983817370E+00    0.7154557798E+00
     237.500    0.9996130751E+00    0.4986522498E+00    0.8665789109E+00
     238.000    0.9996127119E+00    0.9695027704E+00   -0.2442889478E+00
     238.500    0.9996128208E+00    0.2847488375E-01   -0.9994008214E+00
     239.000    0.9996128347E+00   -0.9540207890E+00   -0.2990939130E+00
     239.500    0.9996123550E+00   -0.5471841087E+00    0.8367806799E+00
     240.000    0.9996115388E+00    0.6565115600E+00    0.7540584263E+00
     240.500    0.9996108838E+00    0.9041346012E+00   -0.4267921119E+00
     241.000    0.9996106847E+00   -0.1649255278E+00   -0.9861086426E+00
     241.500    0.9996107293E+00   -0.9938059688E+00   -0.1093637307E+00
     242.000    0.9996105342E+00   -0.3754153336E+00    0.9266465678E+00
     242.500    0.9996098622E+00    0.7896890430E+00    0.6131892674E+00
     243.000    0.9996089762E+00    0.8047756115E+00   -0.5932496872E+00
     243.500    0.9996083663E+00   -0.3521251285E+00   -0.9357436936E+00
     244.000    0.9996082465E+00   -0.9962287828E+00    0.8447756427E-01
     244.500    0.9996083455E+00   -0.1895331074E+00    0.9816748681E+00
     245.000    0.9996081923E+00    0.8931779737E+00    0.4492675144E+00
     245.500    0.9996075835E+00    0.6751614761E+00   -0.7374039359E+00
     246.000    0.9996067632E+00   -0.5260863551E+00   -0.8501999236E+00
     246.500    0.9996061511E+00   -0.9611986031E+00    0.2751425021E+00
     247.000    0.9996059198E+00    0.3474203465E-02    0.9997969042E+00
     247.500    0.9996058495E+00    0.9630874121E+00    0.2684557432E+00
     248.000    0.9996055936E+00    0.5201646853E+00   -0.8538350507E+00
     248.500    0.9996050562E+00   -0.6802690703E+00   -0.7326930109E+00
     249.000    0.9996044721E+00   -0.8900324573E+00    0.4554631675E+00
     249.500    0.9996041140E+00    0.1963505000E+00    0.9803318801E+00
     250.000    0.9996039691E+00    0.9967896888E+00    0.7755182422E-01
     250.500    0.9996037503E+00    0.3456126490E+00   -0.9381661085E+00
     251.000    0.9996032278E+00   -0.8088767828E+00   -0.5876406878E+00
     251.500    0.9996025071E+00   -0.7854055736E+00    0.6186603204E+00
     252.000    0.9996019387E+00    0.3818445893E+00    0.9240111733E+00
     252.500    0.9996017462E+00    0.9930174551E+00   -0.1162672790E+00
     253.000    0.9996017676E+00    0.1580676191E+00   -0.9872266181E+00
     253.500    0.9996015965E+00   -0.9070746563E+00   -0.4204963310E+00
     254.000    0.9996009912E+00   -0.6512517425E+00    0.7585988131E+00
     254.500    0.9996001322E+00    0.5529829443E+00    0.8329525770E+00
     255.000    0.9995994576E+00    0.9519127443E+00   -0.3057148749E+00
     255.500    0.9995992383E+00   -0.3541957571E-01   -0.9991720032E+00
     256.000    0.9995993114E+00   -0.9711706037E+00   -0.2375436168E+00
     256.500    0.9995992351E+00   -0.4926142569E+00    0.8700174878E+00
     257.000    0.9995987126E+00    0.7033317518E+00    0.7105794533E+00
     257.500    0.9995978747E+00    0.8750213144E+00   -0.4836688681E+00
     258.000    0.9995971518E+00   -0.2275747297E+00   -0.9735537449E+00
     258.500    0.9995968552E+00   -0.9987551951E+00   -0.4566087587E-01
     259.000    0.9995968731E+00   -0.3154571323E+00    0.9487273954E+00
     259.500    0.9995967866E+00    0.8272383978E+00    0.5614921368E+00
     260.000    0.9995962912E+00    0.7652335987E+00   -0.6434390652E+00
     260.500    0.9995954993E+00   -0.4111739093E+00   -0.9113350183E+00
     261.000    0.9995948231E+00   -0.9887917673E+00    0.1479380414E+00
     261.500    0.9995945594E+00   -0.1264408319E+00    0.9917697694E+00
     262.000    0.9995945925E+00    0.9200446790E+00    0.3912957721E+00
     262.500    0.9995945051E+00    0.6266770494E+00   -0.7790188578E+00
     263.000    0.9995939854E+00   -0.5793147579E+00   -0.8148548317E+00
     263.500    0.9995931393E+00   -0.9416549297E+00    0.3359748987E+00
     264.000    0.9995924012E+00    0.6732857081E-01    0.9975265735E+00
     264.500    0.9995921152E+00    0.9782615674E+00    0.2063890037E+00
     265.000    0.9995921885E+00    0.4645607160E+00   -0.8853109791E+00
     265.500    0.9995921722E+00   -0.7256759207E+00   -0.6877402346E+00
     266.000    0.9995916973E+00   -0.8591167804E+00    0.5113805383E+00
     266.500    0.9995908340E+00    0.2585664172E+00    0.9657816740E+00
     267.000    0.9995900240E+00    0.9997007998E+00    0.1372351454E-01
     267.500    0.9995896628E+00    0.2849795901E+00   -0.9583195167E+00
     268.000    0.9995897260E+00   -0.8447547818E+00   -0.5347701232E+00
     268.500    0.9995897882E+00   -0.7442800952E+00    0.6675604303E+00
     269.000    0.9995894219E+00    0.4400832043E+00    0.8977283527E+00
     269.500    0.9995886046E+00    0.9835566002E+00   -0.1794575683E+00
     270.000    0.9995877384E+00    0.9468515470E-01   -0.9953001858E+00
     270.500    0.9995872629E+00   -0.9320748169E+00   -0.3616957265E+00
     271.000    0.9995872419E+00   -0.6014622499E+00    0.7986428512E+00
     271.500    0.9995873147E+00    0.6050546071E+00    0.7959247685E+00
     272.000    0.9995870455E+00    0.9304355666E+00   -0.3658916533E+00
     272.500    0.9995863307E+00   -0.9916862877E-01   -0.9948627613E+00
     273.000    0.9995854867E+00   -0.9843536597E+00   -0.1750238822E+00
     273.500    0.9995849417E+00   -0.4360328772E+00    0.8997001009E+00
     274.000    0.9995848260E+00    0.7472785086E+00    0.6641985070E+00
     274.500    0.9995848563E+00    0.8423346437E+00   -0.5385695911E+00
     275.000    0.9995846238E+00   -0.2892938589E+00   -0.9570233472E+00
     275.500    0.9995839937E+00   -0.9996258031E+00    0.1822765470E-01
     276.000    0.9995832193E+00   -0.2542113209E+00    0.9669332054E+00
     276.500    0.9995826752E+00    0.8614082920E+00    0.5075021474E+00
     277.000    0.9995824891E+00    0.7225663090E+00   -0.6909995789E+00
     277.500    0.9995824287E+00   -0.4685426538E+00   -0.8832045121E+00
     278.000    0.9995821447E+00   -0.9773168385E+00    0.2107936004E+00
     278.500    0.9995815244E+00   -0.6283300823E-01    0.9978143803E+00
     279.000    0.9995808013E+00    0.9431533454E+00    0.3317266470E+00
     279.500    0.9995803147E+00    0.5756334649E+00   -0.8174511783E+00
     280.000    0.9995801698E+00   -0.6301761853E+00   -0.7761817733E+00
     280.500    0.9995801330E+00   -0.9182656405E+00    0.3954343769E+00
     281.000    0.9995798628E+00    0.1309071902E+00    0.9911827129E+00
     281.500    0.9995792425E+00    0.9894405805E+00    0.1434802428E+00
     282.000    0.9995784893E+00    0.4070600926E+00   -0.9131706140E+00
     282.500    0.9995779403E+00   -0.7681179093E+00   -0.6399787635E+00
     283.000    0.9995777313E+00   -0.8246922341E+00    0.5652083246E+00
     283.500    0.9995776801E+00    0.3197255299E+00    0.9472873195E+00
     284.000    0.9995774730E+00    0.9985296426E+00   -0.5016000241E-01
     284.500    0.9995769642E+00    0.2231836458E+00   -0.9745594002E+00
     285.000    0.9995762971E+00   -0.8771822191E+00   -0.4797162199E+00
     285.500    0.9995757396E+00   -0.7001149266E+00    0.7137330238E+00
     286.000    0.9995754147E+00    0.4965233624E+00    0.8677787537E+00
     286.500    0.9995752037E+00    0.9700787506E+00   -0.2419140783E+00
     287.000    0.9995749030E+00    0.3091688567E-01   -0.9993092860E+00
     287.500    0.9995744444E+00   -0.9532686078E+00   -0.3014189870E+00
     288.000    0.9995739428E+00   -0.5492171233E+00    0.8354247388E+00
     288.500    0.9995735381E+00    0.6546541410E+00    0.7556464079E+00
     289.000    0.9995732243E+00    0.9051579817E+00   -0.4245730236E+00
     289.500    0.9995728577E+00   -0.1625117932E+00   -0.9864901291E+00
     290.000    0.9995723349E+00   -0.9935166220E+00   -0.1117902351E+00
     290.500    0.9995717422E+00   -0.3776717148E+00    0.9257082791E+00
     291.000    0.9995712946E+00    0.7881727749E+00    0.6151056588E+00
     291.500    0.9995711031E+00    0.8062079028E+00   -0.5912697529E+00
     292.000    0.9995710165E+00   -0.3498304811E+00   -0.9365840331E+00
     292.500    0.9995707402E+00   -0.9964135857E+00    0.8204088234E-01
     293.000    0.9995701390E+00   -0.1919281909E+00    0.9811899452E+00
     293.500    0.9995693967E+00    0.8920599379E+00    0.4514404324E+00
     294.000    0.9995688471E+00    0.6769486344E+00   -0.7357373129E+00
     294.500    0.9995686396E+00   -0.5239968150E+00   -0.8514669562E+00
     295.000    0.9995685858E+00   -0.9618501349E+00    0.2727872865E+00
     295.500    0.9995683488E+00    0.1030568408E-02    0.9997836199E+00
     296.000    0.9995677900E+00    0.9624100806E+00    0.2708036683E+00
     296.500    0.9995671127E+00    0.5222399373E+00   -0.8525447557E+00
     297.000    0.9995666420E+00   -0.6784632262E+00   -0.7343393580E+00
     297.500    0.9995664684E+00   -0.8911260576E+00    0.4532778595E+00
     298.000    0.9995663362E+00    0.1939502144E+00    0.9807903194E+00
     298.500    0.9995659138E+00    0.9965781961E+00    0.7998632943E-01
     299.000    0.9995651711E+00    0.3478978798E+00   -0.9373005048E+00
     299.500    0.9995644510E+00   -0.8074224497E+00   -0.5896044765E+00
     300.000    0.9995641303E+00   -0.7869001948E+00    0.6167270171E+00
     300.500    0.9995642031E+00    0.3795778953E+00    0.9249242264E+00
     301.000    0.9995642286E+00    0.9932800195E+00   -0.1138377416E+00
     301.500    0.9995637387E+00    0.1604769982E+00   -0.9868185607E+00
     302.000    0.9995627267E+00   -0.9060265854E+00   -0.4227038600E+00
     302.500    0.9995617160E+00   -0.6530910775E+00    0.7569899342E+00
     303.000    0.9995612962E+00    0.5509347462E+00    0.8342854437E+00
     303.500    0.9995615445E+00    0.9526390433E+00   -0.3033816041E+00
     304.000    0.9995619029E+00   -0.3297673387E-01   -0.9992369278E+00
     304.500    0.9995616752E+00   -0.9705688386E+00   -0.2399120772E+00
     305.000    0.9995606944E+00   -0.4947297033E+00    0.8687941155E+00
     305.500    0.9995595065E+00    0.7015791265E+00    0.7122824129E+00
     306.000    0.9995588603E+00    0.8761837641E+00   -0.4815193370E+00
     306.500    0.9995589857E+00   -0.2251902263E+00   -0.9740884701E+00
     307.000    0.9995593684E+00   -0.9986218830E+00   -0.4810096731E-01
     307.500    0.9995592568E+00   -0.3177690708E+00    0.9479356911E+00
     308.000    0.9995584040E+00    0.8258476815E+00    0.5635015625E+00
     308.500    0.9995573063E+00    0.7667890432E+00   -0.6415542608E+00
     309.000    0.9995566985E+00   -0.4089372713E+00   -0.9123195749E+00
     309.500    0.9995568059E+00   -0.9891315928E+00    0.1455180336E+00
     310.000    0.9995571063E+00   -0.1288621273E+00    0.9914391855E+00
     310.500    0.9995568557E+00    0.9190681720E+00    0.3935359588E+00
     311.000    0.9995558596E+00    0.6285671168E+00   -0.7774697674E+00
     311.500    0.9995547033E+00   -0.5773100017E+00   -0.8162523294E+00
     312.000    0.9995541787E+00   -0.9424549459E+00    0.3336657814E+00
     312.500    0.9995544686E+00    0.6488895747E-01    0.9976692297E+00
     313.000    0.9995549237E+00    0.9777359917E+00    0.2087756074E+00
     313.500    0.9995546819E+00    0.4667144922E+00   -0.8841562445E+00
     314.000    0.9995535275E+00   -0.7239787460E+00   -0.6894985880E+00
     314.500    0.9995521343E+00   -0.8603471322E+00    0.5092690314E+00
     315.000    0.9995514355E+00    0.2561999768E+00    0.9663917464E+00
     315.500    0.9995517300E+00    0.9996451210E+00    0.1616669665E-01
     316.000    0.9995523892E+00    0.2873157789E+00   -0.9576022308E+00
     316.500    0.9995524525E+00   -0.8434294009E+00   -0.5368233398E+00
     317.000    0.9995515331E+00   -0.7458953120E+00    0.6657264579E+00
     317.500    0.9995501630E+00    0.4378789778E+00    0.8987837136E+00
     318.000    0.9995492605E+00    0.9839729440E+00   -0.1770494447E+00
     318.500    0.9995492591E+00    0.9711581567E-01   -0.9950466207E+00
     319.000    0.9995497342E+00   -0.9311704552E+00   -0.3639660939E+00
     319.500    0.9995498555E+00   -0.6034013081E+00    0.7971553907E+00
     320.000    0.9995491936E+00    0.6030957990E+00    0.7973861366E+00
     320.500    0.9995480966E+00    0.9313090013E+00   -0.3636091868E+00
     321.000    0.9995472992E+00   -0.9673467348E-01   -0.9950827614E+00
     321.500    0.9995471868E+00   -0.9839040526E+00   -0.1774260467E+00
     322.000    0.9995474426E+00   -0.4382225276E+00    0.8986147444E+00
     322.500    0.9995473956E+00    0.7456387819E+00    0.6660106625E+00
     323.000    0.9995466960E+00    0.8436324786E+00   -0.5364987764E+00
     323.500    0.9995456512E+00   -0.2869480957E+00   -0.9577089545E+00
     324.000    0.9995449114E+00   -0.9996478287E+00    0.1578385198E-01
     324.500    0.9995448287E+00   -0.2565691645E+00    0.9662903769E+00
     325.000    0.9995451131E+00    0.8601490365E+00    0.5095966524E+00
     325.500    0.9995451097E+00    0.7242396698E+00   -0.6892184054E+00
     326.000    0.9995444254E+00   -0.4663735013E+00   -0.8843303583E+00
     326.500    0.9995433022E+00   -0.9778101797E+00    0.2083999875E+00
     327.000    0.9995423908E+00   -0.6527057973E-01    0.9976382823E+00
     327.500    0.9995421516E+00    0.9423214429E+00    0.3340246245E+00
     328.000    0.9995424420E+00    0.5776189696E+00   -0.8160262054E+00
     328.500    0.9995426573E+00   -0.6282652185E+00   -0.7777052607E+00
     329.000    0.9995422827E+00   -0.9192120931E+00    0.3931811422E+00
     329.500    0.9995413440E+00    0.1284814746E+00    0.9914806376E+00
     330.000    0.9995403550E+00    0.9890676614E+00    0.1458955658E+00
     330.500    0.9995398306E+00    0.4092831181E+00   -0.9121552279E+00
     331.000    0.9995398336E+00   -0.7665366345E+00   -0.6418422093E+00
     331.500    0.9995399640E+00   -0.8260557667E+00    0.5631801083E+00
     332.000    0.9995397628E+00    0.3174029896E+00    0.9480480500E+00
     332.500    0.9995391247E+00    0.9986301148E+00   -0.4771811405E-01
     333.000    0.9995383466E+00    0.2255608506E+00   -0.9739921197E+00
     333.500    0.9995378099E+00   -0.8759901074E+00   -0.4818497087E+00
     334.000    0.9995376193E+00   -0.7018441144E+00    0.7120059398E+00
     334.500    0.9995375348E+00    0.4943912923E+00    0.8689734086E+00
     335.000    0.9995372357E+00    0.9706487583E+00   -0.2395375205E+00
     335.500    0.9995366386E+00    0.3335889201E-01   -0.9992116007E+00
     336.000    0.9995359620E+00   -0.9525106282E+00   -0.3037424322E+00
     336.500    0.9995354945E+00   -0.5512470122E+00    0.8340636822E+00
     337.000    0.9995353096E+00    0.6527925809E+00    0.7572299227E+00
     337.500    0.9995352011E+00    0.9061758796E+00   -0.4223511292E+00
     338.000    0.9995348862E+00   -0.1600968625E+00   -0.9868656853E+00
     338.500    0.9995342731E+00   -0.9932214801E+00   -0.1142163055E+00
     339.000    0.9995335420E+00   -0.3799261513E+00    0.9247646520E+00
     339.500    0.9995329781E+00    0.7866517631E+00    0.6170186235E+00
     340.000    0.9995327192E+00    0.8076353014E+00   -0.5892859571E+00
     340.500    0.9995326455E+00   -0.3475333559E+00   -0.9374183762E+00
     341.000    0.9995324936E+00   -0.9965920846E+00    0.7960345729E-01
     341.500    0.9995320815E+00   -0.1943223598E+00    0.9806991904E+00
     342.000    0.9995314459E+00    0.8909368493E+00    0.4536110409E+00
     342.500    0.9995307889E+00    0.6787321404E+00   -0.7340663938E+00
     343.000    0.9995303035E+00   -0.5219038995E+00   -0.8527289271E+00
     343.500    0.9995300307E+00   -0.9624955041E+00    0.2704300930E+00
     344.000    0.9995298564E+00   -0.1413292673E-02    0.9997639016E+00
     344.500    0.9995296191E+00    0.9617268865E+00    0.2731501692E+00
     345.000    0.9995292283E+00    0.5243124086E+00   -0.8512495090E+00
     345.500    0.9995287123E+00   -0.6766533358E+00   -0.7359816407E+00
     346.000    0.9995281782E+00   -0.8922143016E+00    0.4510895901E+00
     346.500    0.9995277257E+00    0.1915484868E+00    0.9812425301E+00
     347.000    0.9995273791E+00    0.9963604940E+00    0.8242053781E-01
     347.500    0.9995270839E+00    0.3501813019E+00   -0.9364294633E+00
     348.000    0.9995267595E+00   -0.8059636166E+00   -0.5915652190E+00
     348.500    0.9995263584E+00   -0.7883904700E+00    0.6147900660E+00
     349.000    0.9995258934E+00    0.3773086546E+00    0.9258315573E+00
     349.500    0.9995254254E+00    0.9935360304E+00   -0.1114072787E+00
     350.000    0.9995250139E+00    0.1628855231E+00   -0.9864042378E+00
     350.500    0.9995246621E+00   -0.9049734007E+00   -0.4249091739E+00
     351.000    0.9995243109E+00   -0.6549272353E+00    0.7553771425E+00
     351.500    0.9995238974E+00    0.5488835303E+00    0.8356140063E+00
     352.000    0.9995234216E+00    0.9533595926E+00   -0.3010463567E+00
     352.500    0.9995229541E+00   -0.3053354286E-01   -0.9992950800E+00
     353.000    0.9995225741E+00   -0.9699605367E+00   -0.2422790360E+00
     353.500    0.9995222924E+00   -0.4968423148E+00    0.8675655633E+00
     354.000    0.9995220264E+00    0.6998228481E+00    0.7139817978E+00
     354.500    0.9995216591E+00    0.8773418172E+00   -0.4793672861E+00
     355.000    0.9995211434E+00   -0.2228043324E+00   -0.9746175521E+00
     355.500    0.9995205593E+00   -0.9984819407E+00   -0.5054080933E-01
     356.000    0.9995200627E+00   -0.3200789106E+00    0.9471375579E+00
     356.500    0.9995197563E+00    0.8244518986E+00    0.5655075802E+00
     357.000    0.9995195914E+00    0.7683404155E+00   -0.6396660045E+00
     357.500    0.9995193914E+00   -0.4066984674E+00   -0.9132993748E+00
     358.000    0.9995189909E+00   -0.9894656119E+00    0.1430971480E+00
     358.500    0.9995183860E+00   -0.1312825796E+00    0.9911020484E+00
     359.000    0.9995177542E+00    0.9180855502E+00    0.3957735168E+00
     359.500    0.9995173070E+00    0.6304534391E+00   -0.7759160831E+00
     360.000    0.9995170976E+00   -0.5753023058E+00   -0.8176456167E+00
     360.500    0.9995169652E+00   -0.9432501431E+00    0.3313549951E+00
     361.000    0.9995166737E+00    0.6244900402E-01    0.9978059909E+00
     361.500    0.9995161239E+00    0.9772038002E+00    0.2111607369E+00
     362.000    0.9995154514E+00    0.4688650053E+00   -0.8829955030E+00
     362.500    0.9995149109E+00   -0.7222773242E+00   -0.6912527597E+00
     363.000    0.9995146396E+00   -0.8615731788E+00    0.5071551017E+00
     363.500    0.9995145195E+00    0.2538324322E+00    0.9669972160E+00
     364.000    0.9995142837E+00    0.9995838954E+00    0.1860966934E-01
     364.500    0.9995137755E+00    0.2896499280E+00   -0.9568786207E+00
     365.000    0.9995131053E+00   -0.8420981909E+00   -0.5388726585E+00
     365.500    0.9995125446E+00   -0.7475056803E+00    0.6638883961E+00
     366.000    0.9995122618E+00    0.4356726013E+00    0.8998342327E+00
     366.500    0.9995121575E+00    0.9843844782E+00   -0.1746406498E+00
     367.000    0.9995119553E+00    0.9954575801E-01   -0.9947877147E+00
     367.500    0.9995114639E+00   -0.9302602608E+00   -0.3662339567E+00
     368.000    0.9995107637E+00   -0.6053360644E+00    0.7956626250E+00
     368.500    0.9995101386E+00    0.6011333015E+00    0.7988422200E+00
     369.000    0.9995098098E+00    0.9321770875E+00   -0.3613249056E+00
     369.500    0.9995097234E+00   -0.9430046718E-01   -0.9952975160E+00
     370.000    0.9995095965E+00   -0.9834489627E+00   -0.1798269567E+00
     370.500    0.9995091833E+00   -0.4404091486E+00    0.8975237964E+00
     371.000    0.9995085073E+00    0.7439942482E+00    0.6678181384E+00
     371.500    0.9995078383E+00    0.8449248161E+00   -0.5344248248E+00
     372.000    0.9995074363E+00   -0.2846010254E+00   -0.9583891134E+00
     372.500    0.9995073054E+00   -0.9996646149E+00    0.1334028109E-01
     373.000    0.9995071911E+00   -0.2589252649E+00    0.9656422207E+00
     373.500    0.9995068240E+00    0.8588844954E+00    0.5116876465E+00
     374.000    0.9995061788E+00    0.7259079062E+00   -0.6874328262E+00
     374.500    0.9995054988E+00   -0.4642016617E+00   -0.8854503464E+00
     375.000    0.9995050605E+00   -0.9782978965E+00    0.2060055493E+00
     375.500    0.9995049064E+00   -0.6770744736E-01    0.9974570708E+00
     376.000    0.9995048065E+00    0.9414846492E+00    0.3363204748E+00
     376.500    0.9995044831E+00    0.5796006902E+00   -0.8145965400E+00
     377.000    0.9995038760E+00   -0.6263504024E+00   -0.7792233629E+00
     377.500    0.9995031923E+00   -0.9201523247E+00    0.3909256855E+00
     378.000    0.9995027010E+00    0.1260553936E+00    0.9917725237E+00
     378.500    0.9995024795E+00    0.9886893946E+00    0.1483096779E+00
     379.000    0.9995023543E+00    0.4115035577E+00   -0.9111351032E+00
     379.500    0.9995020783E+00   -0.7649511862E+00   -0.6437016086E+00
     380.000    0.9995015604E+00   -0.8274138578E+00    0.5611487042E+00
     380.500    0.9995009298E+00    0.3150788257E+00    0.9488025418E+00
     381.000    0.9995003951E+00    0.9987244087E+00   -0.4527637936E-01
     381.500    0.9995000522E+00    0.2279363043E+00   -0.9734192793E+00
     382.000    0.9994998208E+00   -0.8747931982E+00   -0.4839800422E+00
     382.500    0.9994995449E+00   -0.7035688016E+00    0.7102749371E+00
     383.000    0.9994991393E+00    0.4922565392E+00    0.8701624210E+00
     383.500    0.9994986464E+00    0.9712125539E+00   -0.2371599071E+00
     384.000    0.9994981702E+00    0.3580022865E-01   -0.9991078590E+00
     384.500    0.9994977706E+00   -0.9517472388E+00   -0.3060636602E+00
     385.000    0.9994974219E+00   -0.5532733201E+00    0.8326980576E+00
     385.500    0.9994970625E+00    0.6509274702E+00    0.7588085998E+00
     386.000    0.9994966634E+00    0.9071879310E+00   -0.4201270299E+00
     386.500    0.9994962435E+00   -0.1576813891E+00   -0.9872349381E+00
     387.000    0.9994958344E+00   -0.9929202712E+00   -0.1166411998E+00
     387.500    0.9994954488E+00   -0.3821778980E+00    0.9238157301E+00
     388.000    0.9994950814E+00    0.7851265103E+00    0.6189276566E+00
     388.500    0.9994947218E+00    0.8090577500E+00   -0.5872991392E+00
     389.000    0.9994943568E+00   -0.3452346148E+00   -0.9382469917E+00
     389.500    0.9994939653E+00   -0.9967644510E+00    0.7716601877E-01
     390.000    0.9994935280E+00   -0.1967148545E+00    0.9802024250E+00
     390.500    0.9994930550E+00    0.8898084567E+00    0.4557784170E+00
     391.000    0.9994926033E+00    0.6805111994E+00   -0.7323913645E+00
     391.500    0.9994922425E+00   -0.5198083424E+00   -0.8539856730E+00
     392.000    0.9994919786E+00   -0.9631352374E+00    0.2680718060E+00
     392.500    0.9994917137E+00   -0.3856678736E-02    0.9997383857E+00
     393.000    0.9994913113E+00    0.9610380068E+00    0.2754945747E+00
     393.500    0.9994907286E+00    0.5263811938E+00   -0.8499491558E+00
     394.000    0.9994900901E+00   -0.6748395076E+00   -0.7376189593E+00
     394.500    0.9994896050E+00   -0.8932968807E+00    0.4488989731E+00
     395.000    0.9994893805E+00    0.1891460882E+00    0.9816889211E+00
     395.500    0.9994892978E+00    0.9961371020E+00    0.8485382571E-01
     396.000    0.9994890902E+00    0.3524622364E+00   -0.9355530248E+00
     396.500    0.9994885780E+00   -0.8045000279E+00   -0.5935219315E+00
     397.000    0.9994878477E+00   -0.7898754763E+00    0.6128495571E+00
     397.500    0.9994871915E+00    0.3750374878E+00    0.9267330113E+00
     398.000    0.9994868449E+00    0.9937861681E+00   -0.1089765893E+00
     398.500    0.9994867642E+00    0.1652927000E+00   -0.9859843242E+00
     399.000    0.9994866612E+00   -0.9039150113E+00   -0.4271115937E+00
     399.500    0.9994862734E+00   -0.6567589702E+00    0.7537598613E+00
     400.000    0.9994856164E+00    0.5468291271E+00    0.8369369881E+00
     400.500    0.9994849672E+00    0.9540741672E+00   -0.2987096427E+00
     401.000    0.9994845894E+00   -0.2809057425E-01   -0.9993475416E+00
     401.500    0.9994844680E+00   -0.9693470159E+00   -0.2446442946E+00
     402.000    0.9994843221E+00   -0.4989517428E+00    0.8663321998E+00
     402.500    0.9994838862E+00    0.6980624168E+00    0.7156764272E+00
     403.000    0.9994831857E+00    0.8784938966E+00   -0.4772123838E+00
     403.500    0.9994825257E+00   -0.2204173755E+00   -0.9751403521E+00
     404.000    0.9994821927E+00   -0.9983362721E+00   -0.5298000114E-01
     404.500    0.9994821565E+00   -0.3223867147E+00    0.9463344877E+00
     405.000    0.9994820771E+00    0.8230517773E+00    0.5675102193E+00
     405.500    0.9994816256E+00    0.7698868955E+00   -0.6377740930E+00
     406.000    0.9994808125E+00   -0.4044572657E+00   -0.9142730078E+00
     406.500    0.9994800017E+00   -0.9897930926E+00    0.1406756397E+00
     407.000    0.9994795808E+00   -0.1337019284E+00    0.9907589894E+00
     407.500    0.9994795951E+00    0.9170979965E+00    0.3980086178E+00
     408.000    0.9994796921E+00    0.6323360686E+00   -0.7743583075E+00
     408.500    0.9994794353E+00   -0.5732913789E+00   -0.8190338394E+00
     409.000    0.9994787021E+00   -0.9440391213E+00    0.3290423067E+00
     409.500    0.9994777966E+00    0.6000891020E-01    0.9979362341E+00
     410.000    0.9994771717E+00    0.9766657517E+00    0.2135443306E+00
     410.500    0.9994770190E+00    0.4710126818E+00   -0.8818299567E+00
     411.000    0.9994771058E+00   -0.7205720419E+00   -0.6930029136E+00
     411.500    0.9994770015E+00   -0.8627939060E+00    0.5050382928E+00
     412.000    0.9994764739E+00    0.2514634311E+00    0.9675963088E+00
     412.500    0.9994756887E+00    0.9995161274E+00    0.2105230991E-01
     413.000    0.9994750357E+00    0.2919821288E+00   -0.9561492938E+00
     413.500    0.9994747553E+00   -0.8407624765E+00   -0.5409188603E+00
     414.000    0.9994747197E+00   -0.7491118987E+00    0.6620468888E+00
     414.500    0.9994745687E+00    0.4334638138E+00    0.9008793986E+00
     415.000    0.9994740635E+00    0.9847896162E+00   -0.1722308778E+00
     415.500    0.9994733168E+00    0.1019748847E+00   -0.9945222168E+00
     416.000    0.9994726825E+00   -0.9293443277E+00   -0.3684993935E+00
     416.500    0.9994724114E+00   -0.6072673110E+00    0.7941654893E+00
     417.000    0.9994724006E+00    0.5991677136E+00    0.8002939783E+00
     417.500    0.9994722787E+00    0.9330399155E+00   -0.3590387092E+00
     418.000    0.9994717555E+00   -0.9186578406E-01   -0.9955061191E+00
     418.500    0.9994709119E+00   -0.9829874777E+00   -0.1822265911E+00
     419.000    0.9994701439E+00   -0.4425928722E+00    0.8964271824E+00
     419.500    0.9994698019E+00    0.7423454042E+00    0.6696216116E+00
     420.000    0.9994698579E+00    0.8462124311E+00   -0.5323479872E+00
     420.500    0.9994699176E+00   -0.2822524199E+00   -0.9590638608E+00
     421.000    0.9994695730E+00   -0.9996753649E+00    0.1089668759E-01
     421.500    0.9994687740E+00   -0.2612796640E+00    0.9649879332E+00
     422.000    0.9994678756E+00    0.8576145685E+00    0.5137753668E+00
     422.500    0.9994673167E+00    0.7275717953E+00   -0.6856432013E+00
     423.000    0.9994672271E+00   -0.4620272360E+00   -0.8865653164E+00
     423.500    0.9994673200E+00   -0.9787800091E+00    0.2036099550E+00
     424.000    0.9994671653E+00   -0.7014388983E-01    0.9972697729E+00
     424.500    0.9994665812E+00    0.9406418192E+00    0.3386141597E+00
     425.000    0.9994657832E+00    0.5815787256E+00   -0.8131617116E+00
     425.500    0.9994651630E+00   -0.6244318714E+00   -0.7807368321E+00
     426.000    0.9994649168E+00   -0.9210874354E+00    0.3886680500E+00
     426.500    0.9994648746E+00    0.1236285937E+00    0.9920588921E+00
     427.000    0.9994646826E+00    0.9883052557E+00    0.1507229382E+00
     427.500    0.9994641509E+00    0.4137214192E+00   -0.9101091903E+00
     428.000    0.9994634306E+00   -0.7633608064E+00   -0.6455568990E+00
     428.500    0.9994628553E+00   -0.8287668988E+00    0.5591138371E+00
     429.000    0.9994626090E+00    0.3127528245E+00    0.9495516204E+00
     429.500    0.9994625445E+00    0.9988131774E+00   -0.4283434547E-01
     430.000    0.9994623251E+00    0.2303105179E+00   -0.9728408865E+00
     430.500    0.9994617529E+00   -0.8735909981E+00   -0.4861075200E+00
     431.000    0.9994609678E+00   -0.7052891522E+00    0.7085394693E+00
     431.500    0.9994603244E+00    0.4901186901E+00    0.8713460816E+00
     432.000    0.9994600592E+00    0.9717705631E+00   -0.2347808164E+00
     432.500    0.9994600651E+00    0.3824142767E-01   -0.9989983275E+00
     433.000    0.9994599842E+00   -0.9509783325E+00   -0.3083831957E+00
     433.500    0.9994595321E+00   -0.5552964411E+00    0.8313274894E+00
     434.000    0.9994587549E+00    0.6490583895E+00    0.7603827733E+00
     434.500    0.9994579850E+00    0.9081945321E+00   -0.4179003193E+00
     435.000    0.9994575402E+00   -0.1552648897E+00   -0.9875982757E+00
     435.500    0.9994574452E+00   -0.9926131450E+00   -0.1190654845E+00
     436.000    0.9994574240E+00   -0.3844274589E+00    0.9228612858E+00
     436.500    0.9994571584E+00    0.7835964978E+00    0.6208330589E+00
     437.000    0.9994565705E+00    0.8104753591E+00   -0.5853086901E+00
     437.500    0.9994558716E+00   -0.3429336895E+00   -0.9390699421E+00
     438.000    0.9994553467E+00   -0.9969308247E+00    0.7472802317E-01
     438.500    0.9994550905E+00   -0.1991062787E+00    0.9796998419E+00
     439.000    0.9994549398E+00    0.8886748255E+00    0.4579432216E+00
     439.500    0.9994546503E+00    0.6822863476E+00   -0.7307119748E+00
     440.000    0.9994541365E+00   -0.5177095795E+00   -0.8552373517E+00
     440.500    0.9994535417E+00   -0.9637690584E+00    0.2657117683E+00
     441.000    0.9994530798E+00   -0.6300138790E-02    0.9997066510E+00
     441.500    0.9994528148E+00    0.9603432685E+00    0.2778374011E+00
     442.000    0.9994526000E+00    0.5284470149E+00   -0.8486438313E+00
     442.500    0.9994522346E+00   -0.6730218333E+00   -0.7392522212E+00
     443.000    0.9994516711E+00   -0.8943744537E+00    0.4467057284E+00
     443.500    0.9994510643E+00    0.1867424666E+00    0.9821294800E+00
     444.000    0.9994506169E+00    0.9959074523E+00    0.8728667366E-01
     444.500    0.9994503814E+00    0.3547410215E+00   -0.9346706313E+00
     445.000    0.9994502098E+00   -0.8030315070E+00   -0.5954751116E+00
     445.500    0.9994498975E+00   -0.7913560376E+00    0.6109054913E+00
     446.000    0.9994493757E+00    0.3727641673E+00    0.9276293717E+00
     446.500    0.9994487647E+00    0.9940306266E+00   -0.1065451928E+00
     447.000    0.9994482500E+00    0.1676989458E+00   -0.9855583766E+00
     447.500    0.9994479127E+00   -0.9028508523E+00   -0.4293113686E+00
     448.000    0.9994476782E+00   -0.6585866504E+00    0.7521378213E+00
     448.500    0.9994474081E+00    0.5447714204E+00    0.8382550374E+00
     449.000    0.9994470279E+00    0.9547833082E+00   -0.2963711564E+00
     449.500    0.9994465690E+00   -0.2564737577E-01   -0.9993942071E+00
     450.000    0.9994461094E+00   -0.9687275660E+00   -0.2470081218E+00
     450.500    0.9994456909E+00   -0.5010580743E+00    0.8650933459E+00
     451.000    0.9994453003E+00    0.6962976229E+00    0.7173666571E+00
     451.500    0.9994449148E+00    0.8796408400E+00   -0.4750546364E+00
     452.000    0.9994445384E+00   -0.2180291240E+00   -0.9756576446E+00
     452.500    0.9994441844E+00   -0.9981848156E+00   -0.5541893360E-01
     453.000    0.9994438373E+00   -0.3246925675E+00    0.9455255543E+00
     453.500    0.9994434521E+00    0.8216463292E+00    0.5695092290E+00
     454.000    0.9994430014E+00    0.7714285400E+00   -0.6358781401E+00
     454.500    0.9994425177E+00   -0.4022136851E+00   -0.9152413175E+00
     455.000    0.9994420765E+00   -0.9901151897E+00    0.1382533458E+00
     455.500    0.9994417250E+00   -0.1361205612E+00    0.9904104795E+00
     456.000    0.9994414255E+00    0.9161049528E+00    0.4002413533E+00
     456.500    0.9994410838E+00    0.6342146118E+00   -0.7727955163E+00
     457.000    0.9994406442E+00   -0.5712767059E+00   -0.8204167048E+00
     457.500    0.9994401524E+00   -0.9448223205E+00    0.3267276161E+00
     458.000    0.9994397118E+00    0.5756849644E-01    0.9980609100E+00
     458.500    0.9994393736E+00    0.9761224356E+00    0.2159267568E+00
     459.000    0.9994390773E+00    0.4731576445E+00   -0.8806593670E+00
     459.500    0.9994387096E+00   -0.7188622584E+00   -0.6947487049E+00
     460.000    0.9994382262E+00   -0.8640089705E+00    0.5029182092E+00
     460.500    0.9994377104E+00    0.2490928793E+00    0.9681892624E+00
     461.000    0.9994372977E+00    0.9994424911E+00    0.2349477910E-01
     461.500    0.9994370330E+00    0.2943126467E+00   -0.9554146215E+00
     462.000    0.9994368082E+00   -0.8394219356E+00   -0.5429618977E+00
     462.500    0.9994364568E+00   -0.7507134412E+00    0.6602013223E+00
     463.000    0.9994359219E+00    0.4312522876E+00    0.9019187249E+00
     463.500    0.9994353270E+00    0.9851885418E+00   -0.1698200932E+00
     464.000    0.9994348649E+00    0.1044033343E+00   -0.9942508782E+00
     464.500    0.9994346092E+00   -0.9284232008E+00   -0.3707626862E+00
     465.000    0.9994344344E+00   -0.6091949807E+00    0.7926638063E+00
     465.500    0.9994341293E+00    0.5971984533E+00    0.8017406916E+00
     466.000    0.9994336004E+00    0.9338966005E+00   -0.3567502487E+00
     466.500    0.9994329674E+00   -0.8943061738E-01   -0.9957083570E+00
     467.000    0.9994324550E+00   -0.9825202523E+00   -0.1846250492E+00
     467.500    0.9994321765E+00   -0.4447740883E+00    0.8953257435E+00
     468.000    0.9994320228E+00    0.7406925448E+00    0.6714213109E+00
     468.500    0.9994317650E+00    0.8474948808E+00   -0.5302680379E+00
     469.000    0.9994312747E+00   -0.2799020902E+00   -0.9597323036E+00
     469.500    0.9994306459E+00   -0.9996795436E+00    0.8453160086E-02
     470.000    0.9994301026E+00   -0.2636323273E+00    0.9643277962E+00
     470.500    0.9994297829E+00    0.8563399623E+00    0.5158601088E+00
     471.000    0.9994296089E+00    0.7292316543E+00   -0.6838499859E+00
     471.500    0.9994293661E+00   -0.4598502808E+00   -0.8876751012E+00
     472.000    0.9994289110E+00   -0.9792559143E+00    0.2012132336E+00
     472.500    0.9994283045E+00   -0.7257970322E-01    0.9970759706E+00
     473.000    0.9994277469E+00    0.9397931440E+00    0.3409055490E+00
     473.500    0.9994273860E+00    0.5835532247E+00   -0.8117222554E+00
     474.000    0.9994271821E+00   -0.6225099829E+00   -0.7822458075E+00
     474.500    0.9994269523E+00   -0.9220171143E+00    0.3864083245E+00
     475.000    0.9994265458E+00    0.1212012139E+00    0.9923390608E+00
     475.500    0.9994259830E+00    0.9879147963E+00    0.1531350329E+00
     476.000    0.9994254277E+00    0.4159365127E+00   -0.9090776892E+00
     476.500    0.9994250249E+00   -0.7617660948E+00   -0.6474082496E+00
     477.000    0.9994247663E+00   -0.8301151255E+00    0.5570759775E+00
     477.500    0.9994245089E+00    0.3104251910E+00    0.9502950646E+00
     478.000    0.9994241195E+00    0.9988956827E+00   -0.4039225919E-01
     478.500    0.9994235992E+00    0.2326830234E+00   -0.9722562470E+00
     479.000    0.9994230752E+00   -0.8723834246E+00   -0.4882317439E+00
     479.500    0.9994226759E+00   -0.7070052232E+00    0.7068000355E+00
     480.000    0.9994224094E+00    0.4879783393E+00    0.8725248132E+00
     480.500    0.9994221583E+00    0.9723230450E+00   -0.2324006333E+00
     481.000    0.9994217920E+00    0.4068215640E-01   -0.9988827529E+00
     481.500    0.9994212868E+00   -0.9502033869E+00   -0.3107005155E+00
     482.000    0.9994207424E+00   -0.5573157850E+00    0.8299517204E+00
     482.500    0.9994202883E+00    0.6471855756E+00    0.7619521763E+00
     483.000    0.9994199715E+00    0.9091959009E+00   -0.4156714872E+00
     483.500    0.9994197225E+00   -0.1528477887E+00   -0.9879561104E+00
     484.000    0.9994194188E+00   -0.9923003000E+00   -0.1214888201E+00
     484.500    0.9994189876E+00   -0.3866743995E+00    0.9219012401E+00
     485.000    0.9994184612E+00    0.7820616684E+00    0.6227342997E+00
     485.500    0.9994179439E+00    0.8118877721E+00   -0.5833148287E+00
     486.000    0.9994175245E+00   -0.3406310007E+00   -0.9398872517E+00
     486.500    0.9994172103E+00   -0.9970914622E+00    0.7228987717E-01
     487.000    0.9994169312E+00   -0.2014962683E+00    0.9791915977E+00
     487.500    0.9994166009E+00    0.8875359139E+00    0.4601049908E+00
     488.000    0.9994161798E+00    0.6840570368E+00   -0.7290282232E+00
     488.500    0.9994156954E+00   -0.5156078814E+00   -0.8564836298E+00
     489.000    0.9994152142E+00   -0.9643970980E+00    0.2633504351E+00
     489.500    0.9994147904E+00   -0.8743274439E-02    0.9996691181E+00
     490.000    0.9994144318E+00    0.9596429271E+00    0.2801783078E+00
     490.500    0.9994141033E+00    0.5305093384E+00   -0.8473334321E+00
     491.000    0.9994137572E+00   -0.6712001416E+00   -0.7408806429E+00
     491.500    0.9994133656E+00   -0.8954463876E+00    0.4445099915E+00
     492.000    0.9994129393E+00    0.1843380340E+00    0.9825642109E+00
     492.500    0.9994125178E+00    0.9956721682E+00    0.8971873455E-01
     493.000    0.9994121327E+00    0.3570174970E+00   -0.9337829724E+00
     493.500    0.9994117752E+00   -0.8015583346E+00   -0.5974244817E+00
     494.000    0.9994114036E+00   -0.7928314789E+00    0.6089578389E+00
     494.500    0.9994109864E+00    0.3704887830E+00    0.9285198157E+00
     495.000    0.9994105391E+00    0.9942690431E+00   -0.1041134432E+00
     495.500    0.9994101163E+00    0.1701039321E+00   -0.9851267779E+00
     496.000    0.9994097613E+00   -0.9017816948E+00   -0.4315084427E+00
     496.500    0.9994094575E+00   -0.6604103013E+00    0.7505116198E+00
     497.000    0.9994091294E+00    0.5427106810E+00    0.8395678925E+00
     497.500    0.9994087021E+00    0.9554864755E+00   -0.2940311160E+00
     498.000    0.9994081760E+00   -0.2320430673E-01   -0.9994347083E+00
     498.500    0.9994076438E+00   -0.9681023484E+00   -0.2493701806E+00
     499.000    0.9994072233E+00   -0.5031612047E+00    0.8638495386E+00
     499.500    0.9994069546E+00    0.6945289565E+00    0.7190524899E+00
     500.000    0.9994067515E+00    0.8807824430E+00   -0.4728943219E+00
     500.500    0.9994064568E+00   -0.2156398283E+00   -0.9761690024E+00
