       0.000    0.1000000000E+01    0.1000000000E+01    0.1626230746E-18
       0.500    0.1000000000E+01    0.7974504119E+00   -0.6033844881E+00
       1.000    0.9999999994E+00   -0.3638697345E+00   -0.9314498460E+00
       1.500    0.9999995891E+00   -0.9952893245E+00    0.9694714895E-01
       2.000    0.9999934795E+00   -0.1772767601E+00    0.9841577261E+00
       2.500    0.9999695376E+00    0.8988897825E+00    0.4381400421E+00
       3.000    0.9999312517E+00    0.6659882037E+00   -0.7459161911E+00
       3.500    0.9999143859E+00   -0.5367723180E+00   -0.8436763980E+00
       4.000    0.9999379591E+00   -0.9578401444E+00    0.2871936923E+00
       4.500    0.9999291562E+00    0.1595182014E-01    0.9998373346E+00
       5.000    0.9997557787E+00    0.9664253163E+00    0.2564720001E+00
       5.500    0.9993903152E+00    0.5094482591E+00   -0.8601469563E+00
       6.000    0.9990137091E+00   -0.6891605069E+00   -0.7239278312E+00
       6.500    0.9988720259E+00   -0.8839284314E+00    0.4664145732E+00
       7.000    0.9989977370E+00    0.2085427697E+00    0.9775007162E+00
       7.500    0.9991287578E+00    0.9974371038E+00    0.6517654371E-01
       8.000    0.9989670062E+00    0.3340203503E+00   -0.9420177343E+00
       8.500    0.9985075928E+00   -0.8154651214E+00   -0.5775155656E+00
       9.000    0.9980581151E+00   -0.7773138095E+00    0.6275678104E+00
       9.500    0.9979230235E+00    0.3925920030E+00    0.9185828992E+00
      10.000    0.9981102005E+00    0.9908082528E+00   -0.1280984261E+00
      10.500    0.9983597037E+00    0.1461311892E+00   -0.9884358246E+00
      11.000    0.9984172913E+00   -0.9114893561E+00   -0.4093952185E+00
      11.500    0.9982476889E+00   -0.6417439962E+00    0.7657756409E+00
      12.000    0.9980109177E+00    0.5623942489E+00    0.8256655658E+00
      12.500    0.9978933184E+00    0.9474042077E+00   -0.3167310935E+00
      13.000    0.9979752377E+00   -0.4724646351E-01   -0.9978692346E+00
      13.500    0.9981968726E+00   -0.9732393351E+00   -0.2258363769E+00
      14.000    0.9983944815E+00   -0.4819614014E+00    0.8752757788E+00
      14.500    0.9984226763E+00    0.7112956268E+00    0.7017700532E+00
      15.000    0.9982748822E+00    0.8686463599E+00   -0.4936885492E+00
      15.500    0.9980846395E+00   -0.2389255780E+00   -0.9700511366E+00
      16.000    0.9980070714E+00   -0.9984315842E+00   -0.3378524912E-01
      16.500    0.9980930795E+00   -0.3039557647E+00    0.9516848074E+00
      17.000    0.9982573401E+00    0.8332782431E+00    0.5512755297E+00
      17.500    0.9983587827E+00    0.7570840684E+00   -0.6520601936E+00
      18.000    0.9983255268E+00   -0.4216769626E+00   -0.9058223148E+00
      18.500    0.9982119364E+00   -0.9862864416E+00    0.1595336687E+00
      19.000    0.9981360119E+00   -0.1145972816E+00    0.9924734127E+00
      19.500    0.9981662933E+00    0.9239551906E+00    0.3800961707E+00
      20.000    0.9982654390E+00    0.6169941722E+00   -0.7858648933E+00
      20.500    0.9983334068E+00   -0.5885540666E+00   -0.8074264781E+00
      21.000    0.9983061343E+00   -0.9370062761E+00    0.3468794788E+00
      21.500    0.9982156755E+00    0.7908138023E-01    0.9959727962E+00
      22.000    0.9981538475E+00    0.9799310045E+00    0.1946511599E+00
      22.500    0.9981812384E+00    0.4537257331E+00   -0.8901203276E+00
      23.000    0.9982711983E+00   -0.7332817793E+00   -0.6786523634E+00
      23.500    0.9983369140E+00   -0.8524680305E+00    0.5211863111E+00
      24.000    0.9983151064E+00    0.2698057667E+00    0.9620394766E+00
      24.500    0.9982267255E+00    0.9991111785E+00    0.1891700729E-02
      25.000    0.9981546967E+00    0.2734244172E+00   -0.9609338087E+00
      25.500    0.9981650427E+00   -0.8504157226E+00   -0.5243645119E+00
      26.000    0.9982485766E+00   -0.7358372239E+00    0.6758640074E+00
      26.500    0.9983311760E+00    0.4503861583E+00    0.8918988084E+00
      27.000    0.9983407559E+00    0.9807530069E+00   -0.1909562658E+00
      27.500    0.9982718492E+00    0.8285633707E-01   -0.9956940678E+00
      28.000    0.9981874713E+00   -0.9356297923E+00   -0.3504059974E+00
      28.500    0.9981594901E+00   -0.5915566303E+00    0.8051212599E+00
      29.000    0.9982077046E+00    0.6139958247E+00    0.7881730976E+00
      29.500    0.9982875452E+00    0.9254442074E+00   -0.3766172649E+00
      30.000    0.9983313317E+00   -0.1108483634E+00   -0.9929974683E+00
      30.500    0.9983080514E+00   -0.9857225321E+00   -0.1632762721E+00
      31.000    0.9982476600E+00   -0.4250879919E+00    0.9041835318E+00
      31.500    0.9982079615E+00    0.7545530669E+00    0.6548722247E+00
      32.000    0.9982215508E+00    0.8353432819E+00   -0.5481087048E+00
      32.500    0.9982706370E+00   -0.3003809492E+00   -0.9529123372E+00
      33.000    0.9983070795E+00   -0.9987022646E+00    0.3001443256E-01
      33.500    0.9982991216E+00   -0.2426174203E+00    0.9692450201E+00
      34.000    0.9982597795E+00    0.8667676032E+00    0.4969644872E+00
      34.500    0.9982303033E+00    0.7138725147E+00   -0.6990109699E+00
      35.000    0.9982399897E+00   -0.4786174232E+00   -0.8770207250E+00
      35.500    0.9982795088E+00   -0.9741244441E+00    0.2221735272E+00
      36.000    0.9983098440E+00   -0.5101562420E-01    0.9978513166E+00
      36.500    0.9983000888E+00    0.9463968714E+00    0.3203639348E+00
      37.000    0.9982575327E+00    0.5655694119E+00   -0.8236435959E+00
      37.500    0.9982204628E+00   -0.6388588019E+00   -0.7681665796E+00
      38.000    0.9982231791E+00   -0.9129143702E+00    0.4059686339E+00
      38.500    0.9982648205E+00    0.1425013837E+00    0.9889176791E+00
      39.000    0.9983088599E+00    0.9904347956E+00    0.1317109544E+00
      39.500    0.9983163190E+00    0.3960068834E+00   -0.9173302935E+00
      40.000    0.9982819019E+00   -0.7751120448E+00   -0.6304627030E+00
      40.500    0.9982373159E+00   -0.8174182380E+00    0.5745126109E+00
      41.000    0.9982216017E+00    0.3306535925E+00    0.9428095266E+00
      41.500    0.9982470609E+00    0.9972042013E+00   -0.6189379429E-01
      42.000    0.9982894300E+00    0.2115367642E+00   -0.9764945608E+00
      42.500    0.9983114895E+00   -0.8822204541E+00   -0.4690400408E+00
      43.000    0.9982978615E+00   -0.6912064989E+00    0.7214786466E+00
      43.500    0.9982664220E+00    0.5063905741E+00    0.8612984433E+00
      44.000    0.9982483811E+00    0.9665164752E+00   -0.2531684899E+00
      44.500    0.9982589739E+00    0.1911869794E-01   -0.9989461693E+00
      45.000    0.9982852044E+00   -0.9561391376E+00   -0.2899709536E+00
      45.500    0.9983009369E+00   -0.5389855230E+00    0.8413058557E+00
      46.000    0.9982934013E+00    0.6630924256E+00    0.7473967062E+00
      46.500    0.9982738213E+00    0.8995045587E+00   -0.4349314546E+00
      47.000    0.9982637814E+00   -0.1740155628E+00   -0.9838609482E+00
      47.500    0.9982733651E+00   -0.9941187769E+00   -0.1000061129E+00
      48.000    0.9982920550E+00   -0.3664992304E+00    0.9295000640E+00
      48.500    0.9983003314E+00    0.7948621854E+00    0.6053878406E+00
      49.000    0.9982898667E+00    0.7986708110E+00   -0.6003455690E+00
      49.500    0.9982713106E+00   -0.3606096630E+00   -0.9317896659E+00
      50.000    0.9982628074E+00   -0.9947260999E+00    0.9371655971E-01
      50.500    0.9982724239E+00   -0.1802349653E+00    0.9827450235E+00
      51.000    0.9982912324E+00    0.8967438356E+00    0.4406151673E+00
      51.500    0.9983024725E+00    0.6678087200E+00   -0.7431917559E+00
      52.000    0.9982975261E+00   -0.5336535567E+00   -0.8446960445E+00
      52.500    0.9982828038E+00   -0.9579525669E+00    0.2839184451E+00
      53.000    0.9982719077E+00    0.1280146210E-01    0.9990535673E+00
      53.500    0.9982729981E+00    0.9649081449E+00    0.2592783637E+00
      54.000    0.9982832232E+00    0.5118310397E+00   -0.8580863651E+00
      54.500    0.9982933093E+00   -0.6866291675E+00   -0.7258331045E+00
      55.000    0.9982967293E+00   -0.8851618606E+00    0.4634492528E+00
      55.500    0.9982943731E+00    0.2053593313E+00    0.9778148691E+00
      56.000    0.9982911682E+00    0.9968150044E+00    0.6819835154E-01
      56.500    0.9982901530E+00    0.3366186097E+00   -0.9407327275E+00
      57.000    0.9982905717E+00   -0.8137919744E+00   -0.5796837017E+00
      57.500    0.9982905998E+00   -0.7790849208E+00    0.6255535836E+00
      58.000    0.9982905331E+00    0.3901964768E+00    0.9198028281E+00
      58.500    0.9982923827E+00    0.9912391422E+00   -0.1254485782E+00
      59.000    0.9982965360E+00    0.1487493045E+00   -0.9880132491E+00
      59.500    0.9983001646E+00   -0.9103664534E+00   -0.4117439558E+00
      60.000    0.9982997660E+00   -0.6437242222E+00    0.7641458576E+00
      60.500    0.9982951609E+00    0.5603662245E+00    0.8272151203E+00
      61.000    0.9982905606E+00    0.9483967269E+00   -0.3143790847E+00
      61.500    0.9982908461E+00   -0.4471315781E-01   -0.9981440675E+00
      62.000    0.9982963373E+00   -0.9727104592E+00   -0.2283214835E+00
      62.500    0.9983019870E+00   -0.4841597491E+00    0.8740087667E+00
      63.000    0.9983024074E+00    0.7094712231E+00    0.7035289553E+00
      63.500    0.9982975512E+00    0.8699037358E+00   -0.4914926670E+00
      64.000    0.9982931213E+00   -0.2364945701E+00   -0.9707540572E+00
      64.500    0.9982948297E+00   -0.9984868436E+00   -0.3631601355E-01
      65.000    0.9983019407E+00   -0.3063925456E+00    0.9510129067E+00
      65.500    0.9983073129E+00    0.8319041917E+00    0.5533920209E+00
      66.000    0.9983047903E+00    0.7587063752E+00   -0.6501303150E+00
      66.500    0.9982963582E+00   -0.4193858604E+00   -0.9068692620E+00
      67.000    0.9982910388E+00   -0.9867243636E+00    0.1570543506E+00
      67.500    0.9982958567E+00   -0.1171061546E+00    0.9922610570E+00
      68.000    0.9983078797E+00    0.9230606257E+00    0.3824486383E+00
      68.500    0.9983162068E+00    0.6189858193E+00   -0.7843294986E+00
      69.000    0.9983126714E+00   -0.5865151920E+00   -0.8088959148E+00
      69.500    0.9983003848E+00   -0.9378725728E+00    0.3445220195E+00
      70.000    0.9982912154E+00    0.7658174206E-01    0.9962060290E+00
      70.500    0.9982944958E+00    0.9795080298E+00    0.1971256332E+00
      71.000    0.9983077729E+00    0.4559881416E+00   -0.8890346380E+00
      71.500    0.9983187650E+00   -0.7315937462E+00   -0.6805066902E+00
      72.000    0.9983171873E+00   -0.8537640751E+00    0.5190415122E+00
      72.500    0.9983048942E+00    0.2673924202E+00    0.9627077375E+00
      73.000    0.9982940242E+00    0.9991369853E+00    0.4394175506E-02
      73.500    0.9982951358E+00    0.2758484677E+00   -0.9603138855E+00
      74.000    0.9983071253E+00   -0.8491614335E+00   -0.5265282378E+00
      74.500    0.9983185351E+00   -0.7375508737E+00    0.6740454316E+00
      75.000    0.9983188036E+00    0.4481533052E+00    0.8930159117E+00
      75.500    0.9983083621E+00    0.9812108223E+00   -0.1885038044E+00
      76.000    0.9982977772E+00    0.8534150382E-01   -0.9954971647E+00
      76.500    0.9982973103E+00   -0.9348045001E+00   -0.3527575044E+00
      77.000    0.9983073419E+00   -0.5936057592E+00    0.8037036422E+00
      77.500    0.9983184051E+00    0.6120638641E+00    0.7897444089E+00
      78.000    0.9983202738E+00    0.9263945368E+00   -0.3743172933E+00
      78.500    0.9983114954E+00   -0.1083749330E+00   -0.9932604740E+00
      79.000    0.9983005613E+00   -0.9853095069E+00   -0.1657279001E+00
      79.500    0.9982977696E+00   -0.4273463214E+00    0.9031461073E+00
      80.000    0.9983056043E+00    0.7529592230E+00    0.6567785112E+00
      80.500    0.9983166620E+00    0.8367430864E+00   -0.5460564709E+00
      81.000    0.9983208635E+00   -0.2980193803E+00   -0.9536798795E+00
      81.500    0.9983149687E+00   -0.9987776960E+00    0.2753329938E-01
      82.000    0.9983052751E+00   -0.2450245128E+00    0.9686424847E+00
      82.500    0.9983011560E+00    0.8655491392E+00    0.4991250782E+00
      83.000    0.9983061471E+00    0.7156322888E+00   -0.6972636333E+00
      83.500    0.9983151366E+00   -0.4764579285E+00   -0.8782385661E+00
      84.000    0.9983197172E+00   -0.9746921275E+00    0.2197611743E+00
      84.500    0.9983161629E+00   -0.5348970154E-01    0.9977249194E+00
      85.000    0.9983085158E+00    0.9456039657E+00    0.3227098633E+00
      85.500    0.9983042855E+00    0.5676214280E+00   -0.8222592049E+00
      86.000    0.9983073978E+00   -0.6369822696E+00   -0.7697798296E+00
      86.500    0.9983150191E+00   -0.9139586023E+00    0.4037260115E+00
      87.000    0.9983204735E+00    0.1400576963E+00    0.9892948575E+00
      87.500    0.9983191836E+00    0.9901110751E+00    0.1341612559E+00
      88.000    0.9983125625E+00    0.3982732870E+00   -0.9163465236E+00
      88.500    0.9983066124E+00   -0.7735608204E+00   -0.6323845899E+00
      89.000    0.9983065746E+00   -0.8188638254E+00    0.5725107948E+00
      89.500    0.9983124781E+00    0.3283383927E+00    0.9436664548E+00
      90.000    0.9983193044E+00    0.9973901089E+00   -0.5943294608E-01
      90.500    0.9983213497E+00    0.2139505538E+00   -0.9759848924E+00
      91.000    0.9983170327E+00   -0.8810624189E+00   -0.4712176214E+00
      91.500    0.9983100978E+00   -0.6929890700E+00    0.7197751362E+00
      92.000    0.9983062763E+00    0.5042742155E+00    0.8625623409E+00
      92.500    0.9983084392E+00    0.9671670588E+00   -0.2507913868E+00
      93.000    0.9983144574E+00    0.2158251558E-01   -0.9989237470E+00
      93.500    0.9983193714E+00   -0.9554377075E+00   -0.2923322742E+00
      94.000    0.9983196344E+00   -0.5410626328E+00    0.8399826557E+00
      94.500    0.9983157383E+00    0.6612560073E+00    0.7490368689E+00
      95.000    0.9983113478E+00    0.9005903004E+00   -0.4327221494E+00
      95.500    0.9983100243E+00   -0.1715956110E+00   -0.9843093876E+00
      96.000    0.9983124256E+00   -0.9938889317E+00   -0.1024559270E+00
      96.500    0.9983162015E+00   -0.3687910944E+00    0.9286061222E+00
      97.000    0.9983182639E+00    0.7933766262E+00    0.6073481645E+00
      97.500    0.9983172971E+00    0.8001570165E+00   -0.5983862014E+00
      98.000    0.9983146630E+00   -0.3583233336E+00   -0.9326945114E+00
      98.500    0.9983132026E+00   -0.9949787853E+00    0.9127113089E-01
      99.000    0.9983147548E+00   -0.1826557954E+00    0.9823195077E+00
      99.500    0.9983183134E+00    0.8956695794E+00    0.4428253809E+00
     100.000    0.9983206655E+00    0.6696404052E+00   -0.7415540394E+00
     100.500    0.9983193156E+00   -0.5315808458E+00   -0.8460148462E+00
     101.000    0.9983150850E+00   -0.9586631299E+00    0.2815672004E+00
     101.500    0.9983117571E+00    0.1034614420E-01    0.9991019539E+00
     102.000    0.9983128112E+00    0.9642873317E+00    0.2616538802E+00
     102.500    0.9983180142E+00    0.5139466652E+00   -0.8568411985E+00
     103.000    0.9983230995E+00   -0.6848542454E+00   -0.7275285301E+00
     103.500    0.9983233423E+00   -0.8863093972E+00    0.4612797359E+00
     104.000    0.9983179686E+00    0.2029595464E+00    0.9783278546E+00
     104.500    0.9983111377E+00    0.9966544948E+00    0.7064669541E-01
     105.000    0.9983085539E+00    0.3389304643E+00   -0.9399120673E+00
     105.500    0.9983126565E+00   -0.8123754025E+00   -0.5816862229E+00
     106.000    0.9983203812E+00   -0.7806298609E+00    0.6236484598E+00
     106.500    0.9983255563E+00    0.3879441404E+00    0.9207740767E+00
     107.000    0.9983240689E+00    0.9915598364E+00   -0.1230169084E+00
     107.500    0.9983172950E+00    0.1511755313E+00   -0.9876554327E+00
     108.000    0.9983109241E+00   -0.9093581026E+00   -0.4139791846E+00
     108.500    0.9983102311E+00   -0.6456008564E+00    0.7625678759E+00
     109.000    0.9983156277E+00    0.5583403806E+00    0.8285961906E+00
     109.500    0.9983223515E+00    0.9491804339E+00   -0.3120558531E+00
     110.000    0.9983247676E+00   -0.4226444640E-01   -0.9982677417E+00
     110.500    0.9983213801E+00   -0.9721594966E+00   -0.2307104102E+00
     111.000    0.9983159712E+00   -0.4863059924E+00    0.8728244113E+00
     111.500    0.9983139408E+00    0.7077473204E+00    0.7052713458E+00
     112.000    0.9983171952E+00    0.8711153295E+00   -0.4893621133E+00
     112.500    0.9983223650E+00   -0.2341160164E+00   -0.9713454874E+00
     113.000    0.9983241833E+00   -0.9984094346E+00   -0.3876576064E-01
     113.500    0.9983207171E+00   -0.3087272371E+00    0.9502674414E+00
     114.000    0.9983153344E+00    0.8305477650E+00    0.5554329342E+00
     114.500    0.9983135575E+00    0.7603017996E+00   -0.6482705693E+00
     115.000    0.9983176380E+00   -0.4171651394E+00   -0.9079046670E+00
     115.500    0.9983240248E+00   -0.9871228572E+00    0.1546366374E+00
     116.000    0.9983264768E+00   -0.1195410896E+00    0.9919860910E+00
     116.500    0.9983219715E+00    0.9221264444E+00    0.3847139095E+00
     117.000    0.9983138226E+00    0.6209065565E+00   -0.7828083231E+00
     117.500    0.9983090520E+00   -0.5845289405E+00   -0.8103301609E+00
     118.000    0.9983121467E+00   -0.9387200480E+00    0.3422233456E+00
     118.500    0.9983208076E+00    0.7413977251E-01    0.9964055910E+00
     119.000    0.9983277474E+00    0.9790379710E+00    0.1995304457E+00
     119.500    0.9983269862E+00    0.4581714658E+00   -0.8879222343E+00
     120.000    0.9983190844E+00   -0.7299228169E+00   -0.6822988831E+00
     120.500    0.9983107272E+00   -0.8550315646E+00    0.5169446302E+00
     121.000    0.9983089007E+00    0.2650313326E+00    0.9633624933E+00
     121.500    0.9983148077E+00    0.9991336047E+00    0.6844535634E-02
     122.000    0.9983230297E+00    0.2782067959E+00   -0.9596478565E+00
     122.500    0.9983265731E+00   -0.8478757260E+00   -0.5286145348E+00
     123.000    0.9983230859E+00   -0.7392035229E+00    0.6722359985E+00
     123.500    0.9983165948E+00    0.4459613524E+00    0.8941113280E+00
     124.000    0.9983133486E+00    0.9816726128E+00   -0.1860973666E+00
     124.500    0.9983159335E+00    0.8778346326E-01   -0.9952939250E+00
     125.000    0.9983212518E+00   -0.9339477295E+00   -0.3550533627E+00
     125.500    0.9983239319E+00   -0.5955800780E+00    0.8022520194E+00
     126.000    0.9983215893E+00    0.6101261493E+00    0.7912443815E+00
     126.500    0.9983168870E+00    0.9273081316E+00   -0.3720437019E+00
     127.000    0.9983146361E+00   -0.1059390519E+00   -0.9935248127E+00
     127.500    0.9983170439E+00   -0.9849082604E+00   -0.1681450638E+00
     128.000    0.9983216864E+00   -0.4295650918E+00    0.9021061569E+00
     128.500    0.9983238624E+00    0.7513530457E+00    0.6586292304E+00
     129.000    0.9983210205E+00    0.8380816408E+00   -0.5440038454E+00
     129.500    0.9983152034E+00   -0.2956787308E+00   -0.9544052031E+00
     130.000    0.9983113087E+00   -0.9988403866E+00    0.2508367466E-01
     130.500    0.9983128083E+00   -0.2474003772E+00    0.9680422830E+00
     131.000    0.9983186875E+00    0.8643299112E+00    0.5012509272E+00
     131.500    0.9983241583E+00    0.7173468791E+00   -0.6955124826E+00
     132.000    0.9983246002E+00   -0.4743045446E+00   -0.8794087782E+00
     132.500    0.9983194633E+00   -0.9752281053E+00    0.2173697448E+00
     133.000    0.9983127899E+00   -0.5593662659E-01    0.9975890355E+00
     133.500    0.9983098996E+00    0.9448102469E+00    0.3250284557E+00
     134.000    0.9983130119E+00    0.5696390515E+00   -0.8208680545E+00
     134.500    0.9983194520E+00   -0.6350960355E+00   -0.7713445907E+00
     135.000    0.9983240162E+00   -0.9149502506E+00    0.4014848132E+00
     135.500    0.9983234316E+00    0.1376309648E+00    0.9896368774E+00
     136.000    0.9983188908E+00    0.9897788966E+00    0.1365892630E+00
     136.500    0.9983145968E+00    0.4005199635E+00   -0.9153678800E+00
     137.000    0.9983139734E+00   -0.7720103264E+00   -0.6342822947E+00
     137.500    0.9983169754E+00   -0.8202698112E+00    0.5705036479E+00
     138.000    0.9983206185E+00    0.3260242412E+00    0.9444727697E+00
     138.500    0.9983218655E+00    0.9975341553E+00   -0.5698661672E-01
     139.000    0.9983200818E+00    0.2163434532E+00   -0.9754566069E+00
     139.500    0.9983171527E+00   -0.8799041317E+00   -0.4733770926E+00
     140.000    0.9983156314E+00   -0.6947542142E+00    0.7180753534E+00
     140.500    0.9983166064E+00    0.5021597871E+00    0.8638009925E+00
     141.000    0.9983189205E+00    0.9677843151E+00   -0.2484198862E+00
     141.500    0.9983202648E+00    0.2403241998E-01   -0.9988707162E+00
     142.000    0.9983191638E+00   -0.9547177938E+00   -0.2946745627E+00
     142.500    0.9983162830E+00   -0.5431201029E+00    0.8386517972E+00
     143.000    0.9983140767E+00    0.6594165234E+00    0.7506556637E+00
     143.500    0.9983147926E+00    0.9016503444E+00   -0.4305130067E+00
     144.000    0.9983182863E+00   -0.1691819493E+00   -0.9847313107E+00
     144.500    0.9983217859E+00   -0.9936393512E+00   -0.1048934012E+00
     145.000    0.9983220937E+00   -0.3710682361E+00    0.9277017074E+00
     145.500    0.9983184052E+00    0.7918849714E+00    0.6092918818E+00
     146.000    0.9983133779E+00    0.8016203485E+00   -0.5964211555E+00
     146.500    0.9983112708E+00   -0.3560346625E+00   -0.9335687387E+00
     147.000    0.9983143256E+00   -0.9952001435E+00    0.8883130092E-01
     147.500    0.9983205383E+00   -0.1850642659E+00    0.9818715577E+00
     148.000    0.9983250014E+00    0.8945841732E+00    0.4450215259E+00
     148.500    0.9983238776E+00    0.6714575676E+00   -0.7399112193E+00
     149.000    0.9983178685E+00   -0.5295047120E+00   -0.8473149523E+00
     149.500    0.9983120599E+00   -0.9593490782E+00    0.2792156980E+00
     150.000    0.9983116819E+00    0.7896859252E-02    0.9991242773E+00
     150.500    0.9983173214E+00    0.9636452004E+00    0.2640175169E+00
     151.000    0.9983241049E+00    0.5160471025E+00   -0.8555813772E+00
     151.500    0.9983258415E+00   -0.6830697197E+00   -0.7292061433E+00
     152.000    0.9983207147E+00   -0.8874362937E+00    0.4591051505E+00
     152.500    0.9983133356E+00    0.2005604001E+00    0.9788201375E+00
     153.000    0.9983106673E+00    0.9964781064E+00    0.7308933337E-01
     153.500    0.9983153528E+00    0.3412343026E+00   -0.9390817342E+00
     154.000    0.9983230250E+00   -0.8109515045E+00   -0.5836785779E+00
     154.500    0.9983262981E+00   -0.7821583347E+00    0.6217351828E+00
     155.000    0.9983217970E+00    0.3856855781E+00    0.9217203653E+00
     155.500    0.9983136516E+00    0.9918531622E+00   -0.1205858868E+00
     156.000    0.9983097458E+00    0.1535947621E+00   -0.9872782763E+00
     156.500    0.9983140743E+00   -0.9083424116E+00   -0.4162068448E+00
     157.000    0.9983227922E+00   -0.6474714850E+00    0.7609884811E+00
     157.500    0.9983277599E+00    0.5563118386E+00    0.8299668054E+00
     158.000    0.9983241151E+00    0.9499430113E+00   -0.3097295438E+00
     158.500    0.9983149194E+00   -0.3981833273E-01   -0.9983633706E+00
     159.000    0.9983085088E+00   -0.9715851102E+00   -0.2330898590E+00
     159.500    0.9983108015E+00   -0.4884414148E+00    0.8716282383E+00
     160.000    0.9983197769E+00    0.7060196134E+00    0.7070050088E+00
     160.500    0.9983273441E+00    0.8723159078E+00   -0.4872292080E+00
     161.000    0.9983267857E+00   -0.2317363699E+00   -0.9719182273E+00
     161.500    0.9983188882E+00   -0.9983088309E+00   -0.4121124086E-01
     162.000    0.9983111153E+00   -0.3110524725E+00    0.9495038044E+00
     162.500    0.9983106002E+00    0.8291828626E+00    0.5574642415E+00
     163.000    0.9983175585E+00    0.7618888430E+00   -0.6464077269E+00
     163.500    0.9983252502E+00   -0.4149417374E+00   -0.9089271724E+00
     164.000    0.9983264162E+00   -0.9874998353E+00    0.1522185651E+00
     164.500    0.9983201189E+00   -0.1219700051E+00    0.9916871668E+00
     165.000    0.9983125244E+00    0.9211770951E+00    0.3869693577E+00
     165.500    0.9983109491E+00    0.6228208892E+00   -0.7812842563E+00
     166.000    0.9983169671E+00   -0.5825450952E+00   -0.8117623909E+00
     166.500    0.9983250423E+00   -0.9395613548E+00    0.3399257313E+00
     167.000    0.9983277362E+00    0.7169976098E-01    0.9965876181E+00
     167.500    0.9983225576E+00    0.9785438860E+00    0.2019267708E+00
     168.000    0.9983141682E+00    0.4603413358E+00   -0.8867919839E+00
     168.500    0.9983100510E+00   -0.7282467534E+00   -0.6840809288E+00
     169.000    0.9983138224E+00   -0.8562959837E+00    0.5148504741E+00
     169.500    0.9983221840E+00    0.2626736733E+00    0.9640148989E+00
     170.000    0.9983278891E+00    0.9991203982E+00    0.9290800411E-02
     170.500    0.9983260033E+00    0.2805559376E+00   -0.9589652596E+00
     171.000    0.9983180835E+00   -0.8465753856E+00   -0.5306865365E+00
     171.500    0.9983106851E+00   -0.7408424529E+00    0.6704201259E+00
     172.000    0.9983096923E+00    0.4437696257E+00    0.8951973032E+00
     172.500    0.9983155271E+00    0.9821263242E+00   -0.1836937950E+00
     173.000    0.9983230982E+00    0.9022015671E-01   -0.9950796056E+00
     173.500    0.9983262617E+00   -0.9330780208E+00   -0.3573397106E+00
     174.000    0.9983229047E+00   -0.5975420871E+00    0.8007910831E+00
     174.500    0.9983163234E+00    0.6081856057E+00    0.7927336201E+00
     175.000    0.9983120892E+00    0.9282139352E+00   -0.3697715237E+00
     175.500    0.9983134247E+00   -0.1035063798E+00   -0.9937805865E+00
     176.000    0.9983187605E+00   -0.9844945000E+00   -0.1705559730E+00
     176.500    0.9983232806E+00   -0.4317727737E+00    0.9010524693E+00
     177.000    0.9983232036E+00    0.7497380020E+00    0.6604666017E+00
     177.500    0.9983190303E+00    0.8394101766E+00   -0.5419498000E+00
     178.000    0.9983149672E+00   -0.2933412038E+00   -0.9551261201E+00
     178.500    0.9983152224E+00   -0.9989007610E+00    0.2263828896E-01
     179.000    0.9983201533E+00   -0.2497705269E+00    0.9674372523E+00
     179.500    0.9983255283E+00    0.8631030816E+00    0.5033672604E+00
     180.000    0.9983261175E+00    0.7190482625E+00   -0.6937547937E+00
     180.500    0.9983206913E+00   -0.4721491558E+00   -0.8805656511E+00
     181.000    0.9983136525E+00   -0.9757545112E+00    0.2149808977E+00
     181.500    0.9983115476E+00   -0.5837868838E-01    0.9974484831E+00
     182.000    0.9983171872E+00    0.9440151285E+00    0.3273417549E+00
     182.500    0.9983264088E+00    0.5716509055E+00   -0.8194764494E+00
     183.000    0.9983310021E+00   -0.6332092305E+00   -0.7729017224E+00
     183.500    0.9983259470E+00   -0.9159314152E+00    0.3992437723E+00
     184.000    0.9983144635E+00    0.1352068536E+00    0.9899664491E+00
     184.500    0.9983059066E+00    0.9894350621E+00    0.1390113822E+00
     185.000    0.9983079350E+00    0.4027587046E+00   -0.9143814088E+00
     185.500    0.9983195581E+00   -0.7704570393E+00   -0.6361725463E+00
     186.000    0.9983313608E+00   -0.8216703266E+00    0.5684973484E+00
     186.500    0.9983332910E+00    0.3237123470E+00    0.9452743556E+00
     187.000    0.9983235184E+00    0.9976715519E+00   -0.5454349528E-01
     187.500    0.9983103873E+00    0.2187307009E+00   -0.9749191083E+00
     188.000    0.9983052995E+00   -0.8787369250E+00   -0.4755278290E+00
     188.500    0.9983126160E+00   -0.6965097968E+00    0.7163705180E+00
     189.000    0.9983257131E+00    0.5000447797E+00    0.8650323297E+00
     189.500    0.9983329536E+00    0.9683967384E+00   -0.2460502197E+00
     190.000    0.9983283562E+00    0.2647936717E-01   -0.9988128951E+00
     190.500    0.9983171670E+00   -0.9539921056E+00   -0.2970121704E+00
     191.000    0.9983108156E+00   -0.5451714554E+00    0.8373164872E+00
     191.500    0.9983158191E+00    0.6575761571E+00    0.7522695106E+00
     192.000    0.9983273750E+00    0.9027080673E+00   -0.4283054053E+00
     192.500    0.9983339467E+00   -0.1667700174E+00   -0.9851506017E+00
     193.000    0.9983285584E+00   -0.9933827216E+00   -0.1073281267E+00
     193.500    0.9983160229E+00   -0.3733391257E+00    0.9267868795E+00
     194.000    0.9983088068E+00    0.7903858546E+00    0.6112274598E+00
     194.500    0.9983149920E+00    0.8030800294E+00   -0.5944555983E+00
     195.000    0.9983298558E+00   -0.3537491607E+00   -0.9344471024E+00
     195.500    0.9983395257E+00   -0.9954274211E+00    0.8639314292E-01
     196.000    0.9983337903E+00   -0.1874714512E+00    0.9814215431E+00
     196.500    0.9983162896E+00    0.8934868332E+00    0.4472108770E+00
     197.000    0.9983021308E+00    0.6732617711E+00   -0.7382551852E+00
     197.500    0.9983044637E+00   -0.5274227196E+00   -0.8486045832E+00
     198.000    0.9983222267E+00   -0.9600355251E+00    0.2768646190E+00
     198.500    0.9983404657E+00    0.5447472951E-02    0.9991550384E+00
     199.000    0.9983432701E+00    0.9630074827E+00    0.2663829168E+00
     199.500    0.9983280183E+00    0.5181444927E+00   -0.8543151075E+00
     200.000    0.9983080083E+00   -0.6812734777E+00   -0.7308723943E+00
     200.500    0.9983007303E+00   -0.8885505444E+00    0.4569230354E+00
     201.000    0.9983123207E+00    0.1981592750E+00    0.9793085430E+00
     201.500    0.9983322628E+00    0.9963066218E+00    0.7553395297E-01
     202.000    0.9983430324E+00    0.3435415738E+00   -0.9382548798E+00
     202.500    0.9983360041E+00   -0.8095224727E+00   -0.5856700182E+00
     203.000    0.9983191030E+00   -0.7836784055E+00    0.6198122779E+00
     203.500    0.9983090094E+00    0.3834207722E+00    0.9226578568E+00
     204.000    0.9983152900E+00    0.9921468284E+00   -0.1181522784E+00
     204.500    0.9983315358E+00    0.1560183563E+00   -0.9869092199E+00
     205.000    0.9983417360E+00   -0.9073309409E+00   -0.4184403178E+00
     205.500    0.9983357841E+00   -0.6493412426E+00    0.7594022220E+00
     206.000    0.9983194703E+00    0.5542710644E+00    0.8313260838E+00
     206.500    0.9983091704E+00    0.9506931331E+00   -0.3073950831E+00
     207.000    0.9983159394E+00   -0.3736809437E-01   -0.9984585945E+00
     207.500    0.9983342518E+00   -0.9710226090E+00   -0.2354768453E+00
     208.000    0.9983464744E+00   -0.4905883002E+00    0.8704421831E+00
     208.500    0.9983394399E+00    0.7042887587E+00    0.7087431018E+00
     209.000    0.9983177664E+00    0.8735052665E+00   -0.4850838235E+00
     209.500    0.9983007046E+00   -0.2293465335E+00   -0.9724715277E+00
     210.000    0.9983046462E+00   -0.9981975218E+00   -0.4366181145E-01
     210.500    0.9983274326E+00   -0.3133855013E+00    0.9487449395E+00
     211.000    0.9983492971E+00    0.8278274145E+00    0.5595096683E+00
     211.500    0.9983503170E+00    0.7634866945E+00   -0.6445450987E+00
     212.000    0.9983288592E+00   -0.4127086733E+00   -0.9099452787E+00
     212.500    0.9983036326E+00   -0.9878594802E+00    0.1497907876E+00
     213.000    0.9982969076E+00   -0.1244041369E+00    0.9913730470E+00
     213.500    0.9983143872E+00    0.9202245616E+00    0.3892314779E+00
     214.000    0.9983402053E+00    0.6247476925E+00   -0.7797631218E+00
     214.500    0.9983515387E+00   -0.5805587134E+00   -0.8132054593E+00
     215.000    0.9983395443E+00   -0.9404006858E+00    0.3376182672E+00
     215.500    0.9983171113E+00    0.6925009539E-01    0.9967555044E+00
     216.000    0.9983060467E+00    0.9780366137E+00    0.2043292173E+00
     216.500    0.9983162854E+00    0.4625197963E+00   -0.8856589205E+00
     217.000    0.9983370162E+00   -0.7265730182E+00   -0.6858780251E+00
     217.500    0.9983476729E+00   -0.8575734872E+00    0.5127527542E+00
     218.000    0.9983381102E+00    0.2603051451E+00    0.9646654040E+00
     218.500    0.9983184670E+00    0.9990898249E+00    0.1174685957E-01
     219.000    0.9983089639E+00    0.2829100781E+00   -0.9582644998E+00
     219.500    0.9983197755E+00   -0.8452689357E+00   -0.5327665547E+00
     220.000    0.9983406755E+00   -0.7424996310E+00    0.6686067405E+00
     220.500    0.9983505762E+00    0.4415761830E+00    0.8963041062E+00
     221.000    0.9983381724E+00    0.9825862111E+00   -0.1812801979E+00
     221.500    0.9983137000E+00    0.9266647186E-01   -0.9948500515E+00
     222.000    0.9982998899E+00   -0.9321841501E+00   -0.3596284198E+00
     222.500    0.9983105252E+00   -0.5995058303E+00    0.7993142590E+00
     223.000    0.9983369216E+00    0.6062404147E+00    0.7942351549E+00
     223.500    0.9983552297E+00    0.9291407040E+00   -0.3674952814E+00
     224.000    0.9983483077E+00   -0.1010632482E+00   -0.9940495599E+00
     224.500    0.9983218733E+00   -0.9840734872E+00   -0.1729775854E+00
     225.000    0.9982994326E+00   -0.4339828669E+00    0.8999768351E+00
     225.500    0.9983007667E+00    0.7481025871E+00    0.6623015067E+00
     226.000    0.9983241071E+00    0.8407430282E+00   -0.5398844948E+00
     226.500    0.9983481755E+00   -0.2909952274E+00   -0.9558608440E+00
     227.000    0.9983520568E+00   -0.9989718688E+00    0.2018073713E-01
     227.500    0.9983343399E+00   -0.2521521211E+00    0.9668265862E+00
     228.000    0.9983133905E+00    0.8618566025E+00    0.5054864857E+00
     228.500    0.9983090982E+00    0.7207470238E+00   -0.6919774749E+00
     229.000    0.9983242196E+00   -0.4699817576E+00   -0.8817263562E+00
     229.500    0.9983428532E+00   -0.9762948716E+00    0.2125821649E+00
     230.000    0.9983467875E+00   -0.6083435862E-01    0.9973193913E+00
     230.500    0.9983333865E+00    0.9432142790E+00    0.3296668173E+00
     231.000    0.9983174355E+00    0.5736634537E+00   -0.8180633700E+00
     231.500    0.9983156987E+00   -0.6313002903E+00   -0.7744518333E+00
     232.000    0.9983299890E+00   -0.9169130804E+00    0.3969891585E+00
     232.500    0.9983454539E+00    0.1327719640E+00    0.9903115971E+00
     233.000    0.9983456360E+00    0.9891095832E+00    0.1414491725E+00
     233.500    0.9983292217E+00    0.4050125564E+00   -0.9133969843E+00
     234.000    0.9983116416E+00   -0.7688857240E+00   -0.6380645618E+00
     234.500    0.9983100528E+00   -0.8230583601E+00    0.5664671117E+00
     235.000    0.9983266062E+00    0.3213836138E+00    0.9460651029E+00
     235.500    0.9983461646E+00    0.9978141022E+00   -0.5208821304E-01
     236.000    0.9983506187E+00    0.2211343222E+00   -0.9743973678E+00
     236.500    0.9983359444E+00   -0.8775771359E+00   -0.4776968861E+00
     237.000    0.9983155955E+00   -0.6982722118E+00    0.7146548214E+00
     237.500    0.9983075790E+00    0.4979093619E+00    0.8662527612E+00
     238.000    0.9983180736E+00    0.9689922489E+00   -0.2436638980E+00
     238.500    0.9983367170E+00    0.2893805008E-01   -0.9987488705E+00
     239.000    0.9983471692E+00   -0.9532724016E+00   -0.2993641553E+00
     239.500    0.9983422407E+00   -0.5472396610E+00    0.8359850442E+00
     240.000    0.9983291759E+00    0.6557266495E+00    0.7538910644E+00
     240.500    0.9983212012E+00    0.9037568960E+00   -0.4260805958E+00
     241.000    0.9983247077E+00   -0.1643436889E+00   -0.9855535803E+00
     241.500    0.9983344199E+00   -0.9931184307E+00   -0.1097734145E+00
     242.000    0.9983401712E+00   -0.3756239181E+00    0.9258762571E+00
     242.500    0.9983374328E+00    0.7888901474E+00    0.6131800455E+00
     243.000    0.9983308952E+00    0.8045473387E+00   -0.5924816242E+00
     243.500    0.9983284771E+00   -0.3514476403E+00   -0.9353144034E+00
     244.000    0.9983327819E+00   -0.9956336971E+00    0.8394238014E-01
     244.500    0.9983387629E+00   -0.1898870263E+00    0.9809595711E+00
     245.000    0.9983394918E+00    0.8923937489E+00    0.4494139391E+00
     245.500    0.9983336183E+00    0.6750874795E+00   -0.7366074350E+00
     246.000    0.9983267505E+00   -0.5253382991E+00   -0.8499096552E+00
     246.500    0.9983256906E+00   -0.9607157162E+00    0.2745013719E+00
     247.000    0.9983316642E+00    0.2988391354E-02    0.9991610149E+00
     247.500    0.9983392122E+00    0.9623470415E+00    0.2687515280E+00
     248.000    0.9983415590E+00    0.5202488276E+00   -0.8530432090E+00
     248.500    0.9983369510E+00   -0.6794827220E+00   -0.7325572889E+00
     249.000    0.9983298203E+00   -0.8896852001E+00    0.4547417565E+00
     249.500    0.9983261679E+00    0.1957502357E+00    0.9797999863E+00
     250.000    0.9983281664E+00    0.9961157030E+00    0.7798507999E-01
     250.500    0.9983330315E+00    0.3458473411E+00   -0.9374020739E+00
     251.000    0.9983365299E+00   -0.8080793012E+00   -0.5876600828E+00
     251.500    0.9983370605E+00   -0.7852079638E+00    0.6178879462E+00
     252.000    0.9983362415E+00    0.3811549269E+00    0.9236109371E+00
     252.500    0.9983360770E+00    0.9924448281E+00   -0.1157123165E+00
     253.000    0.9983364169E+00    0.1584461335E+00   -0.9865248297E+00
     253.500    0.9983356436E+00   -0.9062960886E+00   -0.4206697556E+00
     254.000    0.9983334562E+00   -0.6512064945E+00    0.7578017931E+00
     254.500    0.9983320502E+00    0.5522280891E+00    0.8326921327E+00
     255.000    0.9983339159E+00    0.9514581102E+00   -0.3050596343E+00
     255.500    0.9983385751E+00   -0.3491263987E-01   -0.9985588028E+00
     256.000    0.9983421494E+00   -0.9704443650E+00   -0.2378652639E+00
     256.500    0.9983408794E+00   -0.4927261341E+00    0.8692306001E+00
     257.000    0.9983352551E+00    0.7025422697E+00    0.7104714030E+00
     257.500    0.9983301618E+00    0.8747008341E+00   -0.4829374831E+00
     258.000    0.9983304102E+00   -0.2269581464E+00   -0.9730469722E+00
     258.500    0.9983359845E+00   -0.9981028206E+00   -0.4611663539E-01
     259.000    0.9983418156E+00   -0.3157193751E+00    0.9479784237E+00
     259.500    0.9983425223E+00    0.8264466198E+00    0.5615411889E+00
     260.000    0.9983376061E+00    0.7650638901E+00   -0.6426623143E+00
     260.500    0.9983318997E+00   -0.4104715470E+00   -0.9109582915E+00
     261.000    0.9983307791E+00   -0.9882380651E+00    0.1473645340E+00
     261.500    0.9983349354E+00   -0.1268425217E+00    0.9910832004E+00
     262.000    0.9983398163E+00    0.9192769643E+00    0.3914967166E+00
     262.500    0.9983402634E+00    0.6266619626E+00   -0.7782255766E+00
     263.000    0.9983358232E+00   -0.5785542791E+00   -0.8146230842E+00
     263.500    0.9983313227E+00   -0.9412234411E+00    0.3353054677E+00
     264.000    0.9983319713E+00    0.6680174497E-01    0.9969300367E+00
     264.500    0.9983379146E+00    0.9775473273E+00    0.2067344615E+00
     265.000    0.9983437310E+00    0.4647003890E+00   -0.8845322376E+00
     265.500    0.9983435509E+00   -0.7248884172E+00   -0.6876629506E+00
     266.000    0.9983370145E+00   -0.8588257352E+00    0.5106421164E+00
     266.500    0.9983300733E+00    0.2579341728E+00    0.9652979000E+00
     267.000    0.9983294608E+00    0.9990634666E+00    0.1420036865E-01
     267.500    0.9983361125E+00    0.2852662049E+00   -0.9575799209E+00
     268.000    0.9983440032E+00   -0.8439684018E+00   -0.5348470249E+00
     268.500    0.9983456924E+00   -0.7441409875E+00    0.6667832355E+00
     269.000    0.9983394686E+00    0.4393717586E+00    0.8973805917E+00
     269.500    0.9983311767E+00    0.9830248427E+00   -0.1788668088E+00
     270.000    0.9983287440E+00    0.9510896466E-01   -0.9946270803E+00
     270.500    0.9983346367E+00   -0.9313148297E+00   -0.3619217105E+00
     271.000    0.9983434777E+00   -0.6014758205E+00    0.7978535674E+00
     271.500    0.9983470659E+00    0.6042923499E+00    0.7957247148E+00
     272.000    0.9983421025E+00    0.9300336641E+00   -0.3652115635E+00
     272.500    0.9983332796E+00   -0.9862300926E-01   -0.9942870720E+00
     273.000    0.9983287899E+00   -0.9836495358E+00   -0.1753920770E+00
     273.500    0.9983326634E+00   -0.4361967173E+00    0.8989244057E+00
     274.000    0.9983411081E+00    0.7464906661E+00    0.6641481714E+00
     274.500    0.9983461330E+00    0.8420741787E+00   -0.5378263758E+00
     275.000    0.9983431127E+00   -0.2886489679E+00   -0.9565693315E+00
     275.500    0.9983351330E+00   -0.9990098927E+00    0.1773040658E-01
     276.000    0.9983299075E+00   -0.2545217814E+00    0.9662031723E+00
     276.500    0.9983324013E+00    0.8606226896E+00    0.5076031790E+00
     277.000    0.9983402474E+00    0.7224528807E+00   -0.6902188657E+00
     277.500    0.9983460906E+00   -0.4678234938E+00   -0.8828857623E+00
     278.000    0.9983445997E+00   -0.9768140138E+00    0.2101879688E+00
     278.500    0.9983374724E+00   -0.6327895715E-01    0.9971625976E+00
     279.000    0.9983315719E+00    0.9424024453E+00    0.3319777146E+00
     279.500    0.9983322167E+00    0.5756712292E+00   -0.8166607941E+00
     280.000    0.9983382623E+00   -0.6294072469E+00   -0.7760056571E+00
     280.500    0.9983434930E+00   -0.9178895687E+00    0.3947432490E+00
     281.000    0.9983428387E+00    0.1303442140E+00    0.9906327395E+00
     281.500    0.9983373386E+00    0.9887558498E+00    0.1438721935E+00
     282.000    0.9983328988E+00    0.4072503632E+00   -0.9124034417E+00
     282.500    0.9983342652E+00   -0.7673286646E+00   -0.6399538935E+00
     283.000    0.9983403643E+00   -0.8244563486E+00    0.5644573442E+00
     283.500    0.9983454021E+00    0.3190677101E+00    0.9468585947E+00
     284.000    0.9983444972E+00    0.9979378887E+00   -0.4964340291E-01
     284.500    0.9983384177E+00    0.2235193446E+00   -0.9738467643E+00
     285.000    0.9983328335E+00   -0.8764030073E+00   -0.4798443521E+00
     285.500    0.9983329099E+00   -0.7000265966E+00    0.7129485773E+00
     286.000    0.9983385762E+00    0.4957939653E+00    0.8674830951E+00
     286.500    0.9983447901E+00    0.9695990695E+00   -0.2412932542E+00
     287.000    0.9983462537E+00    0.3138403366E-01   -0.9986797766E+00
     287.500    0.9983421326E+00   -0.9525340465E+00   -0.3016969057E+00
     288.000    0.9983364927E+00   -0.5492834661E+00    0.8346401419E+00
     288.500    0.9983342708E+00    0.6538804897E+00    0.7554962449E+00
     289.000    0.9983368669E+00    0.9048044654E+00   -0.4238699639E+00
     289.500    0.9983414331E+00   -0.1619316811E+00   -0.9859612385E+00
     290.000    0.9983439865E+00   -0.9928514655E+00   -0.1122049646E+00
     290.500    0.9983430033E+00   -0.3778899872E+00    0.9249552210E+00
     291.000    0.9983401800E+00    0.7873877860E+00    0.6151102783E+00
     291.500    0.9983380853E+00    0.8059981770E+00   -0.5905125095E+00
     292.000    0.9983375599E+00   -0.3491586838E+00   -0.9361761444E+00
     292.500    0.9983376101E+00   -0.9958385948E+00    0.8150523426E-01
     293.000    0.9983373470E+00   -0.1922874662E+00    0.9804911409E+00
     293.500    0.9983373334E+00    0.8912900691E+00    0.4515964417E+00
     294.000    0.9983387691E+00    0.6768901888E+00   -0.7349547207E+00
     294.500    0.9983415216E+00   -0.5232603347E+00   -0.8511992386E+00
     295.000    0.9983434892E+00   -0.9613932677E+00    0.2721515645E+00
     295.500    0.9983425218E+00    0.5429272529E-03    0.9991707697E+00
     296.000    0.9983389704E+00    0.9616862799E+00    0.2711060115E+00
     296.500    0.9983358105E+00    0.5223335416E+00   -0.8517649217E+00
     297.000    0.9983359306E+00   -0.6776874769E+00   -0.7342176886E+00
     297.500    0.9983392817E+00   -0.8907996675E+00    0.4525651711E+00
     298.000    0.9983428280E+00    0.1933534164E+00    0.9802842875E+00
     298.500    0.9983435814E+00    0.9959295617E+00    0.8042319016E-01
     299.000    0.9983416417E+00    0.3481418144E+00   -0.9365569490E+00
     299.500    0.9983398465E+00   -0.8066401065E+00   -0.5896368247E+00
     300.000    0.9983403995E+00   -0.7867190198E+00    0.6159655699E+00
     300.500    0.9983422789E+00    0.3788946800E+00    0.9245437255E+00
     301.000    0.9983424020E+00    0.9927281679E+00   -0.1132836558E+00
     301.500    0.9983394845E+00    0.1608600588E+00   -0.9861356529E+00
     302.000    0.9983362564E+00   -0.9052642248E+00   -0.4228864384E+00
     302.500    0.9983369761E+00   -0.6530601511E+00    0.7562072567E+00
     303.000    0.9983424213E+00    0.5501915027E+00    0.8340454014E+00
     303.500    0.9983478618E+00    0.9522084906E+00   -0.3027323112E+00
     304.000    0.9983469508E+00   -0.3246882340E-01   -0.9986454458E+00
     304.500    0.9983383985E+00   -0.9698574877E+00   -0.2402391558E+00
     305.000    0.9983285847E+00   -0.4948489659E+00    0.8680167543E+00
     305.500    0.9983264851E+00    0.7007982428E+00    0.7121855853E+00
     306.000    0.9983351094E+00    0.8758824085E+00   -0.4807963351E+00
     306.500    0.9983477868E+00   -0.2245776746E+00   -0.9736080602E+00
     307.000    0.9983535049E+00   -0.9979957017E+00   -0.4856011047E-01
     307.500    0.9983469756E+00   -0.3180397928E+00    0.9472051868E+00
     308.000    0.9983339593E+00    0.8250660050E+00    0.5635601536E+00
     308.500    0.9983262230E+00    0.7666304290E+00   -0.6407839014E+00
     309.000    0.9983306046E+00   -0.4082399898E+00   -0.9119598211E+00
     309.500    0.9983426823E+00   -0.9886017714E+00    0.1449455756E+00
     310.000    0.9983511299E+00   -0.1292696491E+00    0.9907777186E+00
     310.500    0.9983486205E+00    0.9183197401E+00    0.3937479846E+00
     311.000    0.9983387879E+00    0.6285649903E+00   -0.7766883808E+00
     311.500    0.9983323278E+00   -0.5765570329E+00   -0.8160357318E+00
     312.000    0.9983360599E+00   -0.9420438388E+00    0.3330006992E+00
     312.500    0.9983459695E+00    0.6436089762E-01    0.9970976102E+00
     313.000    0.9983512978E+00    0.9770447038E+00    0.2091290144E+00
     313.500    0.9983457301E+00    0.4668655248E+00   -0.8833925016E+00
     314.000    0.9983343785E+00   -0.7231989486E+00   -0.6894328534E+00
     314.500    0.9983290746E+00   -0.8600702298E+00    0.5085354211E+00
     315.000    0.9983363054E+00    0.2555702171E+00    0.9659296918E+00
     315.500    0.9983499033E+00    0.9990359197E+00    0.1664735703E-01
     316.000    0.9983562606E+00    0.2876136984E+00   -0.9568879877E+00
     316.500    0.9983475884E+00   -0.8426572915E+00   -0.5369136593E+00
     317.000    0.9983303213E+00   -0.7457663036E+00    0.6649533379E+00
     317.500    0.9983199084E+00    0.4371679986E+00    0.8984453514E+00
     318.000    0.9983264622E+00    0.9834577290E+00   -0.1764578065E+00
     318.500    0.9983448518E+00    0.9754613944E-01   -0.9943991163E+00
     319.000    0.9983589219E+00   -0.9304366208E+00   -0.3642068322E+00
     319.500    0.9983562742E+00   -0.6034327978E+00    0.7963825291E+00
     320.000    0.9983397505E+00    0.6023385786E+00    0.7972000924E+00
     320.500    0.9983246205E+00    0.9309176006E+00   -0.3629284246E+00
     321.000    0.9983242491E+00   -0.9618590395E-01   -0.9945212522E+00
     321.500    0.9983380017E+00   -0.9832213142E+00   -0.1778028375E+00
     322.000    0.9983526060E+00   -0.4384028108E+00    0.8978616717E+00
     322.500    0.9983551741E+00    0.7448659223E+00    0.6659804292E+00
     323.000    0.9983451501E+00    0.8433894134E+00   -0.5357606251E+00
     323.500    0.9983338814E+00   -0.2863022803E+00   -0.9572694948E+00
     324.000    0.9983328511E+00   -0.9990492072E+00    0.1528177284E-01
     324.500    0.9983424989E+00   -0.2568909242E+00    0.9655824936E+00
     325.000    0.9983524094E+00    0.8593844233E+00    0.5097164137E+00
     325.500    0.9983522154E+00    0.7241470823E+00   -0.6884498664E+00
     326.000    0.9983421129E+00   -0.4656567822E+00   -0.8840282089E+00
     326.500    0.9983325349E+00   -0.9773204411E+00    0.2077914588E+00
     327.000    0.9983335778E+00   -0.6572316280E-01    0.9970025294E+00
     327.500    0.9983448033E+00    0.9415919780E+00    0.3342893213E+00
     328.000    0.9983554034E+00    0.5776784734E+00   -0.8152563921E+00
     328.500    0.9983545726E+00   -0.6275077762E+00   -0.7775529329E+00
     329.000    0.9983420393E+00   -0.9188540433E+00    0.3924911291E+00
     329.500    0.9983286261E+00    0.1279139083E+00    0.9909423082E+00
     330.000    0.9983263892E+00    0.9883946849E+00    0.1462953724E+00
     330.500    0.9983375950E+00    0.4094873951E+00   -0.9114042288E+00
     331.000    0.9983526456E+00   -0.7657640751E+00   -0.6418395647E+00
     331.500    0.9983587374E+00   -0.8258457504E+00    0.5624389157E+00
     332.000    0.9983512068E+00    0.3167455059E+00    0.9476410139E+00
     332.500    0.9983372406E+00    0.9980530112E+00   -0.4719562978E-01
     333.000    0.9983289925E+00    0.2259059849E+00   -0.9732910554E+00
     333.500    0.9983328328E+00   -0.8752235096E+00   -0.4819923662E+00
     334.000    0.9983444016E+00   -0.7017771909E+00    0.7112335594E+00
     334.500    0.9983533597E+00    0.4936683331E+00    0.8687030198E+00
     335.000    0.9983529242E+00    0.9701919737E+00   -0.2389151699E+00
     335.500    0.9983453374E+00    0.3383359060E-01   -0.9985993318E+00
     336.000    0.9983387689E+00   -0.9517895460E+00   -0.3040319540E+00
     336.500    0.9983392589E+00   -0.5513298953E+00    0.8332914289E+00
     337.000    0.9983454269E+00    0.6520289171E+00    0.7571021847E+00
     337.500    0.9983505706E+00    0.9058477590E+00   -0.4216519989E+00
     338.000    0.9983496141E+00   -0.1595131362E+00   -0.9863595559E+00
     338.500    0.9983439421E+00   -0.9925732015E+00   -0.1146402277E+00
     339.000    0.9983396741E+00   -0.3801572364E+00    0.9240238902E+00
     339.500    0.9983414039E+00    0.7858769590E+00    0.6170403628E+00
     340.000    0.9983475923E+00    0.8074482248E+00   -0.5885362832E+00
     340.500    0.9983520272E+00   -0.3468634877E+00   -0.9370366845E+00
     341.000    0.9983498279E+00   -0.9960416469E+00    0.7906241516E-01
     341.500    0.9983422070E+00   -0.1946927599E+00    0.9800188449E+00
     342.000    0.9983355659E+00    0.8901787274E+00    0.4537812238E+00
     342.500    0.9983357937E+00    0.6786901534E+00   -0.7332908491E+00
     343.000    0.9983429727E+00   -0.5211709242E+00   -0.8524809912E+00
     343.500    0.9983512438E+00   -0.9620617816E+00    0.2697932026E+00
     344.000    0.9983538687E+00   -0.1908380120E-02    0.9991747729E+00
     344.500    0.9983489253E+00    0.9610230642E+00    0.2734658941E+00
     345.000    0.9983406916E+00    0.5244229080E+00   -0.8504829835E+00
     345.500    0.9983357795E+00   -0.6758841122E+00   -0.7358780106E+00
     346.000    0.9983376486E+00   -0.8919065494E+00    0.4503780142E+00
     346.500    0.9983441897E+00    0.1909480006E+00    0.9807563666E+00
     347.000    0.9983500516E+00    0.9957324871E+00    0.8286655366E-01
     347.500    0.9983512439E+00    0.3504401154E+00   -0.9357045310E+00
     348.000    0.9983479843E+00   -0.8051944047E+00   -0.5916163918E+00
     348.500    0.9983437830E+00   -0.7882291318E+00    0.6140347049E+00
     349.000    0.9983421037E+00    0.3766253468E+00    0.9254703949E+00
     349.500    0.9983436870E+00    0.9930037315E+00   -0.1108479868E+00
     350.000    0.9983465485E+00    0.1632793300E+00   -0.9857415528E+00
     350.500    0.9983481431E+00   -0.9042294819E+00   -0.4251084415E+00
     351.000    0.9983475406E+00   -0.6549167156E+00    0.7546069415E+00
     351.500    0.9983458355E+00    0.5481447995E+00    0.8353939875E+00
     352.000    0.9983448031E+00    0.9529467786E+00   -0.3003951402E+00
     352.500    0.9983452333E+00   -0.3001906517E-01   -0.9987212269E+00
     353.000    0.9983463278E+00   -0.9692691426E+00   -0.2426183361E+00
     353.500    0.9983465563E+00   -0.4969810392E+00    0.8668081697E+00
     354.000    0.9983451758E+00    0.6990558333E+00    0.7139090402E+00
     354.500    0.9983430430E+00    0.8770625401E+00   -0.4786484553E+00
     355.000    0.9983420153E+00   -0.2221883853E+00   -0.9741531383E+00
     355.500    0.9983433868E+00   -0.9978685449E+00   -0.5100739019E-01
     356.000    0.9983465440E+00   -0.3203617725E+00    0.9464221461E+00
     356.500    0.9983491032E+00    0.8236876952E+00    0.5655861419E+00
     357.000    0.9983487497E+00    0.7682082336E+00   -0.6389091167E+00
     357.500    0.9983452982E+00   -0.4060052902E+00   -0.9129649514E+00
     358.000    0.9983411114E+00   -0.9889534728E+00    0.1425206651E+00
     358.500    0.9983394241E+00   -0.1316980748E+00    0.9904519378E+00
     359.000    0.9983417951E+00    0.9173483490E+00    0.3959972244E+00
     359.500    0.9983467077E+00    0.6304700114E+00   -0.7751479036E+00
     360.000    0.9983506229E+00   -0.5745597009E+00   -0.8174544470E+00
     360.500    0.9983507268E+00   -0.9428644276E+00    0.3306923011E+00
     361.000    0.9983471372E+00    0.6191596599E-01    0.9972530022E+00
     361.500    0.9983428513E+00    0.9765248974E+00    0.2115229917E+00
     362.000    0.9983413955E+00    0.4690288585E+00   -0.8822433482E+00
     362.500    0.9983439419E+00   -0.7215100780E+00   -0.6912070234E+00
     363.000    0.9983483385E+00   -0.8613226090E+00    0.5064303522E+00
     363.500    0.9983509203E+00    0.2532033844E+00    0.9665603791E+00
     364.000    0.9983495738E+00    0.9989919441E+00    0.1909632157E-01
     364.500    0.9983455606E+00    0.2899568479E+00   -0.9561749772E+00
     365.000    0.9983424585E+00   -0.8413365903E+00   -0.5389760665E+00
     365.500    0.9983429519E+00   -0.7473985302E+00    0.6631277321E+00
     366.000    0.9983463986E+00    0.4349705178E+00    0.8995260125E+00
     366.500    0.9983494594E+00    0.9838985706E+00   -0.1740490222E+00
     367.000    0.9983491983E+00    0.9998307151E-01   -0.9941592346E+00
     367.500    0.9983458818E+00   -0.9295352356E+00   -0.3664834614E+00
     368.000    0.9983428324E+00   -0.6053783520E+00    0.7948961463E+00
     368.500    0.9983432567E+00    0.6003845322E+00    0.7986749465E+00
     369.000    0.9983470354E+00    0.9318144733E+00   -0.3606505550E+00
     369.500    0.9983506493E+00   -0.9375022073E-01   -0.9947670810E+00
     370.000    0.9983504167E+00   -0.9827888535E+00   -0.1802123361E+00
     370.500    0.9983461096E+00   -0.4405997394E+00    0.8967820133E+00
     371.000    0.9983414751E+00    0.7432271205E+00    0.6677985642E+00
     371.500    0.9983409215E+00    0.8446974600E+00   -0.5336919735E+00
     372.000    0.9983453724E+00   -0.2839582924E+00   -0.9579734133E+00
     372.500    0.9983511959E+00   -0.9990928208E+00    0.1283477294E-01
     373.000    0.9983533223E+00   -0.2592566415E+00    0.9649556032E+00
     373.500    0.9983498822E+00    0.8581323067E+00    0.5118191344E+00
     374.000    0.9983440837E+00    0.7258280784E+00   -0.6866714529E+00
     374.500    0.9983413284E+00   -0.4634902248E+00   -0.8851656003E+00
     375.000    0.9983441703E+00   -0.9778320652E+00    0.2053986917E+00
     375.500    0.9983499311E+00   -0.6816502400E-01    0.9968467588E+00
     376.000    0.9983532034E+00    0.9407744987E+00    0.3365955229E+00
     376.500    0.9983509263E+00    0.5796717979E+00   -0.8138375348E+00
     377.000    0.9983453228E+00   -0.6255990806E+00   -0.7790835085E+00
     377.500    0.9983418104E+00   -0.9198121688E+00    0.3902401627E+00
     378.000    0.9983438001E+00    0.1254883572E+00    0.9912600427E+00
     378.500    0.9983494601E+00    0.9880449728E+00    0.1487164818E+00
     379.000    0.9983535103E+00    0.4117207597E+00   -0.9104062425E+00
     379.500    0.9983522180E+00   -0.7641903049E+00   -0.6437121996E+00
     380.000    0.9983468987E+00   -0.8272152172E+00    0.5604122439E+00
     380.500    0.9983426435E+00    0.3144235697E+00    0.9484094381E+00
     381.000    0.9983434614E+00    0.9981686496E+00   -0.4475274733E-01
     381.500    0.9983485433E+00    0.2282897401E+00   -0.9727447445E+00
     382.000    0.9983531570E+00   -0.8740500865E+00   -0.4841380003E+00
     382.500    0.9983530924E+00   -0.7035189047E+00    0.7095169083E+00
     383.000    0.9983484662E+00    0.4915395655E+00    0.8699065017E+00
     383.500    0.9983434849E+00    0.9707691724E+00   -0.2365390006E+00
     384.000    0.9983424632E+00    0.3627716442E-01   -0.9985121084E+00
     384.500    0.9983459625E+00   -0.9510461286E+00   -0.3063612635E+00
     385.000    0.9983506281E+00   -0.5533705347E+00    0.8319445170E+00
     385.500    0.9983524741E+00    0.6501765544E+00    0.7586981759E+00
     386.000    0.9983503848E+00    0.9068767747E+00   -0.4194340238E+00
     386.500    0.9983467781E+00   -0.1570988239E+00   -0.9867455283E+00
     387.000    0.9983450057E+00   -0.9922902457E+00   -0.1170686717E+00
     387.500    0.9983462110E+00   -0.3824182939E+00    0.9230939603E+00
     388.000    0.9983486963E+00    0.7843676709E+00    0.6189636929E+00
     388.500    0.9983499275E+00    0.8088868138E+00   -0.5865595024E+00
     389.000    0.9983489360E+00   -0.3445691503E+00   -0.9378811421E+00
     389.500    0.9983470179E+00   -0.9962307098E+00    0.7662500091E-01
     390.000    0.9983462820E+00   -0.1970903591E+00    0.9795415624E+00
     390.500    0.9983475914E+00    0.8890711941E+00    0.4559605281E+00
     391.000    0.9983499075E+00    0.6804869894E+00   -0.7316333540E+00
     391.500    0.9983513511E+00   -0.5190858846E+00   -0.8537571057E+00
     392.000    0.9983507721E+00   -0.9627187362E+00    0.2674386045E+00
     392.500    0.9983486155E+00   -0.4352822756E-02    0.9991644852E+00
     393.000    0.9983465401E+00    0.9603500377E+00    0.2758157813E+00
     393.500    0.9983461724E+00    0.5265033292E+00   -0.8491998685E+00
     394.000    0.9983479606E+00   -0.6740860412E+00   -0.7375337074E+00
     394.500    0.9983507885E+00   -0.8930115087E+00    0.4481977619E+00
     395.000    0.9983525620E+00    0.1885490001E+00    0.9812246616E+00
     395.500    0.9983516204E+00    0.9955275745E+00    0.8530222032E-01
     396.000    0.9983481359E+00    0.3527274812E+00   -0.9348430135E+00
     396.500    0.9983443519E+00   -0.8037433248E+00   -0.5935832037E+00
     397.000    0.9983431807E+00   -0.7897285675E+00    0.6121045420E+00
     397.500    0.9983459027E+00    0.3743610591E+00    0.9263906844E+00
     398.000    0.9983507720E+00    0.9932754454E+00   -0.1084189171E+00
     398.500    0.9983540465E+00    0.1656908708E+00   -0.9853428753E+00
     399.000    0.9983529463E+00   -0.9031890027E+00   -0.4273202216E+00
     399.500    0.9983481286E+00   -0.6567609447E+00    0.7530027823E+00
     400.000    0.9983434012E+00    0.5460988781E+00    0.8367313885E+00
     400.500    0.9983426197E+00    0.9536777408E+00   -0.2980627220E+00
     401.000    0.9983463484E+00   -0.2757578010E-01   -0.9987922330E+00
     401.500    0.9983513417E+00   -0.9686751353E+00   -0.2449894364E+00
     402.000    0.9983534278E+00   -0.4991018491E+00    0.8655927287E+00
     402.500    0.9983512591E+00    0.6973093450E+00    0.7156192678E+00
     403.000    0.9983474882E+00    0.8782328334E+00   -0.4765024433E+00
     403.500    0.9983461471E+00   -0.2198050278E+00   -0.9746957971E+00
     404.000    0.9983486629E+00   -0.9977434110E+00   -0.5344856183E-01
     404.500    0.9983524326E+00   -0.3226771319E+00    0.9456383564E+00
     405.000    0.9983534284E+00    0.8223033209E+00    0.5676008076E+00
     405.500    0.9983503530E+00    0.7697696178E+00   -0.6370283264E+00
     406.000    0.9983462260E+00   -0.4037707701E+00   -0.9139559022E+00
     406.500    0.9983455731E+00   -0.9893013851E+00    0.1401011867E+00
     407.000    0.9983497675E+00   -0.1341214285E+00    0.9901319154E+00
     407.500    0.9983551882E+00    0.9163829513E+00    0.3982429846E+00
     408.000    0.9983563228E+00    0.6323676059E+00   -0.7736068341E+00
     408.500    0.9983511333E+00   -0.5725581679E+00   -0.8188579105E+00
     409.000    0.9983435462E+00   -0.9436672663E+00    0.3283833684E+00
     409.500    0.9983403198E+00    0.5947577639E-01    0.9973980910E+00
     410.000    0.9983448667E+00    0.9760054590E+00    0.2139116892E+00
     410.500    0.9983537621E+00    0.4711889031E+00   -0.8810986209E+00
     411.000    0.9983594124E+00   -0.7198222835E+00   -0.6929756796E+00
     411.500    0.9983567384E+00   -0.8625628083E+00    0.5043234479E+00
     412.000    0.9983478679E+00    0.2508372159E+00    0.9671755575E+00
     412.500    0.9983403825E+00    0.9989376296E+00    0.2154053529E-01
     413.000    0.9983406034E+00    0.2922948714E+00   -0.9554602617E+00
     413.500    0.9983480707E+00   -0.8400175973E+00   -0.5410346633E+00
     414.000    0.9983561592E+00   -0.7490239500E+00    0.6613012033E+00
     414.500    0.9983581533E+00    0.4327704990E+00    0.9005930538E+00
     415.000    0.9983532108E+00    0.9843234007E+00   -0.1716410608E+00
     415.500    0.9983467456E+00    0.1024154999E+00   -0.9939103637E+00
     416.000    0.9983450582E+00   -0.9286352325E+00   -0.3687569160E+00
     416.500    0.9983494549E+00   -0.6073238202E+00    0.7934149181E+00
     417.000    0.9983553088E+00    0.5984317524E+00    0.8001467031E+00
     417.500    0.9983567723E+00    0.9326988791E+00   -0.3583707203E+00
     418.000    0.9983525664E+00   -0.9131543961E-01   -0.9949945009E+00
     418.500    0.9983472004E+00   -0.9823432830E+00   -0.1826167425E+00
     419.000    0.9983464405E+00   -0.4427932248E+00    0.8957011782E+00
     419.500    0.9983515027E+00    0.7415942586E+00    0.6696188903E+00
     420.000    0.9983576139E+00    0.8460082084E+00   -0.5316274308E+00
     420.500    0.9983584365E+00   -0.2816145539E+00   -0.9586718310E+00
     421.000    0.9983523018E+00   -0.9991217963E+00    0.1038932113E-01
     421.500    0.9983442332E+00   -0.2616165220E+00    0.9643137605E+00
     422.000    0.9983415967E+00    0.8568734495E+00    0.5139158377E+00
     422.500    0.9983473139E+00    0.7275078130E+00   -0.6848939304E+00
     423.000    0.9983568633E+00   -0.4613257421E+00   -0.8863043625E+00
     423.500    0.9983619609E+00   -0.9783406506E+00    0.2030062372E+00
     424.000    0.9983578963E+00   -0.7060538810E-01    0.9966808795E+00
     424.500    0.9983478950E+00    0.9399451855E+00    0.3388966558E+00
     425.000    0.9983403770E+00    0.5816592787E+00   -0.8124117555E+00
     425.500    0.9983416028E+00   -0.6236888078E+00   -0.7806112181E+00
     426.000    0.9983502951E+00   -0.9207686922E+00    0.3879888022E+00
     426.500    0.9983589209E+00    0.1230620269E+00    0.9915718120E+00
     427.000    0.9983604532E+00    0.9876833348E+00    0.1511359768E+00
     427.500    0.9983544864E+00    0.4139487706E+00   -0.9093958993E+00
     428.000    0.9983471724E+00   -0.7626100281E+00   -0.6455796756E+00
     428.500    0.9983452904E+00   -0.8285841855E+00    0.5583847579E+00
     429.000    0.9983500930E+00    0.3121016320E+00    0.9491799958E+00
     429.500    0.9983565136E+00    0.9982817640E+00   -0.4230878556E-01
     430.000    0.9983582938E+00    0.2306721159E+00   -0.9721875687E+00
     430.500    0.9983540716E+00   -0.8728623590E+00   -0.4862770546E+00
     431.000    0.9983485232E+00   -0.7052525602E+00    0.7077904700E+00
     431.500    0.9983475433E+00    0.4894077462E+00    0.8711071124E+00
     432.000    0.9983523100E+00    0.9713497759E+00   -0.2341621723E+00
     432.500    0.9983580129E+00    0.3872254674E-01   -0.9984280531E+00
     433.000    0.9983585095E+00   -0.9502989930E+00   -0.3086913239E+00
     433.500    0.9983525028E+00   -0.5554067964E+00    0.8305876193E+00
     434.000    0.9983451664E+00    0.6483142178E+00    0.7602853684E+00
     434.500    0.9983434437E+00    0.9078980689E+00   -0.4172104267E+00
     435.000    0.9983494338E+00   -0.1546820321E+00   -0.9871286151E+00
     435.500    0.9983581167E+00   -0.9920070729E+00   -0.1194993056E+00
     436.000    0.9983616675E+00   -0.3846809514E+00    0.9221617174E+00
     436.500    0.9983565662E+00    0.7828524095E+00    0.6208853929E+00
     437.000    0.9983469409E+00    0.8103198115E+00   -0.5845756957E+00
     437.500    0.9983409462E+00   -0.3422696397E+00   -0.9387185094E+00
     438.000    0.9983435400E+00   -0.9964136616E+00    0.7418460145E-01
     438.500    0.9983522555E+00   -0.1994895914E+00    0.9790588126E+00
     439.000    0.9983596069E+00    0.8879570328E+00    0.4581396237E+00
     439.500    0.9983597957E+00    0.6822804449E+00   -0.7299679378E+00
     440.000    0.9983536265E+00   -0.5169936448E+00   -0.8550270158E+00
     440.500    0.9983472711E+00   -0.9633692455E+00    0.2650791731E+00
     441.000    0.9983463499E+00   -0.6800243109E-02    0.9991496918E+00
     441.500    0.9983510068E+00    0.9596736858E+00    0.2781679773E+00
     442.000    0.9983563315E+00    0.5285846224E+00   -0.8479119226E+00
     442.500    0.9983573800E+00   -0.6722805107E+00   -0.7391862383E+00
     443.000    0.9983538301E+00   -0.8941081113E+00    0.4460095464E+00
     443.500    0.9983498501E+00    0.1861445575E+00    0.9816822571E+00
     444.000    0.9983496453E+00    0.9953146466E+00    0.8774052397E-01
     444.500    0.9983532670E+00    0.3550173396E+00   -0.9339785627E+00
     445.000    0.9983566931E+00   -0.8022918008E+00   -0.5955539938E+00
     445.500    0.9983559811E+00   -0.7912307358E+00    0.6101720280E+00
     446.000    0.9983513473E+00    0.3720915687E+00    0.9273075066E+00
     446.500    0.9983470830E+00    0.9935362217E+00   -0.1059851839E+00
     447.000    0.9983474129E+00    0.1681035671E+00   -0.9849307608E+00
     447.500    0.9983523647E+00   -0.9021392469E+00   -0.4295313073E+00
     448.000    0.9983575718E+00   -0.6586066897E+00    0.7513952356E+00
     448.500    0.9983582206E+00    0.5440515468E+00    0.8380728698E+00
     449.000    0.9983534900E+00    0.9544102420E+00   -0.2957272052E+00
     449.500    0.9983473148E+00   -0.2512896553E-01   -0.9988572720E+00
     450.000    0.9983448241E+00   -0.9680689254E+00   -0.2473608293E+00
     450.500    0.9983478693E+00   -0.5012193446E+00    0.8643651068E+00
     451.000    0.9983536631E+00    0.6955550923E+00    0.7173261300E+00
     451.500    0.9983575064E+00    0.8794018670E+00   -0.4743520452E+00
     452.000    0.9983568982E+00   -0.2174178748E+00   -0.9752365692E+00
     452.500    0.9983532835E+00   -0.9976117955E+00   -0.5589265536E-01
     453.000    0.9983501971E+00   -0.3249922638E+00    0.9448440218E+00
     453.500    0.9983499672E+00    0.8209090376E+00    0.5696124289E+00
     454.000    0.9983520713E+00    0.7713284189E+00   -0.6351413555E+00
     454.500    0.9983542705E+00   -0.4015323849E+00   -0.9149459079E+00
     455.000    0.9983549650E+00   -0.9896462584E+00    0.1376780600E+00
     455.500    0.9983543489E+00   -0.1365467202E+00    0.9898026784E+00
     456.000    0.9983535972E+00    0.9154039664E+00    0.4004861739E+00
     456.500    0.9983534082E+00    0.6342597174E+00   -0.7720544146E+00
     457.000    0.9983534978E+00   -0.5705513887E+00   -0.8202588680E+00
     457.500    0.9983532920E+00   -0.9444733871E+00    0.3260725580E+00
     458.000    0.9983527835E+00    0.5703294584E-01    0.9975470047E+00
     458.500    0.9983525242E+00    0.9754823242E+00    0.2163024720E+00
     459.000    0.9983528899E+00    0.4733453860E+00   -0.8799414955E+00
     459.500    0.9983536145E+00   -0.7181207526E+00   -0.6947346250E+00
     460.000    0.9983541038E+00   -0.8637942708E+00    0.5022086832E+00
     460.500    0.9983540495E+00    0.2484684888E+00    0.9677899873E+00
     461.000    0.9983536285E+00    0.9988885054E+00    0.2398712558E-01
     461.500    0.9983531407E+00    0.2946358461E+00   -0.9547475367E+00
     462.000    0.9983526294E+00   -0.8386919665E+00   -0.5430915344E+00
     462.500    0.9983520331E+00   -0.7506396835E+00    0.6594634931E+00
     463.000    0.9983516418E+00    0.4305623117E+00    0.9016472356E+00
     463.500    0.9983521079E+00    0.9847402275E+00   -0.1692299980E+00
     464.000    0.9983537507E+00    0.1048494406E+00   -0.9936600754E+00
     464.500    0.9983558180E+00   -0.9277344445E+00   -0.3710318295E+00
     465.000    0.9983567231E+00   -0.6092671068E+00    0.7919282264E+00
     465.500    0.9983554195E+00    0.5964706410E+00    0.8016097516E+00
     466.000    0.9983526797E+00    0.9335717035E+00   -0.3560850378E+00
     466.500    0.9983507969E+00   -0.8887874442E-01   -0.9952142311E+00
     467.000    0.9983516559E+00   -0.9818953856E+00   -0.1850219112E+00
     467.500    0.9983548279E+00   -0.4449868981E+00    0.8946180685E+00
     468.000    0.9983576420E+00    0.7399547497E+00    0.6714347402E+00
     468.500    0.9983575089E+00    0.8473073039E+00   -0.5295543803E+00
     469.000    0.9983544314E+00   -0.2792659263E+00   -0.9593565416E+00
     469.500    0.9983511753E+00   -0.9991436745E+00    0.7943113111E-02
     470.000    0.9983507753E+00   -0.2639774781E+00    0.9636735269E+00
     470.500    0.9983536699E+00    0.8556178844E+00    0.5160152186E+00
     471.000    0.9983572054E+00    0.7291859948E+00   -0.6831141854E+00
     471.500    0.9983580933E+00   -0.4591548288E+00   -0.8874316517E+00
     472.000    0.9983555463E+00   -0.9788315506E+00    0.2006099247E+00
     472.500    0.9983520411E+00   -0.7304480689E-01    0.9965021311E+00
     473.000    0.9983509308E+00    0.9391142262E+00    0.3411970120E+00
     473.500    0.9983532248E+00    0.5836499077E+00   -0.8109907583E+00
     474.000    0.9983566254E+00   -0.6217808586E+00   -0.7821414126E+00
     474.500    0.9983577345E+00   -0.9217190689E+00    0.3857352623E+00
     475.000    0.9983553568E+00    0.1206343786E+00    0.9918682894E+00
     475.500    0.9983517244E+00    0.9873061413E+00    0.1535522964E+00
     476.000    0.9983503931E+00    0.4161724058E+00   -0.9083781821E+00
     476.500    0.9983528158E+00   -0.7610298946E+00   -0.6474459942E+00
     477.000    0.9983569025E+00   -0.8299531228E+00    0.5563584424E+00
     477.500    0.9983589430E+00    0.3097790392E+00    0.9499452036E+00
     478.000    0.9983570854E+00    0.9983826060E+00   -0.3986549183E-01
     478.500    0.9983530738E+00    0.2330500603E+00   -0.9716175910E+00
     479.000    0.9983505911E+00   -0.8716682015E+00   -0.4884108287E+00
     479.500    0.9983518038E+00   -0.7069836767E+00    0.7060636549E+00
     480.000    0.9983553869E+00    0.4872764855E+00    0.8723055735E+00
     480.500    0.9983578677E+00    0.9719225984E+00   -0.2317850956E+00
     481.000    0.9983569736E+00    0.4116567563E-01   -0.9983297856E+00
     481.500    0.9983537442E+00   -0.9495385000E+00   -0.3110150821E+00
     482.000    0.9983514302E+00   -0.5574372395E+00    0.8292256353E+00
     482.500    0.9983523573E+00    0.6464542848E+00    0.7618721776E+00
     483.000    0.9983557509E+00    0.9089218004E+00   -0.4149902549E+00
     483.500    0.9983584876E+00   -0.1522669221E+00   -0.9875086187E+00
     484.000    0.9983580341E+00   -0.9917116712E+00   -0.1219261883E+00
     484.500    0.9983548041E+00   -0.3869347465E+00    0.9212145820E+00
     485.000    0.9983517500E+00    0.7813291152E+00    0.6227973698E+00
     485.500    0.9983516568E+00    0.8117494764E+00   -0.5825928633E+00
     486.000    0.9983546338E+00   -0.3399744043E+00   -0.9395594916E+00
     486.500    0.9983580269E+00   -0.9965993998E+00    0.7174721757E-01
     487.000    0.9983588145E+00   -0.2018848698E+00    0.9785710571E+00
     487.500    0.9983562917E+00    0.8868321154E+00    0.4603097770E+00
     488.000    0.9983526343E+00    0.6840616664E+00   -0.7282940827E+00
     488.500    0.9983509563E+00   -0.5148998432E+00   -0.8562879818E+00
     489.000    0.9983526203E+00   -0.9640173684E+00    0.2627225412E+00
     489.500    0.9983561258E+00   -0.9244331617E-02    0.9991349599E+00
     490.000    0.9983585229E+00    0.9589939828E+00    0.2805157107E+00
     490.500    0.9983579770E+00    0.5306575885E+00   -0.8466170921E+00
     491.000    0.9983551681E+00   -0.6704696441E+00   -0.7408276618E+00
     491.500    0.9983524964E+00   -0.8951957856E+00    0.4438209120E+00
     492.000    0.9983519516E+00    0.1837430274E+00    0.9821356584E+00
     492.500    0.9983535257E+00    0.9950989930E+00    0.9017494007E-01
     493.000    0.9983555356E+00    0.3573011697E+00   -0.9331084662E+00
     493.500    0.9983563370E+00   -0.8008325532E+00   -0.5975144840E+00
     494.000    0.9983556803E+00   -0.7927206852E+00    0.6082348195E+00
     494.500    0.9983546689E+00    0.3698230002E+00    0.9282163635E+00
     495.000    0.9983545842E+00    0.9937962042E+00   -0.1035552453E+00
     495.500    0.9983556328E+00    0.1705127107E+00   -0.9845207201E+00
     496.000    0.9983567895E+00   -0.9010879992E+00   -0.4317374285E+00
     496.500    0.9983568697E+00   -0.6604422355E+00    0.7497819171E+00
     497.000    0.9983556832E+00    0.5419995268E+00    0.8393999023E+00
     497.500    0.9983542505E+00    0.9551310014E+00   -0.2933922642E+00
     498.000    0.9983539874E+00   -0.2268615885E-01   -0.9989190786E+00
     498.500    0.9983554377E+00   -0.9674662352E+00   -0.2497288958E+00
     499.000    0.9983576311E+00   -0.5033341647E+00    0.8631409791E+00
     499.500    0.9983587868E+00    0.6938005302E+00    0.7190268501E+00
     500.000    0.9983577752E+00    0.8805593996E+00   -0.4722000836E+00
     500.500    0.9983551098E+00   -0.2150321060E+00   -0.9757644712E+00
