 #            250
    0.000000000000         0.00000000E+00      0.00000000E+00      0.00000000E+00      0.00000000E+00
    2.000000000000         0.56089344E-10     -0.29306222E-16      0.56089344E-10     -0.29306222E-16
    4.000000000000         0.21653939E-09      0.37394209E-16      0.16045005E-09      0.66700431E-16
    6.000000000000         0.14085147E-08      0.66675123E-16      0.11919753E-08      0.29280913E-16
    8.000000000000         0.34664584E-08      0.24875343E-17      0.20579437E-08     -0.64187588E-16
   10.000000000000         0.17713188E-07      0.12096819E-16      0.14246730E-07      0.96092846E-17
   12.000000000000         0.21588393E-06      0.31869172E-17      0.19817074E-06     -0.89099017E-17
   14.000000000000         0.16446083E-05     -0.64689329E-16      0.14287243E-05     -0.67876247E-16
   16.000000000000         0.76512525E-05     -0.59829571E-16      0.60066442E-05      0.48597584E-17
   18.000000000000         0.23666743E-04     -0.10076429E-15      0.16015491E-04     -0.40934722E-16
   20.000000000000         0.51782447E-04     -0.85592084E-16      0.28115703E-04      0.15172209E-16
   22.000000000000         0.86117509E-04     -0.36917844E-16      0.34335062E-04      0.48674240E-16
   24.000000000000         0.11882134E-03     -0.89828215E-16      0.32703826E-04     -0.52910371E-16
   26.000000000000         0.14557755E-03     -0.15100517E-15      0.26756214E-04     -0.61176950E-16
   28.000000000000         0.16552711E-03     -0.20071065E-15      0.19949565E-04     -0.49705486E-16
   30.000000000000         0.17953736E-03     -0.11593738E-15      0.14010248E-04      0.84773275E-16
   32.000000000000         0.18922475E-03     -0.15012922E-15      0.96873888E-05     -0.34191845E-16
   34.000000000000         0.19670280E-03     -0.21917481E-15      0.74780477E-05     -0.69045589E-16
   36.000000000000         0.20331983E-03     -0.20154947E-15      0.66170345E-05      0.17625340E-16
   38.000000000000         0.20900954E-03     -0.18859676E-15      0.56897100E-05      0.12952710E-16
   40.000000000000         0.21337823E-03     -0.16365414E-15      0.43686827E-05      0.24942620E-16
   42.000000000000         0.21649241E-03     -0.16117606E-15      0.31141839E-05      0.24780828E-17
   44.000000000000         0.21899709E-03     -0.10283475E-15      0.25046784E-05      0.58341311E-16
   46.000000000000         0.22143137E-03     -0.13431333E-15      0.24342826E-05     -0.31478580E-16
   48.000000000000         0.22372271E-03     -0.15927776E-15      0.22913419E-05     -0.24964430E-16
   50.000000000000         0.22561605E-03     -0.21928255E-15      0.18933410E-05     -0.60004792E-16
   52.000000000000         0.22717827E-03     -0.21870219E-15      0.15622156E-05      0.58035992E-18
   54.000000000000         0.22862695E-03     -0.25653571E-15      0.14486783E-05     -0.37833524E-16
   56.000000000000         0.23000285E-03     -0.28288613E-15      0.13758990E-05     -0.26350414E-16
   58.000000000000         0.23126577E-03     -0.31381500E-15      0.12629275E-05     -0.30928873E-16
   60.000000000000         0.23244515E-03     -0.31660367E-15      0.11793769E-05     -0.27886752E-17
   62.000000000000         0.23359396E-03     -0.28351574E-15      0.11488067E-05      0.33087933E-16
   64.000000000000         0.23469397E-03     -0.28474573E-15      0.11000124E-05     -0.12299936E-17
   66.000000000000         0.23569078E-03     -0.27008765E-15      0.99681193E-06      0.14658086E-16
   68.000000000000         0.23659631E-03     -0.27559442E-15      0.90553270E-06     -0.55067727E-17
   70.000000000000         0.23748922E-03     -0.19603060E-15      0.89290696E-06      0.79563818E-16
   72.000000000000         0.23839523E-03     -0.24708828E-15      0.90600773E-06     -0.51057676E-16
   74.000000000000         0.23925564E-03     -0.30961791E-15      0.86041013E-06     -0.62529629E-16
   76.000000000000         0.24004248E-03     -0.26362628E-15      0.78684446E-06      0.45991630E-16
   78.000000000000         0.24078048E-03     -0.28249100E-15      0.73799519E-06     -0.18864718E-16
   80.000000000000         0.24147279E-03     -0.27239801E-15      0.69230873E-06      0.10092983E-16
   82.000000000000         0.24210153E-03     -0.30316074E-15      0.62874000E-06     -0.30762730E-16
   84.000000000000         0.24268143E-03     -0.22579497E-15      0.57989710E-06      0.77365773E-16
   86.000000000000         0.24323850E-03     -0.27856036E-15      0.55706977E-06     -0.52765387E-16
   88.000000000000         0.24375628E-03     -0.30373380E-15      0.51778442E-06     -0.25173448E-16
   90.000000000000         0.24420822E-03     -0.29403984E-15      0.45194374E-06      0.96939663E-17
   92.000000000000         0.24460532E-03     -0.29821263E-15      0.39710069E-06     -0.41727929E-17
   94.000000000000         0.24497798E-03     -0.31351745E-15      0.37265828E-06     -0.15304823E-16
   96.000000000000         0.24533362E-03     -0.35436391E-15      0.35563741E-06     -0.40846452E-16
   98.000000000000         0.24566592E-03     -0.36460574E-15      0.33229939E-06     -0.10241835E-16
  100.000000000000         0.24597529E-03     -0.43076319E-15      0.30937049E-06     -0.66157452E-16
  102.000000000000         0.24625965E-03     -0.43783677E-15      0.28436138E-06     -0.70735721E-17
  104.000000000000         0.24651683E-03     -0.46204888E-15      0.25717913E-06     -0.24212117E-16
  106.000000000000         0.24675237E-03     -0.47888185E-15      0.23553835E-06     -0.16832965E-16
  108.000000000000         0.24698311E-03     -0.48640002E-15      0.23074190E-06     -0.75181736E-17
  110.000000000000         0.24721913E-03     -0.43774082E-15      0.23602419E-06      0.48659197E-16
  112.000000000000         0.24745037E-03     -0.44071138E-15      0.23123151E-06     -0.29705565E-17
  114.000000000000         0.24766565E-03     -0.46027446E-15      0.21528558E-06     -0.19563079E-16
  116.000000000000         0.24786927E-03     -0.36355538E-15      0.20361811E-06      0.96719084E-16
  118.000000000000         0.24807353E-03     -0.35128724E-15      0.20425762E-06      0.12268135E-16
  120.000000000000         0.24828243E-03     -0.32866479E-15      0.20890428E-06      0.22622451E-16
  122.000000000000         0.24849930E-03     -0.32361130E-15      0.21687026E-06      0.50534878E-17
  124.000000000000         0.24872037E-03     -0.34094924E-15      0.22107030E-06     -0.17337944E-16
  126.000000000000         0.24893280E-03     -0.34765234E-15      0.21243064E-06     -0.67030979E-17
  128.000000000000         0.24913068E-03     -0.33371611E-15      0.19787709E-06      0.13936230E-16
  130.000000000000         0.24932323E-03     -0.41238825E-15      0.19254609E-06     -0.78672134E-16
  132.000000000000         0.24952448E-03     -0.40915520E-15      0.20125414E-06      0.32330486E-17
  134.000000000000         0.24973514E-03     -0.48558629E-15      0.21066078E-06     -0.76431092E-16
  136.000000000000         0.24994285E-03     -0.50076093E-15      0.20771226E-06     -0.15174636E-16
  138.000000000000         0.25013944E-03     -0.52430652E-15      0.19658664E-06     -0.23545597E-16
  140.000000000000         0.25032752E-03     -0.52645515E-15      0.18808171E-06     -0.21486266E-17
  142.000000000000         0.25051204E-03     -0.57795389E-15      0.18451541E-06     -0.51498735E-16
  144.000000000000         0.25069769E-03     -0.63414839E-15      0.18564826E-06     -0.56194508E-16
  146.000000000000         0.25088564E-03     -0.64441394E-15      0.18795255E-06     -0.10265542E-16
  148.000000000000         0.25107014E-03     -0.61619892E-15      0.18450072E-06      0.28215017E-16
  150.000000000000         0.25124202E-03     -0.64381982E-15      0.17188267E-06     -0.27620898E-16
  152.000000000000         0.25139800E-03     -0.67917363E-15      0.15597515E-06     -0.35353815E-16
  154.000000000000         0.25154468E-03     -0.70245503E-15      0.14668645E-06     -0.23281394E-16
  156.000000000000         0.25169126E-03     -0.85484809E-15      0.14658159E-06     -0.15239306E-15
  158.000000000000         0.25183802E-03     -0.80898564E-15      0.14675125E-06      0.45862445E-16
  160.000000000000         0.25197990E-03     -0.85973348E-15      0.14188274E-06     -0.50747833E-16
  162.000000000000         0.25211178E-03     -0.85906036E-15      0.13188212E-06      0.67311645E-18
  164.000000000000         0.25223374E-03     -0.77588049E-15      0.12195820E-06      0.83179873E-16
  166.000000000000         0.25234920E-03     -0.77426363E-15      0.11546596E-06      0.16168609E-17
  168.000000000000         0.25246149E-03     -0.77454232E-15      0.11228748E-06     -0.27869646E-18
  170.000000000000         0.25257264E-03     -0.91952378E-15      0.11114784E-06     -0.14498145E-15
  172.000000000000         0.25268161E-03     -0.95850473E-15      0.10896833E-06     -0.38980957E-16
  174.000000000000         0.25278370E-03     -0.10696535E-14      0.10209286E-06     -0.11114873E-15
  176.000000000000         0.25287673E-03     -0.11096763E-14      0.93030101E-07     -0.40022855E-16
  178.000000000000         0.25296314E-03     -0.12008879E-14      0.86411688E-07     -0.91211595E-16
  180.000000000000         0.25304504E-03     -0.12298259E-14      0.81898246E-07     -0.28938031E-16
  182.000000000000         0.25312493E-03     -0.12221991E-14      0.79891567E-07      0.76268388E-17
  184.000000000000         0.25320395E-03     -0.11915889E-14      0.79019850E-07      0.30610207E-16
  186.000000000000         0.25327805E-03     -0.11886459E-14      0.74099145E-07      0.29429797E-17
  188.000000000000         0.25334449E-03     -0.12115321E-14      0.66436072E-07     -0.22886195E-16
  190.000000000000         0.25340289E-03     -0.11640838E-14      0.58397476E-07      0.47448272E-16
  192.000000000000         0.25345549E-03     -0.12088633E-14      0.52601294E-07     -0.44779471E-16
  194.000000000000         0.25350564E-03     -0.12377312E-14      0.50151850E-07     -0.28867878E-16
  196.000000000000         0.25355408E-03     -0.12741510E-14      0.48443916E-07     -0.36419845E-16
  198.000000000000         0.25359961E-03     -0.13683558E-14      0.45527441E-07     -0.94204792E-16
  200.000000000000         0.25363936E-03     -0.14111035E-14      0.39748151E-07     -0.42747672E-16
  202.000000000000         0.25367276E-03     -0.14153953E-14      0.33400928E-07     -0.42917966E-17
  204.000000000000         0.25370088E-03     -0.14902397E-14      0.28121960E-07     -0.74844416E-16
  206.000000000000         0.25372711E-03     -0.14599880E-14      0.26224621E-07      0.30251738E-16
  208.000000000000         0.25375338E-03     -0.14027299E-14      0.26269794E-07      0.57258121E-16
  210.000000000000         0.25377853E-03     -0.14101980E-14      0.25150024E-07     -0.74681828E-17
  212.000000000000         0.25379961E-03     -0.13718930E-14      0.21082610E-07      0.38305066E-16
  214.000000000000         0.25381564E-03     -0.13582673E-14      0.16034498E-07      0.13625699E-16
  216.000000000000         0.25382844E-03     -0.13734654E-14      0.12802609E-07     -0.15198113E-16
  218.000000000000         0.25384066E-03     -0.13501264E-14      0.12219842E-07      0.23339005E-16
  220.000000000000         0.25385361E-03     -0.13405154E-14      0.12941235E-07      0.96109986E-17
  222.000000000000         0.25386574E-03     -0.13102170E-14      0.12133319E-07      0.30298363E-16
  224.000000000000         0.25387624E-03     -0.13653017E-14      0.10505293E-07     -0.55084670E-16
  226.000000000000         0.25388479E-03     -0.13862284E-14      0.85460586E-08     -0.20926684E-16
  228.000000000000         0.25389072E-03     -0.13604769E-14      0.59336982E-08      0.25751440E-16
  230.000000000000         0.25389841E-03     -0.13926357E-14      0.76846952E-08     -0.32158734E-16
  232.000000000000         0.25390872E-03     -0.14047191E-14      0.10307158E-07     -0.12083471E-16
  234.000000000000         0.25391828E-03     -0.14118666E-14      0.95679939E-08     -0.71474739E-17
  236.000000000000         0.25392686E-03     -0.14265252E-14      0.85772814E-08     -0.14658590E-16
  238.000000000000         0.25393451E-03     -0.14112233E-14      0.76469144E-08      0.15301874E-16
  240.000000000000         0.25394171E-03     -0.13994634E-14      0.72044517E-08      0.11759938E-16
  242.000000000000         0.25395129E-03     -0.14041128E-14      0.95729040E-08     -0.46494614E-17
  244.000000000000         0.25396357E-03     -0.13838712E-14      0.12283908E-07      0.20241657E-16
  246.000000000000         0.25397756E-03     -0.13793183E-14      0.13995399E-07      0.45528494E-17
  248.000000000000         0.25399307E-03     -0.14517036E-14      0.15506410E-07     -0.72385284E-16
  250.000000000000         0.25400809E-03     -0.14949654E-14      0.15017396E-07     -0.43261824E-16
  252.000000000000         0.25402410E-03     -0.14936961E-14      0.16007399E-07      0.12693415E-17
  254.000000000000         0.25404559E-03     -0.15760219E-14      0.21489403E-07     -0.82325819E-16
  256.000000000000         0.25407220E-03     -0.15588855E-14      0.26610706E-07      0.17136455E-16
  258.000000000000         0.25410196E-03     -0.15677322E-14      0.29761998E-07     -0.88467013E-17
  260.000000000000         0.25413331E-03     -0.15636874E-14      0.31351370E-07      0.40448204E-17
  262.000000000000         0.25416464E-03     -0.15897310E-14      0.31331219E-07     -0.26043659E-16
  264.000000000000         0.25419728E-03     -0.16193300E-14      0.32643277E-07     -0.29598946E-16
  266.000000000000         0.25423372E-03     -0.16124939E-14      0.36434154E-07      0.68360287E-17
  268.000000000000         0.25427518E-03     -0.17328965E-14      0.41457023E-07     -0.12040253E-15
  270.000000000000         0.25432240E-03     -0.16702741E-14      0.47224497E-07      0.62622367E-16
  272.000000000000         0.25437150E-03     -0.16300977E-14      0.49099149E-07      0.40176382E-16
  274.000000000000         0.25441722E-03     -0.17070809E-14      0.45724255E-07     -0.76983185E-16
  276.000000000000         0.25446012E-03     -0.16812136E-14      0.42897538E-07      0.25867255E-16
  278.000000000000         0.25450515E-03     -0.16412184E-14      0.45026934E-07      0.39995262E-16
  280.000000000000         0.25455486E-03     -0.16253298E-14      0.49714312E-07      0.15888577E-16
  282.000000000000         0.25460790E-03     -0.15940669E-14      0.53039537E-07      0.31262885E-16
  284.000000000000         0.25466070E-03     -0.16279104E-14      0.52800344E-07     -0.33843482E-16
  286.000000000000         0.25471004E-03     -0.16322819E-14      0.49342242E-07     -0.43714818E-17
  288.000000000000         0.25475495E-03     -0.16303884E-14      0.44908041E-07      0.18934281E-17
  290.000000000000         0.25479893E-03     -0.16164602E-14      0.43973392E-07      0.13928213E-16
  292.000000000000         0.25484721E-03     -0.17122603E-14      0.48287323E-07     -0.95800106E-16
  294.000000000000         0.25490151E-03     -0.17685415E-14      0.54293113E-07     -0.56281171E-16
  296.000000000000         0.25495790E-03     -0.18579379E-14      0.56398366E-07     -0.89396364E-16
  298.000000000000         0.25501077E-03     -0.19805125E-14      0.52863231E-07     -0.12257465E-15
  300.000000000000         0.25505908E-03     -0.19331759E-14      0.48311388E-07      0.47336592E-16
  302.000000000000         0.25510647E-03     -0.19728759E-14      0.47395685E-07     -0.39699955E-16
  304.000000000000         0.25515645E-03     -0.19985511E-14      0.49977352E-07     -0.25675237E-16
  306.000000000000         0.25521040E-03     -0.19457769E-14      0.53952497E-07      0.52774268E-16
  308.000000000000         0.25526684E-03     -0.19336412E-14      0.56431339E-07      0.12135697E-16
  310.000000000000         0.25532178E-03     -0.20562845E-14      0.54947025E-07     -0.12264337E-15
  312.000000000000         0.25537186E-03     -0.19821718E-14      0.50076635E-07      0.74112729E-16
  314.000000000000         0.25541695E-03     -0.19974180E-14      0.45092379E-07     -0.15246169E-16
  316.000000000000         0.25546172E-03     -0.20104580E-14      0.44764164E-07     -0.13040046E-16
  318.000000000000         0.25550999E-03     -0.20753184E-14      0.48274372E-07     -0.64860426E-16
  320.000000000000         0.25556028E-03     -0.20112419E-14      0.50284997E-07      0.64076525E-16
  322.000000000000         0.25560808E-03     -0.20602243E-14      0.47807767E-07     -0.48982332E-16
  324.000000000000         0.25564923E-03     -0.21281701E-14      0.41147809E-07     -0.67945883E-16
  326.000000000000         0.25568337E-03     -0.21079948E-14      0.34136273E-07      0.20175329E-16
  328.000000000000         0.25571475E-03     -0.21379238E-14      0.31379946E-07     -0.29929012E-16
  330.000000000000         0.25574666E-03     -0.21467880E-14      0.31916824E-07     -0.88641329E-17
  332.000000000000         0.25578038E-03     -0.21771269E-14      0.33719173E-07     -0.30338935E-16
  334.000000000000         0.25581336E-03     -0.21745765E-14      0.32979936E-07      0.25504098E-17
  336.000000000000         0.25584044E-03     -0.21482620E-14      0.27081546E-07      0.26314432E-16
  338.000000000000         0.25586111E-03     -0.21482588E-14      0.20666394E-07      0.32719129E-20
  340.000000000000         0.25588004E-03     -0.22292089E-14      0.18932418E-07     -0.80950110E-16
  342.000000000000         0.25589998E-03     -0.22079775E-14      0.19941186E-07      0.21231417E-16
  344.000000000000         0.25592191E-03     -0.21945681E-14      0.21928794E-07      0.13409398E-16
  346.000000000000         0.25594364E-03     -0.21979689E-14      0.21729498E-07     -0.34008187E-17
  348.000000000000         0.25596195E-03     -0.21786155E-14      0.18304706E-07      0.19353408E-16
  350.000000000000         0.25597712E-03     -0.22120723E-14      0.15167376E-07     -0.33456847E-16
  352.000000000000         0.25599137E-03     -0.22328981E-14      0.14257418E-07     -0.20825756E-16
  354.000000000000         0.25600696E-03     -0.21466343E-14      0.15584775E-07      0.86263769E-16
  356.000000000000         0.25602530E-03     -0.21455325E-14      0.18341821E-07      0.11018267E-17
  358.000000000000         0.25604432E-03     -0.21206296E-14      0.19025721E-07      0.24902895E-16
  360.000000000000         0.25606211E-03     -0.20987603E-14      0.17790090E-07      0.21869282E-16
  362.000000000000         0.25607874E-03     -0.20661517E-14      0.16621553E-07      0.32608599E-16
  364.000000000000         0.25609445E-03     -0.20272050E-14      0.15713825E-07      0.38946662E-16
  366.000000000000         0.25611007E-03     -0.20124588E-14      0.15616735E-07      0.14746270E-16
  368.000000000000         0.25612621E-03     -0.20385029E-14      0.16140040E-07     -0.26044164E-16
  370.000000000000         0.25614194E-03     -0.19330608E-14      0.15729233E-07      0.10544216E-15
  372.000000000000         0.25615688E-03     -0.19702342E-14      0.14941836E-07     -0.37173376E-16
  374.000000000000         0.25617079E-03     -0.20245833E-14      0.13916389E-07     -0.54349148E-16
  376.000000000000         0.25618435E-03     -0.20684202E-14      0.13552581E-07     -0.43836866E-16
  378.000000000000         0.25619876E-03     -0.20605906E-14      0.14415085E-07      0.78295337E-17
  380.000000000000         0.25621352E-03     -0.20414324E-14      0.14759567E-07      0.19158285E-16
  382.000000000000         0.25622819E-03     -0.20117784E-14      0.14671916E-07      0.29653980E-16
  384.000000000000         0.25624264E-03     -0.20838706E-14      0.14443343E-07     -0.72092243E-16
  386.000000000000         0.25625697E-03     -0.20305325E-14      0.14334855E-07      0.53338135E-16
  388.000000000000         0.25627253E-03     -0.20739008E-14      0.15559943E-07     -0.43368328E-16
  390.000000000000         0.25628985E-03     -0.21313317E-14      0.17322924E-07     -0.57430840E-16
  392.000000000000         0.25630805E-03     -0.21444934E-14      0.18194891E-07     -0.13161726E-16
  394.000000000000         0.25632601E-03     -0.21533414E-14      0.17959968E-07     -0.88479784E-17
  396.000000000000         0.25634295E-03     -0.22278362E-14      0.16938624E-07     -0.74494817E-16
  398.000000000000         0.25635941E-03     -0.22051200E-14      0.16460114E-07      0.22716208E-16
  400.000000000000         0.25637750E-03     -0.22027541E-14      0.18086788E-07      0.23658604E-17
  402.000000000000         0.25639795E-03     -0.21395779E-14      0.20453133E-07      0.63176240E-16
  404.000000000000         0.25641835E-03     -0.21335283E-14      0.20398804E-07      0.60495706E-17
  406.000000000000         0.25643610E-03     -0.20808529E-14      0.17754451E-07      0.52675394E-16
  408.000000000000         0.25645131E-03     -0.21459322E-14      0.15207318E-07     -0.65079348E-16
  410.000000000000         0.25646552E-03     -0.22372395E-14      0.14210401E-07     -0.91307254E-16
  412.000000000000         0.25648037E-03     -0.21884992E-14      0.14848565E-07      0.48740279E-16
  414.000000000000         0.25649717E-03     -0.21298287E-14      0.16803246E-07      0.58670534E-16
  416.000000000000         0.25651455E-03     -0.21288870E-14      0.17379421E-07      0.94173251E-18
  418.000000000000         0.25652960E-03     -0.20934313E-14      0.15049191E-07      0.35455622E-16
  420.000000000000         0.25654204E-03     -0.21181128E-14      0.12442718E-07     -0.24681425E-16
  422.000000000000         0.25655368E-03     -0.21142102E-14      0.11642073E-07      0.39025991E-17
  424.000000000000         0.25656711E-03     -0.21022429E-14      0.13429347E-07      0.11967213E-16
  426.000000000000         0.25658333E-03     -0.20843104E-14      0.16212307E-07      0.17932573E-16
  428.000000000000         0.25660037E-03     -0.20396378E-14      0.17046079E-07      0.44672603E-16
  430.000000000000         0.25661630E-03     -0.20843177E-14      0.15929711E-07     -0.44679963E-16
  432.000000000000         0.25663079E-03     -0.21142179E-14      0.14485312E-07     -0.29900201E-16
  434.000000000000         0.25664420E-03     -0.21388632E-14      0.13410638E-07     -0.24645302E-16
  436.000000000000         0.25665890E-03     -0.21205786E-14      0.14705483E-07      0.18284685E-16
  438.000000000000         0.25667634E-03     -0.21397361E-14      0.17433011E-07     -0.19157540E-16
  440.000000000000         0.25669513E-03     -0.20474432E-14      0.18796152E-07      0.92292939E-16
  442.000000000000         0.25671333E-03     -0.20502701E-14      0.18200040E-07     -0.28269195E-17
  444.000000000000         0.25672967E-03     -0.20659950E-14      0.16339737E-07     -0.15724892E-16
  446.000000000000         0.25674414E-03     -0.20398607E-14      0.14464295E-07      0.26134306E-16
  448.000000000000         0.25675924E-03     -0.21628162E-14      0.15098737E-07     -0.12295557E-15
  450.000000000000         0.25677552E-03     -0.22139331E-14      0.16285404E-07     -0.51116903E-16
  452.000000000000         0.25679226E-03     -0.22130087E-14      0.16739551E-07      0.92438840E-18
  454.000000000000         0.25680850E-03     -0.21947049E-14      0.16244583E-07      0.18303818E-16
  456.000000000000         0.25682263E-03     -0.21562270E-14      0.14125290E-07      0.38477928E-16
  458.000000000000         0.25683474E-03     -0.22331366E-14      0.12114547E-07     -0.76909584E-16
  460.000000000000         0.25684657E-03     -0.22767950E-14      0.11828829E-07     -0.43658445E-16
  462.000000000000         0.25685881E-03     -0.21899043E-14      0.12239307E-07      0.86890744E-16
  464.000000000000         0.25687167E-03     -0.21991229E-14      0.12854952E-07     -0.92185896E-17
  466.000000000000         0.25688434E-03     -0.22237545E-14      0.12673215E-07     -0.24631592E-16
  468.000000000000         0.25689594E-03     -0.21968403E-14      0.11598881E-07      0.26914211E-16
  470.000000000000         0.25690691E-03     -0.22772753E-14      0.10975151E-07     -0.80435047E-16
  472.000000000000         0.25691786E-03     -0.23845490E-14      0.10946024E-07     -0.10727371E-15
  474.000000000000         0.25692923E-03     -0.24596158E-14      0.11364892E-07     -0.75066806E-16
  476.000000000000         0.25694148E-03     -0.24801547E-14      0.12251261E-07     -0.20538897E-16
  478.000000000000         0.25695442E-03     -0.25860861E-14      0.12938096E-07     -0.10593143E-15
  480.000000000000         0.25696792E-03     -0.26283679E-14      0.13500775E-07     -0.42281781E-16
  482.000000000000         0.25698229E-03     -0.26468120E-14      0.14371673E-07     -0.18444032E-16
  484.000000000000         0.25699725E-03     -0.26150864E-14      0.14957842E-07      0.31725531E-16
  486.000000000000         0.25701230E-03     -0.25857186E-14      0.15052063E-07      0.29367864E-16
  488.000000000000         0.25702717E-03     -0.26075154E-14      0.14876521E-07     -0.21796837E-16
  490.000000000000         0.25704212E-03     -0.26889900E-14      0.14947801E-07     -0.81474592E-16
  492.000000000000         0.25705757E-03     -0.26699599E-14      0.15452147E-07      0.19030056E-16
  494.000000000000         0.25707372E-03     -0.27325366E-14      0.16145648E-07     -0.62576679E-16
  496.000000000000         0.25708993E-03     -0.27536830E-14      0.16214563E-07     -0.21146439E-16
  498.000000000000         0.25710519E-03     -0.27322189E-14      0.15251424E-07      0.21464169E-16
  500.000000000000         0.25711887E-03     -0.27051909E-14      0.13684553E-07      0.27028005E-16
