 
 # six columns.
 # Omega (column 1); |pulse ft|^2 (2); cross section (Mb) (3); flux (column 5)
 
  0.0000      0.181428E-10      0.000000E+00      0.000000E+00     -0.304071E+00     -0.280863E-14
  0.0063      0.992347E-09     -0.150126E+07     -0.227676E-07     -0.184853E+00     -0.280342E-14
  0.0126      0.391764E-08     -0.190133E+06     -0.116248E-07     -0.462124E-01     -0.282543E-14
  0.0188      0.880204E-08     -0.564151E+05     -0.769128E-08     -0.205383E-01     -0.280006E-14
  0.0251      0.156590E-07     -0.237824E+05     -0.579263E-08     -0.115522E-01     -0.281375E-14
  0.0314      0.245072E-07     -0.121559E+05     -0.455781E-08     -0.739291E-02     -0.277195E-14
  0.0377      0.353708E-07     -0.701801E+04     -0.383518E-08     -0.513351E-02     -0.280535E-14
  0.0439      0.482795E-07     -0.440653E+04     -0.328405E-08     -0.377110E-02     -0.281048E-14
  0.0502      0.632683E-07     -0.294196E+04     -0.285273E-08     -0.288695E-02     -0.279940E-14
  0.0565      0.803778E-07     -0.205817E+04     -0.252788E-08     -0.228078E-02     -0.280128E-14
  0.0628      0.996540E-07     -0.149377E+04     -0.226566E-08     -0.184708E-02     -0.280153E-14
  0.0690      0.121149E-06     -0.111681E+04     -0.204470E-08     -0.152620E-02     -0.279423E-14
  0.0753      0.144919E-06     -0.855619E+03     -0.187503E-08     -0.128213E-02     -0.280969E-14
  0.0816      0.171028E-06     -0.669052E+03     -0.171269E-08     -0.109217E-02     -0.279582E-14
  0.0879      0.199544E-06     -0.532311E+03     -0.159074E-08     -0.941420E-03     -0.281330E-14
  0.0942      0.230543E-06     -0.429868E+03     -0.147279E-08     -0.819790E-03     -0.280871E-14
  0.1004      0.264104E-06     -0.351647E+03     -0.137314E-08     -0.720225E-03     -0.281239E-14
  0.1067      0.300314E-06     -0.290923E+03     -0.127961E-08     -0.637692E-03     -0.280486E-14
  0.1130      0.339265E-06     -0.243088E+03     -0.120050E-08     -0.568509E-03     -0.280760E-14
  0.1193      0.381057E-06     -0.204916E+03     -0.112622E-08     -0.509939E-03     -0.280264E-14
  0.1255      0.425793E-06     -0.174100E+03     -0.105791E-08     -0.459911E-03     -0.279462E-14
  0.1318      0.473586E-06     -0.148963E+03     -0.998609E-09     -0.416835E-03     -0.279435E-14
  0.1381      0.524552E-06     -0.128264E+03     -0.944141E-09     -0.379469E-03     -0.279325E-14
  0.1444      0.578816E-06     -0.111073E+03     -0.896239E-09     -0.346839E-03     -0.279861E-14
  0.1506      0.636508E-06     -0.966843E+02     -0.853829E-09     -0.318167E-03     -0.280977E-14
  0.1569      0.697766E-06     -0.845538E+02     -0.809848E-09     -0.292826E-03     -0.280466E-14
  0.1632      0.762734E-06     -0.742578E+02     -0.770949E-09     -0.270301E-03     -0.280628E-14
  0.1695      0.831562E-06     -0.654626E+02     -0.733718E-09     -0.250168E-03     -0.280393E-14
  0.1758      0.904409E-06     -0.579025E+02     -0.707017E-09     -0.232066E-03     -0.283363E-14
  0.1820      0.981440E-06     -0.513582E+02     -0.671750E-09     -0.215666E-03     -0.282085E-14
  0.1883      0.106283E-05     -0.456498E+02     -0.639434E-09     -0.200672E-03     -0.281089E-14
  0.1946      0.114875E-05     -0.405767E+02     -0.610752E-09     -0.186572E-03     -0.280825E-14
  0.2009      0.123939E-05     -0.358885E+02     -0.584932E-09     -0.172473E-03     -0.281107E-14
  0.2071      0.133496E-05     -0.302165E+02     -0.560058E-09     -0.151671E-03     -0.281120E-14
  0.2134      0.143564E-05     -0.230340E+02     -0.538365E-09     -0.120682E-03     -0.282065E-14
  0.2197      0.154164E-05     -0.179588E+02     -0.511587E-09     -0.981522E-04     -0.279603E-14
  0.2260      0.165320E-05     -0.150379E+02     -0.492564E-09     -0.856872E-04     -0.280668E-14
  0.2322      0.177052E-05     -0.104702E+02     -0.472229E-09     -0.621670E-04     -0.280388E-14
  0.2385      0.189385E-05     -0.577116E+01     -0.454335E-09     -0.356889E-04     -0.280961E-14
  0.2448      0.202343E-05     -0.234410E+01     -0.435950E-09     -0.150906E-04     -0.280651E-14
  0.2511      0.215950E-05      0.453901E+00     -0.419512E-09      0.304061E-05     -0.281024E-14
  0.2574      0.230232E-05      0.267059E+01     -0.403845E-09      0.186078E-04     -0.281387E-14
  0.2636      0.245216E-05      0.490040E+01     -0.388829E-09      0.355007E-04     -0.281685E-14
  0.2699      0.260928E-05      0.696400E+01     -0.373131E-09      0.524347E-04     -0.280945E-14
  0.2762      0.277398E-05      0.897019E+01     -0.359282E-09      0.701713E-04     -0.281056E-14
  0.2825      0.294655E-05      0.108764E+02     -0.345967E-09      0.883674E-04     -0.281088E-14
  0.2887      0.312727E-05      0.126224E+02     -0.333530E-09      0.106477E-03     -0.281352E-14
  0.2950      0.331647E-05      0.141766E+02     -0.320691E-09      0.124124E-03     -0.280784E-14
  0.3013      0.351445E-05      0.154069E+02     -0.308156E-09      0.139971E-03     -0.279958E-14
  0.3076      0.372154E-05      0.164601E+02     -0.296783E-09      0.155119E-03     -0.279687E-14
  0.3138      0.393807E-05      0.172825E+02     -0.286953E-09      0.168899E-03     -0.280434E-14
  0.3201      0.416438E-05      0.180662E+02     -0.277294E-09      0.183043E-03     -0.280949E-14
  0.3264      0.440082E-05      0.187379E+02     -0.267957E-09      0.196770E-03     -0.281386E-14
  0.3327      0.464775E-05      0.194162E+02     -0.258687E-09      0.211270E-03     -0.281481E-14
  0.3390      0.490554E-05      0.200185E+02     -0.249506E-09      0.225647E-03     -0.281243E-14
  0.3452      0.517456E-05      0.205906E+02     -0.240499E-09      0.240373E-03     -0.280758E-14
  0.3515      0.545519E-05      0.210870E+02     -0.232906E-09      0.254885E-03     -0.281520E-14
  0.3578      0.574782E-05      0.214974E+02     -0.225074E-09      0.268981E-03     -0.281617E-14
  0.3641      0.605285E-05      0.218492E+02     -0.217550E-09      0.282927E-03     -0.281708E-14
  0.3703      0.637069E-05      0.220891E+02     -0.210284E-09      0.295950E-03     -0.281739E-14
  0.3766      0.670175E-05      0.223148E+02     -0.203502E-09      0.309269E-03     -0.282041E-14
  0.3829      0.704646E-05      0.224302E+02     -0.196129E-09      0.321500E-03     -0.281118E-14
  0.3892      0.740524E-05      0.225731E+02     -0.190196E-09      0.334538E-03     -0.281875E-14
  0.3954      0.777853E-05      0.226127E+02     -0.183927E-09      0.346430E-03     -0.281779E-14
  0.4017      0.816678E-05      0.226998E+02     -0.177600E-09      0.359419E-03     -0.281204E-14
  0.4080      0.857044E-05      0.226939E+02     -0.171963E-09      0.371284E-03     -0.281341E-14
  0.4143      0.898997E-05      0.227358E+02     -0.166751E-09      0.384266E-03     -0.281832E-14
  0.4206      0.942583E-05      0.227033E+02     -0.161620E-09      0.396314E-03     -0.282128E-14
  0.4268      0.987850E-05      0.227023E+02     -0.155998E-09      0.409222E-03     -0.281195E-14
  0.4331      0.103484E-04      0.226532E+02     -0.151203E-09      0.421563E-03     -0.281380E-14
  0.4394      0.108362E-04      0.226106E+02     -0.146876E-09      0.434308E-03     -0.282120E-14
  0.4457      0.113421E-04      0.225599E+02     -0.142404E-09      0.447178E-03     -0.282271E-14
  0.4519      0.118669E-04      0.224817E+02     -0.137614E-09      0.459769E-03     -0.281432E-14
  0.4582      0.124109E-04      0.224461E+02     -0.133554E-09      0.473507E-03     -0.281735E-14
  0.4645      0.129746E-04      0.223460E+02     -0.129774E-09      0.486149E-03     -0.282329E-14
  0.4708      0.135586E-04      0.223603E+02     -0.125328E-09      0.501579E-03     -0.281131E-14
  0.4770      0.141634E-04      0.222670E+02     -0.121829E-09      0.514901E-03     -0.281716E-14
  0.4833      0.147895E-04      0.224110E+02     -0.117682E-09      0.534111E-03     -0.280467E-14
  0.4896      0.154375E-04      0.223948E+02     -0.114698E-09      0.549965E-03     -0.281673E-14
  0.4959      0.161077E-04      0.229612E+02     -0.111778E-09      0.580911E-03     -0.282795E-14
  0.5022      0.168009E-04      0.233370E+02     -0.108847E-09      0.608128E-03     -0.283638E-14
  0.5084      0.175175E-04      0.270702E+02     -0.105285E-09      0.726415E-03     -0.282527E-14
  0.5147      0.182580E-04      0.302839E+02     -0.101818E-09      0.836675E-03     -0.281302E-14
  0.5210      0.190230E-04      0.263081E+02     -0.998945E-10      0.748162E-03     -0.284085E-14
  0.5273      0.198130E-04      0.252440E+02     -0.964919E-10      0.738815E-03     -0.282402E-14
  0.5335      0.206285E-04      0.326431E+02     -0.931863E-10      0.982987E-03     -0.280613E-14
  0.5398      0.214702E-04      0.387182E+02     -0.920025E-10      0.119939E-02     -0.284999E-14
  0.5461      0.223384E-04      0.353397E+02     -0.886516E-10      0.112591E-02     -0.282440E-14
  0.5524      0.232338E-04      0.318763E+02     -0.873285E-10      0.104427E-02     -0.286088E-14
  0.5586      0.241569E-04      0.321643E+02     -0.843069E-10      0.108326E-02     -0.283936E-14
  0.5649      0.251082E-04      0.318535E+02     -0.831438E-10      0.110265E-02     -0.287812E-14
  0.5712      0.260882E-04      0.313090E+02     -0.803029E-10      0.111373E-02     -0.285655E-14
  0.5775      0.270976E-04      0.302830E+02     -0.792709E-10      0.110675E-02     -0.289710E-14
  0.5838      0.281367E-04      0.295634E+02     -0.749003E-10      0.110982E-02     -0.281177E-14
  0.5900      0.292061E-04      0.288125E+02     -0.723472E-10      0.111079E-02     -0.278916E-14
  0.5963      0.303063E-04      0.280932E+02     -0.714580E-10      0.111203E-02     -0.282858E-14
  0.6026      0.314379E-04      0.274195E+02     -0.691188E-10      0.111416E-02     -0.280857E-14
  0.6089      0.326014E-04      0.268204E+02     -0.683890E-10      0.111850E-02     -0.285205E-14
  0.6151      0.337971E-04      0.262877E+02     -0.659894E-10      0.112490E-02     -0.282380E-14
  0.6214      0.350257E-04      0.257635E+02     -0.652741E-10      0.113100E-02     -0.286549E-14
  0.6277      0.362876E-04      0.252674E+02     -0.631072E-10      0.113769E-02     -0.284148E-14
  0.6340      0.375833E-04      0.247691E+02     -0.623992E-10      0.114364E-02     -0.288110E-14
  0.6402      0.389132E-04      0.242719E+02     -0.604087E-10      0.114897E-02     -0.285958E-14
  0.6465      0.402778E-04      0.237693E+02     -0.584482E-10      0.115332E-02     -0.283600E-14
  0.6528      0.416776E-04      0.232800E+02     -0.578915E-10      0.115760E-02     -0.287867E-14
  0.6591      0.431129E-04      0.228005E+02     -0.558703E-10      0.116163E-02     -0.284646E-14
  0.6654      0.445843E-04      0.223491E+02     -0.553990E-10      0.116639E-02     -0.289124E-14
  0.6716      0.460920E-04      0.219102E+02     -0.524249E-10      0.117110E-02     -0.280212E-14
  0.6779      0.476366E-04      0.214982E+02     -0.520143E-10      0.117659E-02     -0.284674E-14
  0.6842      0.492184E-04      0.210896E+02     -0.503560E-10      0.118161E-02     -0.282137E-14
  0.6905      0.508377E-04      0.207039E+02     -0.487909E-10      0.118728E-02     -0.279795E-14
  0.6967      0.524950E-04      0.203136E+02     -0.484340E-10      0.119204E-02     -0.284218E-14
  0.7030      0.541906E-04      0.199457E+02     -0.469855E-10      0.119746E-02     -0.282082E-14
  0.7093      0.559247E-04      0.195693E+02     -0.466563E-10      0.120173E-02     -0.286511E-14
  0.7156      0.576977E-04      0.192185E+02     -0.451488E-10      0.120693E-02     -0.283535E-14
  0.7218      0.595099E-04      0.188584E+02     -0.448240E-10      0.121088E-02     -0.287812E-14
  0.7281      0.613616E-04      0.185255E+02     -0.434934E-10      0.121595E-02     -0.285476E-14
  0.7344      0.632531E-04      0.181827E+02     -0.432225E-10      0.121972E-02     -0.289943E-14
  0.7407      0.651845E-04      0.178671E+02     -0.418511E-10      0.122468E-02     -0.286864E-14
  0.7470      0.671560E-04      0.175436E+02     -0.406299E-10      0.122847E-02     -0.284505E-14
  0.7532      0.691680E-04      0.172450E+02     -0.404140E-10      0.123337E-02     -0.289043E-14
  0.7595      0.712204E-04      0.169395E+02     -0.383160E-10      0.123716E-02     -0.279838E-14
  0.7658      0.733136E-04      0.166542E+02     -0.381157E-10      0.124181E-02     -0.284207E-14
  0.7721      0.754477E-04      0.163659E+02     -0.369907E-10      0.124563E-02     -0.281540E-14
  0.7783      0.776227E-04      0.160920E+02     -0.368384E-10      0.124993E-02     -0.286137E-14
  0.7846      0.798387E-04      0.158196E+02     -0.357832E-10      0.125373E-02     -0.283589E-14
  0.7909      0.820958E-04      0.155545E+02     -0.357162E-10      0.125752E-02     -0.288750E-14
  0.7972      0.843941E-04      0.152963E+02     -0.346945E-10      0.126125E-02     -0.286072E-14
  0.8034      0.867335E-04      0.150388E+02     -0.336725E-10      0.126443E-02     -0.283112E-14
  0.8097      0.891141E-04      0.147931E+02     -0.335602E-10      0.126801E-02     -0.287666E-14
  0.8160      0.915357E-04      0.145413E+02     -0.326210E-10      0.127045E-02     -0.285004E-14
  0.8223      0.939985E-04      0.143060E+02     -0.325154E-10      0.127372E-02     -0.289498E-14
  0.8286      0.965021E-04      0.140599E+02     -0.316238E-10      0.127542E-02     -0.286869E-14
  0.8348      0.990467E-04      0.138335E+02     -0.315329E-10      0.127828E-02     -0.291379E-14
  0.8411      0.101632E-03      0.135940E+02     -0.306750E-10      0.127932E-02     -0.288680E-14
  0.8474      0.104258E-03      0.133765E+02     -0.306183E-10      0.128181E-02     -0.293401E-14
  0.8537      0.106924E-03      0.131465E+02     -0.290641E-10      0.128248E-02     -0.283530E-14
  0.8599      0.109630E-03      0.129389E+02     -0.282865E-10      0.128473E-02     -0.280863E-14
  0.8662      0.112376E-03      0.127226E+02     -0.282613E-10      0.128552E-02     -0.285557E-14
  0.8725      0.115162E-03      0.125267E+02     -0.275392E-10      0.128776E-02     -0.283107E-14
  0.8788      0.117986E-03      0.123283E+02     -0.274745E-10      0.128918E-02     -0.287303E-14
  0.8850      0.120850E-03      0.121477E+02     -0.267938E-10      0.129190E-02     -0.284950E-14
  0.8913      0.123752E-03      0.119767E+02     -0.267721E-10      0.129511E-02     -0.289504E-14
  0.8976      0.126693E-03      0.118223E+02     -0.260903E-10      0.129964E-02     -0.286815E-14
  0.9039      0.129671E-03      0.116947E+02     -0.254316E-10      0.130670E-02     -0.284159E-14
  0.9102      0.132686E-03      0.115845E+02     -0.254407E-10      0.131535E-02     -0.288864E-14
  0.9164      0.135738E-03      0.115231E+02     -0.248757E-10      0.132930E-02     -0.286967E-14
  0.9227      0.138826E-03      0.114916E+02     -0.248674E-10      0.134660E-02     -0.291401E-14
  0.9290      0.141950E-03      0.115378E+02     -0.242478E-10      0.137310E-02     -0.288571E-14
  0.9353      0.145109E-03      0.116434E+02     -0.243010E-10      0.140701E-02     -0.293656E-14
  0.9415      0.148302E-03      0.118451E+02     -0.230668E-10      0.145312E-02     -0.282977E-14
  0.9478      0.151529E-03      0.121409E+02     -0.231693E-10      0.151175E-02     -0.288495E-14
  0.9541      0.154790E-03      0.124431E+02     -0.226178E-10      0.157230E-02     -0.285796E-14
  0.9604      0.158082E-03      0.128275E+02     -0.220641E-10      0.164453E-02     -0.282868E-14
  0.9666      0.161406E-03      0.130300E+02     -0.222645E-10      0.169453E-02     -0.289547E-14
  0.9729      0.164761E-03      0.132886E+02     -0.216634E-10      0.175271E-02     -0.285731E-14
  0.9792      0.168146E-03      0.136147E+02     -0.218271E-10      0.182087E-02     -0.291921E-14
  0.9855      0.171561E-03      0.165345E+02     -0.213667E-10      0.224190E-02     -0.289710E-14
  0.9918      0.175003E-03      0.211514E+02     -0.220446E-10      0.290694E-02     -0.302969E-14
  0.9980      0.178473E-03      0.211930E+02     -0.213449E-10      0.295173E-02     -0.297288E-14
  1.0043      0.181970E-03      0.201398E+02     -0.217410E-10      0.284211E-02     -0.306808E-14
  1.0106      0.185492E-03      0.225056E+02     -0.212476E-10      0.321734E-02     -0.303750E-14
  1.0169      0.189039E-03      0.272094E+02     -0.207748E-10      0.393970E-02     -0.300801E-14
  1.0231      0.192609E-03      0.298897E+02     -0.217120E-10      0.438246E-02     -0.318343E-14
  1.0294      0.196202E-03      0.246123E+02     -0.191226E-10      0.365359E-02     -0.283866E-14
  1.0357      0.199816E-03      0.166145E+02     -0.194294E-10      0.249656E-02     -0.291954E-14
  1.0420      0.203451E-03      0.174359E+02     -0.198867E-10      0.265157E-02     -0.302427E-14
  1.0482      0.207105E-03      0.221283E+02     -0.183247E-10      0.340510E-02     -0.281979E-14
  1.0545      0.210777E-03      0.185949E+02     -0.187596E-10      0.289477E-02     -0.292041E-14
  1.0608      0.214466E-03      0.130110E+02     -0.188152E-10      0.204875E-02     -0.296269E-14
  1.0671      0.218170E-03      0.111842E+02     -0.176063E-10      0.178098E-02     -0.280364E-14
  1.0734      0.221889E-03      0.101760E+02     -0.177814E-10      0.163842E-02     -0.286294E-14
  1.0796      0.225621E-03      0.958618E+01     -0.179266E-10      0.156028E-02     -0.291780E-14
  1.0859      0.229365E-03      0.913070E+01     -0.180383E-10      0.150208E-02     -0.296746E-14
  1.0922      0.233120E-03      0.879676E+01     -0.171617E-10      0.146238E-02     -0.285297E-14
  1.0985      0.236884E-03      0.852710E+01     -0.172533E-10      0.143221E-02     -0.289786E-14
  1.1047      0.240656E-03      0.830357E+01     -0.173777E-10      0.140882E-02     -0.294838E-14
  1.1110      0.244434E-03      0.814562E+01     -0.174942E-10      0.139579E-02     -0.299771E-14
  1.1173      0.248218E-03      0.803448E+01     -0.167039E-10      0.139020E-02     -0.289027E-14
  1.1236      0.252005E-03      0.818961E+01     -0.168563E-10      0.143063E-02     -0.294458E-14
  1.1298      0.255795E-03      0.915367E+01     -0.171260E-10      0.161407E-02     -0.301983E-14
  1.1361      0.259585E-03      0.977703E+01     -0.162904E-10      0.173986E-02     -0.289894E-14
  1.1424      0.263375E-03      0.904906E+01     -0.164671E-10      0.162485E-02     -0.295684E-14
  1.1487      0.267163E-03      0.867812E+01     -0.166083E-10      0.157202E-02     -0.300855E-14
  1.1550      0.270947E-03      0.884798E+01     -0.168058E-10      0.161666E-02     -0.307068E-14
  1.1612      0.274727E-03      0.847428E+01     -0.149919E-10      0.156149E-02     -0.276244E-14
  1.1675      0.278499E-03      0.799115E+01     -0.151675E-10      0.148466E-02     -0.281795E-14
  1.1738      0.282264E-03      0.773578E+01     -0.153259E-10      0.144885E-02     -0.287043E-14
  1.1801      0.286019E-03      0.748156E+01     -0.146100E-10      0.141233E-02     -0.275799E-14
  1.1863      0.289762E-03      0.728101E+01     -0.147527E-10      0.138509E-02     -0.280646E-14
  1.1926      0.293493E-03      0.710098E+01     -0.149149E-10      0.136103E-02     -0.285872E-14
  1.1989      0.297209E-03      0.693979E+01     -0.150491E-10      0.133993E-02     -0.290566E-14
  1.2052      0.300909E-03      0.678719E+01     -0.144144E-10      0.131987E-02     -0.280310E-14
  1.2114      0.304592E-03      0.664341E+01     -0.145524E-10      0.130095E-02     -0.284972E-14
  1.2177      0.308256E-03      0.651319E+01     -0.147008E-10      0.128413E-02     -0.289840E-14
  1.2240      0.311898E-03      0.639237E+01     -0.140971E-10      0.126866E-02     -0.279778E-14
  1.2303      0.315519E-03      0.628237E+01     -0.142407E-10      0.125487E-02     -0.284451E-14
  1.2366      0.319115E-03      0.617890E+01     -0.143576E-10      0.124193E-02     -0.288582E-14
  1.2428      0.322685E-03      0.608208E+01     -0.144869E-10      0.122991E-02     -0.292951E-14
  1.2491      0.326229E-03      0.598764E+01     -0.139323E-10      0.121796E-02     -0.283400E-14
  1.2554      0.329743E-03      0.589756E+01     -0.140677E-10      0.120649E-02     -0.287791E-14
  1.2617      0.333227E-03      0.580834E+01     -0.141963E-10      0.119482E-02     -0.292030E-14
  1.2679      0.336679E-03      0.572396E+01     -0.143272E-10      0.118377E-02     -0.296302E-14
  1.2742      0.340098E-03      0.564105E+01     -0.137825E-10      0.117267E-02     -0.286511E-14
  1.2805      0.343481E-03      0.556403E+01     -0.139200E-10      0.116243E-02     -0.290816E-14
  1.2868      0.346827E-03      0.548926E+01     -0.140562E-10      0.115234E-02     -0.295076E-14
  1.2930      0.350134E-03      0.542050E+01     -0.135719E-10      0.114318E-02     -0.286229E-14
  1.2993      0.353402E-03      0.535724E+01     -0.137031E-10      0.113487E-02     -0.290284E-14
  1.3056      0.356628E-03      0.530195E+01     -0.138358E-10      0.112796E-02     -0.294350E-14
  1.3119      0.359811E-03      0.525769E+01     -0.139453E-10      0.112313E-02     -0.297895E-14
  1.3182      0.362949E-03      0.522915E+01     -0.134976E-10      0.112141E-02     -0.289460E-14
  1.3244      0.366041E-03      0.522842E+01     -0.136447E-10      0.112545E-02     -0.293710E-14
  1.3307      0.369085E-03      0.529333E+01     -0.137891E-10      0.114348E-02     -0.297874E-14
  1.3370      0.372080E-03      0.522191E+01     -0.133324E-10      0.113186E-02     -0.288983E-14
  1.3433      0.375025E-03      0.502534E+01     -0.128865E-10      0.109274E-02     -0.280212E-14
  1.3495      0.377917E-03      0.495463E+01     -0.130231E-10      0.108063E-02     -0.284039E-14
  1.3558      0.380755E-03      0.492696E+01     -0.131854E-10      0.107765E-02     -0.288398E-14
  1.3621      0.383539E-03      0.484088E+01     -0.127454E-10      0.106165E-02     -0.279518E-14
  1.3684      0.386266E-03      0.474043E+01     -0.128858E-10      0.104221E-02     -0.283302E-14
  1.3746      0.388935E-03      0.465885E+01     -0.130170E-10      0.102664E-02     -0.286847E-14
  1.3809      0.391545E-03      0.458819E+01     -0.126407E-10      0.101323E-02     -0.279150E-14
  1.3872      0.394095E-03      0.451430E+01     -0.127762E-10      0.998862E-03     -0.282695E-14
  1.3935      0.396582E-03      0.444000E+01     -0.129186E-10      0.984170E-03     -0.286354E-14
  1.3998      0.399007E-03      0.436496E+01     -0.130518E-10      0.969087E-03     -0.289769E-14
  1.4060      0.401367E-03      0.429332E+01     -0.126892E-10      0.954540E-03     -0.282120E-14
  1.4123      0.403662E-03      0.422221E+01     -0.128417E-10      0.939899E-03     -0.285866E-14
  1.4186      0.405889E-03      0.415233E+01     -0.129566E-10      0.925333E-03     -0.288734E-14
  1.4249      0.408049E-03      0.408427E+01     -0.130897E-10      0.910978E-03     -0.291959E-14
  1.4311      0.410140E-03      0.401785E+01     -0.127614E-10      0.896805E-03     -0.284842E-14
  1.4374      0.412161E-03      0.395417E+01     -0.129014E-10      0.883067E-03     -0.288121E-14
  1.4437      0.414110E-03      0.389152E+01     -0.130591E-10      0.869389E-03     -0.291748E-14
  1.4500      0.415987E-03      0.383181E+01     -0.126001E-10      0.856206E-03     -0.281546E-14
  1.4562      0.417791E-03      0.377253E+01     -0.127783E-10      0.842966E-03     -0.285530E-14
  1.4625      0.419520E-03      0.371586E+01     -0.129644E-10      0.830164E-03     -0.289639E-14
  1.4688      0.421175E-03      0.365938E+01     -0.131087E-10      0.817260E-03     -0.292762E-14
  1.4751      0.422753E-03      0.360568E+01     -0.128271E-10      0.804846E-03     -0.286322E-14
  1.4814      0.424254E-03      0.355255E+01     -0.129666E-10      0.792431E-03     -0.289233E-14
  1.4876      0.425678E-03      0.350342E+01     -0.130933E-10      0.780786E-03     -0.291802E-14
  1.4939      0.427023E-03      0.345478E+01     -0.128393E-10      0.769131E-03     -0.285839E-14
  1.5002      0.428288E-03      0.340472E+01     -0.129765E-10      0.757053E-03     -0.288539E-14
  1.5065      0.429474E-03      0.335246E+01     -0.131103E-10      0.744381E-03     -0.291103E-14
  1.5127      0.430579E-03      0.330334E+01     -0.132373E-10      0.732311E-03     -0.293456E-14
  1.5190      0.431603E-03      0.325605E+01     -0.126314E-10      0.720555E-03     -0.279529E-14
  1.5253      0.432545E-03      0.321094E+01     -0.127691E-10      0.709192E-03     -0.282028E-14
  1.5316      0.433404E-03      0.316782E+01     -0.129325E-10      0.698186E-03     -0.285031E-14
  1.5378      0.434181E-03      0.312653E+01     -0.130661E-10      0.687502E-03     -0.287314E-14
  1.5441      0.434874E-03      0.308681E+01     -0.128459E-10      0.677087E-03     -0.281773E-14
  1.5504      0.435484E-03      0.304837E+01     -0.129888E-10      0.666884E-03     -0.284153E-14
  1.5567      0.436010E-03      0.301193E+01     -0.131249E-10      0.657046E-03     -0.286316E-14
  1.5630      0.436451E-03      0.297756E+01     -0.129366E-10      0.647594E-03     -0.281361E-14
  1.5692      0.436808E-03      0.294436E+01     -0.130815E-10      0.638333E-03     -0.283606E-14
  1.5755      0.437079E-03      0.291108E+01     -0.132245E-10      0.628995E-03     -0.285741E-14
  1.5818      0.437266E-03      0.287885E+01     -0.133806E-10      0.619827E-03     -0.288089E-14
  1.5881      0.437367E-03      0.284713E+01     -0.132092E-10      0.610717E-03     -0.283340E-14
  1.5943      0.437383E-03      0.281645E+01     -0.133484E-10      0.601780E-03     -0.285210E-14
  1.6006      0.437314E-03      0.278466E+01     -0.135053E-10      0.592560E-03     -0.287384E-14
  1.6069      0.437159E-03      0.275346E+01     -0.133420E-10      0.583425E-03     -0.282700E-14
  1.6132      0.436919E-03      0.272049E+01     -0.134963E-10      0.573881E-03     -0.284701E-14
  1.6194      0.436594E-03      0.268616E+01     -0.136498E-10      0.564023E-03     -0.286609E-14
  1.6257      0.436184E-03      0.264980E+01     -0.138108E-10      0.553720E-03     -0.288598E-14
  1.6320      0.435688E-03      0.261302E+01     -0.136481E-10      0.543316E-03     -0.283779E-14
  1.6383      0.435108E-03      0.257469E+01     -0.138255E-10      0.532585E-03     -0.285985E-14
  1.6446      0.434444E-03      0.253617E+01     -0.139887E-10      0.521817E-03     -0.287818E-14
  1.6508      0.433695E-03      0.249689E+01     -0.138679E-10      0.510900E-03     -0.283757E-14
  1.6571      0.432863E-03      0.245743E+01     -0.140415E-10      0.499958E-03     -0.285671E-14
  1.6634      0.431947E-03      0.242010E+01     -0.141976E-10      0.489468E-03     -0.287148E-14
  1.6697      0.430948E-03      0.238429E+01     -0.143770E-10      0.479302E-03     -0.289013E-14
  1.6759      0.429867E-03      0.234645E+01     -0.142700E-10      0.468749E-03     -0.285072E-14
  1.6822      0.428704E-03      0.230923E+01     -0.144357E-10      0.458349E-03     -0.286528E-14
  1.6885      0.427460E-03      0.227271E+01     -0.146031E-10      0.448120E-03     -0.287934E-14
  1.6948      0.426134E-03      0.223711E+01     -0.147835E-10      0.438103E-03     -0.289512E-14
  1.7010      0.424729E-03      0.220233E+01     -0.144572E-10      0.428283E-03     -0.281147E-14
  1.7073      0.423244E-03      0.216851E+01     -0.146401E-10      0.418688E-03     -0.282665E-14
  1.7136      0.421681E-03      0.213576E+01     -0.148066E-10      0.409336E-03     -0.283782E-14
  1.7199      0.420039E-03      0.210427E+01     -0.147548E-10      0.400266E-03     -0.280659E-14
  1.7261      0.418321E-03      0.207347E+01     -0.149562E-10      0.391365E-03     -0.282296E-14
  1.7324      0.416526E-03      0.204276E+01     -0.151469E-10      0.382522E-03     -0.283638E-14
  1.7387      0.414656E-03      0.201253E+01     -0.153340E-10      0.373815E-03     -0.284820E-14
  1.7450      0.412712E-03      0.198283E+01     -0.153102E-10      0.365252E-03     -0.282025E-14
  1.7513      0.410694E-03      0.195295E+01     -0.155080E-10      0.356707E-03     -0.283253E-14
  1.7575      0.408603E-03      0.192322E+01     -0.157021E-10      0.348240E-03     -0.284321E-14
  1.7638      0.406441E-03      0.189750E+01     -0.157247E-10      0.340549E-03     -0.282215E-14
  1.7701      0.404209E-03      0.187285E+01     -0.159083E-10      0.333094E-03     -0.282936E-14
  1.7764      0.401908E-03      0.184724E+01     -0.161191E-10      0.325515E-03     -0.284045E-14
  1.7826      0.399538E-03      0.182241E+01     -0.163373E-10      0.318121E-03     -0.285186E-14
  1.7889      0.397102E-03      0.179856E+01     -0.163486E-10      0.310949E-03     -0.282646E-14
  1.7952      0.394600E-03      0.177473E+01     -0.165717E-10      0.303830E-03     -0.283703E-14
  1.8015      0.392033E-03      0.175120E+01     -0.167991E-10      0.296813E-03     -0.284730E-14
  1.8077      0.389403E-03      0.172781E+01     -0.168285E-10      0.289874E-03     -0.282332E-14
  1.8140      0.386711E-03      0.170516E+01     -0.170615E-10      0.283113E-03     -0.283278E-14
  1.8203      0.383958E-03      0.168275E+01     -0.173088E-10      0.276448E-03     -0.284354E-14
  1.8266      0.381146E-03      0.166129E+01     -0.175413E-10      0.269993E-03     -0.285080E-14
  1.8329      0.378276E-03      0.164059E+01     -0.176156E-10      0.263713E-03     -0.283158E-14
  1.8391      0.375350E-03      0.162181E+01     -0.178338E-10      0.257795E-03     -0.283478E-14
  1.8454      0.372368E-03      0.160374E+01     -0.181285E-10      0.252038E-03     -0.284901E-14
  1.8517      0.369333E-03      0.158498E+01     -0.183922E-10      0.246222E-03     -0.285717E-14
  1.8580      0.366245E-03      0.156534E+01     -0.184713E-10      0.240324E-03     -0.283585E-14
  1.8642      0.363107E-03      0.154639E+01     -0.187417E-10      0.234587E-03     -0.284310E-14
  1.8705      0.359919E-03      0.152790E+01     -0.190275E-10      0.228977E-03     -0.285153E-14
  1.8768      0.356684E-03      0.151023E+01     -0.189701E-10      0.223544E-03     -0.280795E-14
  1.8831      0.353402E-03      0.149321E+01     -0.192709E-10      0.218261E-03     -0.281680E-14
  1.8893      0.350076E-03      0.147721E+01     -0.195384E-10      0.213180E-03     -0.281962E-14
  1.8956      0.346706E-03      0.146236E+01     -0.198711E-10      0.208313E-03     -0.283064E-14
  1.9019      0.343295E-03      0.144972E+01     -0.200135E-10      0.203805E-03     -0.281355E-14
  1.9082      0.339844E-03      0.143927E+01     -0.203386E-10      0.199643E-03     -0.282120E-14
  1.9145      0.336354E-03      0.142836E+01     -0.206485E-10      0.195452E-03     -0.282549E-14
  1.9207      0.332828E-03      0.141439E+01     -0.208595E-10      0.190887E-03     -0.281520E-14
  1.9270      0.329266E-03      0.139989E+01     -0.212307E-10      0.186299E-03     -0.282540E-14
  1.9333      0.325671E-03      0.138671E+01     -0.217910E-10      0.181937E-03     -0.285899E-14
  1.9396      0.322044E-03      0.137400E+01     -0.220335E-10      0.177685E-03     -0.284936E-14
  1.9458      0.318387E-03      0.136186E+01     -0.221508E-10      0.173554E-03     -0.282287E-14
  1.9521      0.314701E-03      0.134980E+01     -0.225003E-10      0.169478E-03     -0.282509E-14
  1.9584      0.310988E-03      0.133859E+01     -0.228910E-10      0.165556E-03     -0.283114E-14
  1.9647      0.307250E-03      0.132938E+01     -0.232700E-10      0.161921E-03     -0.283433E-14
  1.9709      0.303488E-03      0.132678E+01     -0.235522E-10      0.159117E-03     -0.282455E-14
  1.9772      0.299704E-03      0.131492E+01     -0.239396E-10      0.155234E-03     -0.282622E-14
  1.9835      0.295899E-03      0.128602E+01     -0.243654E-10      0.149421E-03     -0.283099E-14
  1.9898      0.292076E-03      0.126606E+01     -0.246551E-10      0.144743E-03     -0.281871E-14
  1.9961      0.288236E-03      0.126148E+01     -0.251129E-10      0.141875E-03     -0.282439E-14
  2.0023      0.284380E-03      0.126286E+01     -0.255725E-10      0.139692E-03     -0.282871E-14
  2.0086      0.280510E-03      0.126107E+01     -0.260703E-10      0.137166E-03     -0.283564E-14
  2.0149      0.276628E-03      0.124978E+01     -0.263932E-10      0.133638E-03     -0.282221E-14
  2.0212      0.272735E-03      0.123800E+01     -0.268868E-10      0.130110E-03     -0.282573E-14
  2.0274      0.268833E-03      0.125002E+01     -0.274082E-10      0.129093E-03     -0.283053E-14
  2.0337      0.264924E-03      0.127548E+01     -0.278049E-10      0.129407E-03     -0.282101E-14
  2.0400      0.261009E-03      0.124591E+01     -0.283461E-10      0.124156E-03     -0.282470E-14
  2.0463      0.257090E-03      0.118167E+01     -0.289104E-10      0.115630E-03     -0.282897E-14
  2.0525      0.253167E-03      0.114540E+01     -0.293323E-10      0.110033E-03     -0.281782E-14
  2.0588      0.249244E-03      0.113279E+01     -0.297719E-10      0.106809E-03     -0.280714E-14
  2.0651      0.245321E-03      0.114161E+01     -0.305161E-10      0.105624E-03     -0.282342E-14
  2.0714      0.241400E-03      0.115092E+01     -0.310319E-10      0.104466E-03     -0.281669E-14
  2.0777      0.237482E-03      0.112213E+01     -0.315519E-10      0.998975E-04     -0.280890E-14
  2.0839      0.233569E-03      0.108067E+01     -0.323462E-10      0.943360E-04     -0.282364E-14
  2.0902      0.229663E-03      0.108878E+01     -0.329096E-10      0.931736E-04     -0.281628E-14
  2.0965      0.225764E-03      0.110546E+01     -0.334862E-10      0.927169E-04     -0.280854E-14
  2.1028      0.221875E-03      0.106398E+01     -0.343551E-10      0.874385E-04     -0.282332E-14
  2.1090      0.217996E-03      0.101108E+01     -0.350173E-10      0.813958E-04     -0.281901E-14
  2.1153      0.214129E-03      0.983067E+00     -0.356805E-10      0.775059E-04     -0.281308E-14
  2.1216      0.210275E-03      0.964287E+00     -0.365393E-10      0.744361E-04     -0.282058E-14
  2.1279      0.206436E-03      0.947487E+00     -0.372332E-10      0.715922E-04     -0.281335E-14
  2.1341      0.202613E-03      0.930946E+00     -0.379806E-10      0.688367E-04     -0.280839E-14
  2.1404      0.198807E-03      0.915835E+00     -0.389492E-10      0.662525E-04     -0.281763E-14
  2.1467      0.195020E-03      0.902543E+00     -0.397857E-10      0.638600E-04     -0.281506E-14
  2.1530      0.191253E-03      0.891105E+00     -0.408026E-10      0.616524E-04     -0.282299E-14
  2.1593      0.187507E-03      0.881145E+00     -0.416584E-10      0.595954E-04     -0.281753E-14
  2.1655      0.183783E-03      0.871415E+00     -0.425222E-10      0.575994E-04     -0.281067E-14
  2.1718      0.180083E-03      0.862629E+00     -0.436629E-10      0.557091E-04     -0.281978E-14
  2.1781      0.176407E-03      0.858078E+00     -0.446459E-10      0.541276E-04     -0.281627E-14
  2.1844      0.172756E-03      0.852189E+00     -0.456593E-10      0.524925E-04     -0.281248E-14
  2.1906      0.169133E-03      0.839037E+00     -0.469173E-10      0.504533E-04     -0.282125E-14
  2.1969      0.165537E-03      0.826599E+00     -0.479867E-10      0.485097E-04     -0.281614E-14
  2.2032      0.161970E-03      0.816622E+00     -0.490736E-10      0.467579E-04     -0.280984E-14
  2.2095      0.158433E-03      0.805540E+00     -0.504362E-10      0.449879E-04     -0.281677E-14
  2.2157      0.154926E-03      0.795237E+00     -0.516706E-10      0.433066E-04     -0.281385E-14
  2.2220      0.151452E-03      0.785298E+00     -0.531186E-10      0.416881E-04     -0.281984E-14
  2.2283      0.148010E-03      0.775610E+00     -0.544509E-10      0.401247E-04     -0.281692E-14
  2.2346      0.144601E-03      0.767515E+00     -0.558019E-10      0.386826E-04     -0.281241E-14
  2.2409      0.141227E-03      0.760596E+00     -0.573326E-10      0.373346E-04     -0.281422E-14
  2.2471      0.137888E-03      0.754073E+00     -0.588500E-10      0.360383E-04     -0.281253E-14
  2.2534      0.134585E-03      0.746303E+00     -0.604396E-10      0.347156E-04     -0.281145E-14
  2.2597      0.131319E-03      0.736634E+00     -0.622481E-10      0.333414E-04     -0.281746E-14
  2.2660      0.128090E-03      0.726444E+00     -0.639045E-10      0.319828E-04     -0.281349E-14
  2.2722      0.124899E-03      0.717355E+00     -0.656986E-10      0.307108E-04     -0.281264E-14
  2.2785      0.121747E-03      0.709258E+00     -0.676445E-10      0.295164E-04     -0.281508E-14
  2.2848      0.118634E-03      0.700841E+00     -0.696782E-10      0.283424E-04     -0.281782E-14
  2.2911      0.115562E-03      0.693447E+00     -0.715782E-10      0.272422E-04     -0.281196E-14
  2.2973      0.112530E-03      0.686012E+00     -0.737814E-10      0.261713E-04     -0.281475E-14
  2.3036      0.109539E-03      0.678557E+00     -0.759380E-10      0.251301E-04     -0.281234E-14
  2.3099      0.106589E-03      0.671309E+00     -0.783711E-10      0.241265E-04     -0.281662E-14
  2.3162      0.103682E-03      0.664087E+00     -0.806814E-10      0.231531E-04     -0.281292E-14
  2.3225      0.100817E-03      0.656446E+00     -0.830213E-10      0.221941E-04     -0.280691E-14
  2.3287      0.979950E-04      0.649259E+00     -0.857109E-10      0.212792E-04     -0.280914E-14
  2.3350      0.952163E-04      0.642083E+00     -0.883331E-10      0.203923E-04     -0.280542E-14
  2.3413      0.924811E-04      0.634776E+00     -0.912482E-10      0.195286E-04     -0.280721E-14
  2.3476      0.897899E-04      0.629398E+00     -0.943345E-10      0.187494E-04     -0.281018E-14
  2.3538      0.871430E-04      0.624060E+00     -0.973836E-10      0.179943E-04     -0.280798E-14
  2.3601      0.845404E-04      0.617729E+00     -0.100660E-09      0.172338E-04     -0.280829E-14
  2.3664      0.819826E-04      0.611651E+00     -0.104162E-09      0.165040E-04     -0.281059E-14
  2.3727      0.794696E-04      0.605403E+00     -0.107567E-09      0.157929E-04     -0.280605E-14
  2.3789      0.770017E-04      0.599414E+00     -0.111531E-09      0.151111E-04     -0.281165E-14
  2.3852      0.745789E-04      0.593896E+00     -0.115412E-09      0.144627E-04     -0.281054E-14
  2.3915      0.722015E-04      0.587839E+00     -0.119472E-09      0.138225E-04     -0.280927E-14
  2.3978      0.698694E-04      0.580748E+00     -0.123927E-09      0.131801E-04     -0.281252E-14
  2.4041      0.675827E-04      0.572081E+00     -0.128505E-09      0.125257E-04     -0.281360E-14
  2.4103      0.653414E-04      0.565465E+00     -0.133519E-09      0.119390E-04     -0.281907E-14
  2.4166      0.631456E-04      0.560847E+00     -0.137013E-09      0.114139E-04     -0.278837E-14
  2.4229      0.609951E-04      0.552796E+00     -0.142892E-09      0.108388E-04     -0.280170E-14
  2.4292      0.588900E-04      0.543298E+00     -0.148535E-09      0.102583E-04     -0.280457E-14
  2.4354      0.568302E-04      0.533944E+00     -0.154579E-09      0.970399E-05     -0.280934E-14
  2.4417      0.548155E-04      0.524390E+00     -0.160637E-09      0.916886E-05     -0.280870E-14
  2.4480      0.528458E-04      0.515806E+00     -0.167035E-09      0.867239E-05     -0.280840E-14
  2.4543      0.509210E-04      0.507726E+00     -0.173766E-09      0.820458E-05     -0.280796E-14
  2.4605      0.490409E-04      0.499979E+00     -0.181020E-09      0.776124E-05     -0.281000E-14
  2.4668      0.472052E-04      0.492205E+00     -0.188432E-09      0.733585E-05     -0.280840E-14
  2.4731      0.454138E-04      0.485087E+00     -0.196459E-09      0.693774E-05     -0.280977E-14
  2.4794      0.436664E-04      0.475964E+00     -0.204755E-09      0.652877E-05     -0.280861E-14
  2.4857      0.419628E-04      0.465689E+00     -0.213712E-09      0.612310E-05     -0.280999E-14
  2.4919      0.403025E-04      0.456296E+00     -0.223040E-09      0.574772E-05     -0.280952E-14
  2.4982      0.386854E-04      0.447085E+00     -0.233240E-09      0.539214E-05     -0.281303E-14
  2.5045      0.371111E-04      0.437798E+00     -0.243454E-09      0.505256E-05     -0.280966E-14
  2.5108      0.355792E-04      0.428435E+00     -0.254149E-09      0.472855E-05     -0.280499E-14
  2.5170      0.340894E-04      0.419200E+00     -0.266279E-09      0.442184E-05     -0.280879E-14
  2.5233      0.326413E-04      0.409892E+00     -0.278923E-09      0.412968E-05     -0.281017E-14
  2.5296      0.312344E-04      0.400805E+00     -0.292130E-09      0.385451E-05     -0.280938E-14
  2.5359      0.298684E-04      0.390903E+00     -0.306259E-09      0.358597E-05     -0.280948E-14
  2.5421      0.285428E-04      0.380463E+00     -0.321063E-09      0.332706E-05     -0.280763E-14
  2.5484      0.272572E-04      0.369993E+00     -0.337411E-09      0.308216E-05     -0.281075E-14
  2.5547      0.260111E-04      0.358274E+00     -0.354196E-09      0.284109E-05     -0.280876E-14
  2.5610      0.248039E-04      0.345742E+00     -0.372186E-09      0.260807E-05     -0.280755E-14
  2.5673      0.236353E-04      0.333357E+00     -0.391657E-09      0.239031E-05     -0.280834E-14
  2.5735      0.225047E-04      0.320806E+00     -0.412613E-09      0.218494E-05     -0.281021E-14
  2.5798      0.214115E-04      0.307636E+00     -0.434594E-09      0.198861E-05     -0.280929E-14
  2.5861      0.203553E-04      0.293969E+00     -0.458004E-09      0.180214E-05     -0.280773E-14
  2.5924      0.193354E-04      0.279418E+00     -0.483065E-09      0.162317E-05     -0.280619E-14
  2.5986      0.183514E-04      0.264458E+00     -0.510481E-09      0.145456E-05     -0.280773E-14
  2.6049      0.174026E-04      0.249221E+00     -0.539810E-09      0.129676E-05     -0.280876E-14
  2.6112      0.164885E-04      0.232830E+00     -0.571095E-09      0.114508E-05     -0.280869E-14
  2.6175      0.156085E-04      0.215462E+00     -0.604816E-09      0.100070E-05     -0.280902E-14
  2.6237      0.147620E-04      0.197215E+00     -0.641056E-09      0.864203E-06     -0.280913E-14
  2.6300      0.139483E-04      0.177426E+00     -0.679572E-09      0.732879E-06     -0.280706E-14
  2.6363      0.131670E-04      0.156280E+00     -0.721921E-09      0.607919E-06     -0.280823E-14
  2.6426      0.124173E-04      0.133652E+00     -0.767954E-09      0.489131E-06     -0.281052E-14
  2.6489      0.116986E-04      0.109792E+00     -0.816994E-09      0.377658E-06     -0.281026E-14
  2.6551      0.110103E-04      0.843799E-01     -0.869712E-09      0.272524E-06     -0.280893E-14
  2.6614      0.103518E-04      0.569305E-01     -0.927186E-09      0.172465E-06     -0.280881E-14
  2.6677      0.972238E-05      0.276770E-01     -0.989942E-09      0.785613E-07     -0.280996E-14
  2.6740      0.912146E-05     -0.435102E-02     -0.105737E-08     -0.115599E-07     -0.280924E-14
  2.6802      0.854838E-05     -0.389509E-01     -0.113010E-08     -0.967565E-07     -0.280724E-14
  2.6865      0.800247E-05     -0.760195E-01     -0.121000E-08     -0.176365E-06     -0.280720E-14
  2.6928      0.748310E-05     -0.117014E+00     -0.129767E-08     -0.253261E-06     -0.280863E-14
  2.6991      0.698961E-05     -0.161265E+00     -0.139234E-08     -0.325260E-06     -0.280825E-14
  2.7053      0.652133E-05     -0.208585E+00     -0.149623E-08     -0.391606E-06     -0.280907E-14
  2.7116      0.607762E-05     -0.260836E+00     -0.160926E-08     -0.455328E-06     -0.280920E-14
  2.7179      0.565782E-05     -0.318108E+00     -0.173037E-08     -0.515754E-06     -0.280548E-14
  2.7242      0.526127E-05     -0.380758E+00     -0.186728E-08     -0.572740E-06     -0.280878E-14
  2.7305      0.488732E-05     -0.448898E+00     -0.201336E-08     -0.625801E-06     -0.280679E-14
  2.7367      0.453532E-05     -0.523680E+00     -0.217547E-08     -0.675918E-06     -0.280789E-14
  2.7430      0.420460E-05     -0.605053E+00     -0.235223E-08     -0.722344E-06     -0.280821E-14
  2.7493      0.389453E-05     -0.694375E+00     -0.254623E-08     -0.766093E-06     -0.280921E-14
  2.7556      0.360444E-05     -0.791964E+00     -0.275782E-08     -0.806837E-06     -0.280961E-14
  2.7618      0.333371E-05     -0.898777E+00     -0.298926E-08     -0.844955E-06     -0.281025E-14
  2.7681      0.308168E-05     -0.101566E+01     -0.324247E-08     -0.880649E-06     -0.281145E-14
  2.7744      0.284772E-05     -0.114330E+01     -0.351819E-08     -0.913989E-06     -0.281256E-14
  2.7807      0.263119E-05     -0.128222E+01     -0.380880E-08     -0.944973E-06     -0.280700E-14
  2.7869      0.243147E-05     -0.143355E+01     -0.413313E-08     -0.974104E-06     -0.280848E-14
  2.7932      0.224793E-05     -0.159724E+01     -0.448173E-08     -0.100115E-05     -0.280915E-14
  2.7995      0.207995E-05     -0.177398E+01     -0.485190E-08     -0.102653E-05     -0.280761E-14
  2.8058      0.192692E-05     -0.196152E+01     -0.525106E-08     -0.104919E-05     -0.280874E-14
  2.8121      0.178824E-05     -0.216054E+01     -0.567051E-08     -0.107008E-05     -0.280851E-14
  2.8183      0.166329E-05     -0.236984E+01     -0.611226E-08     -0.108930E-05     -0.280952E-14
  2.8246      0.155150E-05     -0.258528E+01     -0.656526E-08     -0.110599E-05     -0.280865E-14
  2.8309      0.145226E-05     -0.281038E+01     -0.702964E-08     -0.112290E-05     -0.280872E-14
  2.8372      0.136501E-05     -0.303953E+01     -0.749664E-08     -0.113896E-05     -0.280912E-14
  2.8434      0.128916E-05     -0.326567E+01     -0.795089E-08     -0.115315E-05     -0.280757E-14
  2.8497      0.122416E-05     -0.348585E+01     -0.840124E-08     -0.116626E-05     -0.281081E-14
  2.8560      0.116944E-05     -0.369397E+01     -0.882240E-08     -0.117806E-05     -0.281359E-14
  2.8623      0.112447E-05     -0.388435E+01     -0.917606E-08     -0.118852E-05     -0.280766E-14
  2.8685      0.108869E-05     -0.405399E+01     -0.949927E-08     -0.119834E-05     -0.280793E-14
  2.8748      0.106159E-05     -0.419737E+01     -0.976632E-08     -0.120719E-05     -0.280886E-14
  2.8811      0.104264E-05     -0.431192E+01     -0.995823E-08     -0.121535E-05     -0.280680E-14
  2.8874      0.103133E-05     -0.439330E+01     -0.100933E-07     -0.122219E-05     -0.280788E-14
  2.8937      0.102716E-05     -0.444301E+01     -0.101128E-07     -0.122835E-05     -0.279586E-14
  2.8999      0.102963E-05     -0.446112E+01     -0.102524E-07     -0.123364E-05     -0.283512E-14
  2.9062      0.103827E-05     -0.445166E+01     -0.101480E-07     -0.123867E-05     -0.282368E-14
  2.9125      0.105260E-05     -0.441618E+01     -0.998900E-08     -0.124308E-05     -0.281172E-14
  2.9188      0.107216E-05     -0.435989E+01     -0.982029E-08     -0.124735E-05     -0.280955E-14
  2.9250      0.109650E-05     -0.428530E+01     -0.962609E-08     -0.125115E-05     -0.281047E-14
  2.9313      0.112518E-05     -0.419653E+01     -0.939632E-08     -0.125459E-05     -0.280913E-14
  2.9376      0.115778E-05     -0.409574E+01     -0.915062E-08     -0.125724E-05     -0.280891E-14
  2.9439      0.119387E-05     -0.398629E+01     -0.890253E-08     -0.125910E-05     -0.281194E-14
  2.9501      0.123306E-05     -0.387358E+01     -0.862561E-08     -0.126097E-05     -0.280790E-14
  2.9564      0.127493E-05     -0.376061E+01     -0.836466E-08     -0.126308E-05     -0.280945E-14
  2.9627      0.131912E-05     -0.364602E+01     -0.810142E-08     -0.126435E-05     -0.280938E-14
  2.9690      0.136525E-05     -0.353492E+01     -0.784375E-08     -0.126601E-05     -0.280919E-14
  2.9753      0.141295E-05     -0.342887E+01     -0.759187E-08     -0.126826E-05     -0.280805E-14
  2.9815      0.146189E-05     -0.332467E+01     -0.737791E-08     -0.126963E-05     -0.281749E-14
  2.9878      0.151173E-05     -0.322294E+01     -0.713234E-08     -0.127007E-05     -0.281065E-14
  2.9941      0.156214E-05     -0.312744E+01     -0.690975E-08     -0.127086E-05     -0.280783E-14
  3.0004      0.161281E-05     -0.303939E+01     -0.670913E-08     -0.127248E-05     -0.280885E-14
  3.0066      0.166345E-05     -0.295615E+01     -0.651746E-08     -0.127381E-05     -0.280840E-14
  3.0129      0.171376E-05     -0.287753E+01     -0.634100E-08     -0.127478E-05     -0.280913E-14
  3.0192      0.176347E-05     -0.280290E+01     -0.617436E-08     -0.127508E-05     -0.280880E-14
  3.0255      0.181232E-05     -0.273470E+01     -0.601905E-08     -0.127586E-05     -0.280817E-14
  3.0317      0.186007E-05     -0.267427E+01     -0.586887E-08     -0.127789E-05     -0.280442E-14
  3.0380      0.190647E-05     -0.261786E+01     -0.574901E-08     -0.127949E-05     -0.280985E-14
  3.0443      0.195130E-05     -0.256443E+01     -0.562321E-08     -0.128021E-05     -0.280720E-14
  3.0506      0.199435E-05     -0.251597E+01     -0.551708E-08     -0.128109E-05     -0.280920E-14
  3.0569      0.203543E-05     -0.247164E+01     -0.541448E-08     -0.128180E-05     -0.280796E-14
  3.0631      0.207435E-05     -0.243102E+01     -0.532435E-08     -0.128220E-05     -0.280825E-14
  3.0694      0.211094E-05     -0.239621E+01     -0.524266E-08     -0.128351E-05     -0.280818E-14
  3.0757      0.214503E-05     -0.236530E+01     -0.517519E-08     -0.128479E-05     -0.281107E-14
  3.0820      0.217650E-05     -0.233761E+01     -0.511269E-08     -0.128574E-05     -0.281211E-14
  3.0882      0.220519E-05     -0.231710E+01     -0.505158E-08     -0.128864E-05     -0.280940E-14
  3.0945      0.223099E-05     -0.230087E+01     -0.500259E-08     -0.129197E-05     -0.280901E-14
  3.1008      0.225381E-05     -0.228550E+01     -0.496052E-08     -0.129383E-05     -0.280817E-14
  3.1071      0.227353E-05     -0.227281E+01     -0.492970E-08     -0.129529E-05     -0.280946E-14
  3.1133      0.229009E-05     -0.226300E+01     -0.489717E-08     -0.129647E-05     -0.280558E-14
  3.1196      0.230342E-05     -0.225654E+01     -0.488206E-08     -0.129768E-05     -0.280754E-14
  3.1259      0.231346E-05     -0.225456E+01     -0.487592E-08     -0.129957E-05     -0.281058E-14
  3.1322      0.232018E-05     -0.225584E+01     -0.486932E-08     -0.130147E-05     -0.280929E-14
  3.1385      0.232354E-05     -0.225982E+01     -0.487139E-08     -0.130305E-05     -0.280892E-14
  3.1447      0.232354E-05     -0.226839E+01     -0.488066E-08     -0.130538E-05     -0.280865E-14
  3.1510      0.232018E-05     -0.228220E+01     -0.489691E-08     -0.130881E-05     -0.280832E-14
  3.1573      0.231346E-05     -0.229895E+01     -0.491960E-08     -0.131199E-05     -0.280757E-14
  3.1636      0.230342E-05     -0.231858E+01     -0.495450E-08     -0.131483E-05     -0.280963E-14
  3.1698      0.229009E-05     -0.234122E+01     -0.499104E-08     -0.131738E-05     -0.280840E-14
  3.1761      0.227353E-05     -0.236768E+01     -0.503706E-08     -0.132002E-05     -0.280824E-14
  3.1824      0.225381E-05     -0.239805E+01     -0.509389E-08     -0.132274E-05     -0.280973E-14
  3.1887      0.223099E-05     -0.243312E+01     -0.515420E-08     -0.132588E-05     -0.280868E-14
  3.1949      0.220519E-05     -0.247175E+01     -0.522390E-08     -0.132874E-05     -0.280821E-14
  3.2012      0.217650E-05     -0.251520E+01     -0.529583E-08     -0.133188E-05     -0.280432E-14
  3.2075      0.214503E-05     -0.256292E+01     -0.538740E-08     -0.133492E-05     -0.280607E-14
  3.2138      0.211094E-05     -0.261601E+01     -0.548626E-08     -0.133829E-05     -0.280665E-14
  3.2201      0.207435E-05     -0.267361E+01     -0.559749E-08     -0.134144E-05     -0.280844E-14
  3.2263      0.203543E-05     -0.273640E+01     -0.571706E-08     -0.134456E-05     -0.280914E-14
  3.2326      0.199435E-05     -0.280495E+01     -0.584333E-08     -0.134781E-05     -0.280777E-14
  3.2389      0.195130E-05     -0.287987E+01     -0.598656E-08     -0.135130E-05     -0.280904E-14
  3.2452      0.190647E-05     -0.296059E+01     -0.613593E-08     -0.135464E-05     -0.280754E-14
  3.2514      0.186007E-05     -0.304781E+01     -0.631179E-08     -0.135798E-05     -0.281228E-14
  3.2577      0.181232E-05     -0.314241E+01     -0.648265E-08     -0.136156E-05     -0.280884E-14
  3.2640      0.176347E-05     -0.324453E+01     -0.667492E-08     -0.136529E-05     -0.280878E-14
  3.2703      0.171376E-05     -0.335400E+01     -0.687952E-08     -0.136893E-05     -0.280786E-14
  3.2765      0.166345E-05     -0.347113E+01     -0.710382E-08     -0.137251E-05     -0.280890E-14
  3.2828      0.161281E-05     -0.359683E+01     -0.734163E-08     -0.137628E-05     -0.280919E-14
  3.2891      0.156214E-05     -0.373096E+01     -0.759054E-08     -0.138012E-05     -0.280781E-14
  3.2954      0.151173E-05     -0.387362E+01     -0.785566E-08     -0.138401E-05     -0.280676E-14
  3.3017      0.146189E-05     -0.402399E+01     -0.814571E-08     -0.138770E-05     -0.280909E-14
  3.3079      0.141295E-05     -0.418305E+01     -0.844040E-08     -0.139161E-05     -0.280794E-14
  3.3142      0.136525E-05     -0.435028E+01     -0.875252E-08     -0.139573E-05     -0.280813E-14
  3.3205      0.131912E-05     -0.452405E+01     -0.907428E-08     -0.139979E-05     -0.280768E-14
  3.3268      0.127493E-05     -0.470350E+01     -0.940693E-08     -0.140391E-05     -0.280780E-14
  3.3330      0.123306E-05     -0.488668E+01     -0.974272E-08     -0.140802E-05     -0.280721E-14
  3.3393      0.119387E-05     -0.507077E+01     -0.100750E-07     -0.141198E-05     -0.280542E-14
  3.3456      0.115778E-05     -0.525434E+01     -0.104269E-07     -0.141620E-05     -0.281035E-14
  3.3519      0.112518E-05     -0.543269E+01     -0.107455E-07     -0.142038E-05     -0.280942E-14
  3.3581      0.109650E-05     -0.560182E+01     -0.110390E-07     -0.142459E-05     -0.280732E-14
  3.3644      0.107216E-05     -0.575660E+01     -0.113156E-07     -0.142878E-05     -0.280852E-14
  3.3707      0.105260E-05     -0.589185E+01     -0.115394E-07     -0.143300E-05     -0.280658E-14
  3.3770      0.103827E-05     -0.600201E+01     -0.117014E-07     -0.143724E-05     -0.280202E-14
  3.3833      0.102963E-05     -0.608166E+01     -0.117357E-07     -0.144152E-05     -0.278168E-14
  3.3895      0.102716E-05     -0.612543E+01     -0.118332E-07     -0.144573E-05     -0.279287E-14
  3.3958      0.103133E-05     -0.613050E+01     -0.118598E-07     -0.145012E-05     -0.280534E-14
  3.4021      0.104264E-05     -0.609326E+01     -0.117603E-07     -0.145443E-05     -0.280711E-14
  3.4084      0.106159E-05     -0.601344E+01     -0.115686E-07     -0.145877E-05     -0.280638E-14
  3.4146      0.108869E-05     -0.589145E+01     -0.113022E-07     -0.146297E-05     -0.280658E-14
  3.4209      0.112447E-05     -0.573153E+01     -0.109586E-07     -0.146733E-05     -0.280552E-14
  3.4272      0.116944E-05     -0.553759E+01     -0.105449E-07     -0.147168E-05     -0.280243E-14
  3.4335      0.122416E-05     -0.531512E+01     -0.101076E-07     -0.147594E-05     -0.280675E-14
  3.4397      0.128916E-05     -0.507065E+01     -0.962226E-08     -0.148012E-05     -0.280873E-14
  3.4460      0.136501E-05     -0.481169E+01     -0.910198E-08     -0.148445E-05     -0.280805E-14
  3.4523      0.145226E-05     -0.454417E+01     -0.857135E-08     -0.148882E-05     -0.280826E-14
  3.4586      0.155150E-05     -0.427330E+01     -0.804174E-08     -0.149303E-05     -0.280968E-14
  3.4649      0.166329E-05     -0.400445E+01     -0.749742E-08     -0.149720E-05     -0.280317E-14
  3.4711      0.178824E-05     -0.374210E+01     -0.699955E-08     -0.150149E-05     -0.280852E-14
  3.4774      0.192692E-05     -0.348894E+01     -0.650619E-08     -0.150576E-05     -0.280794E-14
  3.4837      0.207995E-05     -0.324757E+01     -0.604277E-08     -0.151017E-05     -0.280998E-14
  3.4900      0.224793E-05     -0.301939E+01     -0.559850E-08     -0.151473E-05     -0.280857E-14
  3.4962      0.243147E-05     -0.280465E+01     -0.518411E-08     -0.151914E-05     -0.280798E-14
  3.5025      0.263119E-05     -0.260368E+01     -0.480170E-08     -0.152339E-05     -0.280944E-14
  3.5088      0.284772E-05     -0.241701E+01     -0.444664E-08     -0.152781E-05     -0.281076E-14
  3.5151      0.308168E-05     -0.224412E+01     -0.410832E-08     -0.153233E-05     -0.280524E-14
  3.5213      0.333371E-05     -0.208415E+01     -0.380842E-08     -0.153674E-05     -0.280812E-14
  3.5276      0.360444E-05     -0.193660E+01     -0.352874E-08     -0.154116E-05     -0.280820E-14
  3.5339      0.389453E-05     -0.180065E+01     -0.327145E-08     -0.154554E-05     -0.280797E-14
  3.5402      0.420460E-05     -0.167557E+01     -0.303633E-08     -0.154994E-05     -0.280868E-14
  3.5465      0.453532E-05     -0.156054E+01     -0.282016E-08     -0.155432E-05     -0.280892E-14
  3.5527      0.488732E-05     -0.145481E+01     -0.262070E-08     -0.155872E-05     -0.280788E-14
  3.5590      0.526127E-05     -0.135759E+01     -0.243890E-08     -0.156309E-05     -0.280808E-14
  3.5653      0.565782E-05     -0.126819E+01     -0.227345E-08     -0.156744E-05     -0.280992E-14
  3.5716      0.607762E-05     -0.118594E+01     -0.211779E-08     -0.157178E-05     -0.280679E-14
  3.5778      0.652133E-05     -0.111022E+01     -0.197802E-08     -0.157607E-05     -0.280802E-14
  3.5841      0.698961E-05     -0.104051E+01     -0.184872E-08     -0.158041E-05     -0.280798E-14
  3.5904      0.748310E-05     -0.976264E+00     -0.172900E-08     -0.158475E-05     -0.280664E-14
  3.5967      0.800247E-05     -0.916995E+00     -0.161901E-08     -0.158907E-05     -0.280560E-14
  3.6029      0.854838E-05     -0.862274E+00     -0.152045E-08     -0.159340E-05     -0.280963E-14
  3.6092      0.912146E-05     -0.811699E+00     -0.142776E-08     -0.159771E-05     -0.281034E-14
  3.6155      0.972238E-05     -0.764932E+00     -0.134077E-08     -0.160206E-05     -0.280808E-14
  3.6218      0.103518E-04     -0.721610E+00     -0.126165E-08     -0.160638E-05     -0.280856E-14
  3.6281      0.110103E-04     -0.681470E+00     -0.118792E-08     -0.161074E-05     -0.280779E-14
  3.6343      0.116986E-04     -0.644206E+00     -0.111956E-08     -0.161505E-05     -0.280679E-14
  3.6406      0.124173E-04     -0.609596E+00     -0.105658E-08     -0.161937E-05     -0.280677E-14
  3.6469      0.131670E-04     -0.577415E+00     -0.998889E-09     -0.162370E-05     -0.280889E-14
  3.6532      0.139483E-04     -0.547475E+00     -0.943252E-09     -0.162806E-05     -0.280501E-14
  3.6594      0.147620E-04     -0.519570E+00     -0.893431E-09     -0.163240E-05     -0.280701E-14
  3.6657      0.156085E-04     -0.493559E+00     -0.846868E-09     -0.163680E-05     -0.280848E-14
  3.6720      0.164885E-04     -0.469263E+00     -0.802847E-09     -0.164115E-05     -0.280780E-14
  3.6783      0.174026E-04     -0.446567E+00     -0.762173E-09     -0.164555E-05     -0.280852E-14
  3.6845      0.183514E-04     -0.425330E+00     -0.723786E-09     -0.164992E-05     -0.280768E-14
  3.6908      0.193354E-04     -0.405442E+00     -0.688910E-09     -0.165429E-05     -0.281090E-14
  3.6971      0.203553E-04     -0.386808E+00     -0.655352E-09     -0.165869E-05     -0.281024E-14
  3.7034      0.214115E-04     -0.369324E+00     -0.623512E-09     -0.166307E-05     -0.280768E-14
  3.7097      0.225047E-04     -0.352919E+00     -0.594243E-09     -0.166750E-05     -0.280774E-14
  3.7159      0.236353E-04     -0.337509E+00     -0.567019E-09     -0.167198E-05     -0.280895E-14
  3.7222      0.248039E-04     -0.323015E+00     -0.541330E-09     -0.167647E-05     -0.280954E-14
  3.7285      0.260111E-04     -0.309382E+00     -0.517703E-09     -0.168102E-05     -0.281293E-14
  3.7348      0.272572E-04     -0.296528E+00     -0.493718E-09     -0.168553E-05     -0.280640E-14
  3.7410      0.285428E-04     -0.284408E+00     -0.472762E-09     -0.169005E-05     -0.280931E-14
  3.7473      0.298684E-04     -0.272976E+00     -0.452407E-09     -0.169461E-05     -0.280850E-14
  3.7536      0.312344E-04     -0.262180E+00     -0.433358E-09     -0.169918E-05     -0.280857E-14
  3.7599      0.326413E-04     -0.251982E+00     -0.415238E-09     -0.170379E-05     -0.280766E-14
  3.7661      0.340894E-04     -0.242342E+00     -0.398585E-09     -0.170846E-05     -0.280993E-14
  3.7724      0.355792E-04     -0.233217E+00     -0.382657E-09     -0.171312E-05     -0.281085E-14
  3.7787      0.371111E-04     -0.224575E+00     -0.367142E-09     -0.171781E-05     -0.280833E-14
  3.7850      0.386854E-04     -0.216388E+00     -0.353157E-09     -0.172254E-05     -0.281128E-14
  3.7913      0.403025E-04     -0.208626E+00     -0.339082E-09     -0.172731E-05     -0.280741E-14
  3.7975      0.419628E-04     -0.201260E+00     -0.326386E-09     -0.173210E-05     -0.280897E-14
  3.8038      0.436664E-04     -0.194268E+00     -0.314088E-09     -0.173694E-05     -0.280823E-14
  3.8101      0.454138E-04     -0.187625E+00     -0.302506E-09     -0.174180E-05     -0.280828E-14
  3.8164      0.472052E-04     -0.181309E+00     -0.291304E-09     -0.174668E-05     -0.280634E-14
  3.8226      0.490409E-04     -0.175304E+00     -0.280977E-09     -0.175161E-05     -0.280749E-14
  3.8289      0.509210E-04     -0.169588E+00     -0.271163E-09     -0.175658E-05     -0.280870E-14
  3.8352      0.528458E-04     -0.164147E+00     -0.261765E-09     -0.176161E-05     -0.280924E-14
  3.8415      0.548155E-04     -0.158964E+00     -0.252812E-09     -0.176667E-05     -0.280968E-14
  3.8477      0.568302E-04     -0.154023E+00     -0.244175E-09     -0.177179E-05     -0.280884E-14
  3.8540      0.588900E-04     -0.149311E+00     -0.236282E-09     -0.177694E-05     -0.281197E-14
  3.8603      0.609951E-04     -0.144816E+00     -0.228931E-09     -0.178214E-05     -0.281729E-14
  3.8666      0.631456E-04     -0.140524E+00     -0.222514E-09     -0.178739E-05     -0.283026E-14
  3.8729      0.653414E-04     -0.136425E+00     -0.214329E-09     -0.179268E-05     -0.281638E-14
  3.8791      0.675827E-04     -0.132507E+00     -0.207227E-09     -0.179801E-05     -0.281190E-14
  3.8854      0.698694E-04     -0.128763E+00     -0.200598E-09     -0.180341E-05     -0.280950E-14
  3.8917      0.722015E-04     -0.125182E+00     -0.194407E-09     -0.180885E-05     -0.280913E-14
  3.8980      0.745789E-04     -0.121756E+00     -0.188413E-09     -0.181435E-05     -0.280764E-14
  3.9042      0.770017E-04     -0.118477E+00     -0.182817E-09     -0.181991E-05     -0.280823E-14
  3.9105      0.794696E-04     -0.115336E+00     -0.177637E-09     -0.182551E-05     -0.281160E-14
  3.9168      0.819826E-04     -0.112326E+00     -0.172253E-09     -0.183115E-05     -0.280809E-14
  3.9231      0.845404E-04     -0.109442E+00     -0.167262E-09     -0.183686E-05     -0.280730E-14
  3.9293      0.871430E-04     -0.106677E+00     -0.162629E-09     -0.184262E-05     -0.280907E-14
  3.9356      0.897899E-04     -0.104025E+00     -0.157983E-09     -0.184844E-05     -0.280722E-14
  3.9419      0.924811E-04     -0.101480E+00     -0.153692E-09     -0.185431E-05     -0.280836E-14
  3.9482      0.952163E-04     -0.990384E-01     -0.149510E-09     -0.186025E-05     -0.280826E-14
  3.9545      0.979950E-04     -0.966934E-01     -0.145581E-09     -0.186624E-05     -0.280981E-14
  3.9607      0.100817E-03     -0.944411E-01     -0.141725E-09     -0.187229E-05     -0.280969E-14
  3.9670      0.103682E-03     -0.922758E-01     -0.138020E-09     -0.187837E-05     -0.280953E-14
  3.9733      0.106589E-03     -0.901962E-01     -0.134415E-09     -0.188454E-05     -0.280844E-14
  3.9796      0.109539E-03     -0.881981E-01     -0.130994E-09     -0.189080E-05     -0.280826E-14
  3.9858      0.112530E-03     -0.862755E-01     -0.127721E-09     -0.189709E-05     -0.280842E-14
  3.9921      0.115562E-03     -0.844266E-01     -0.124616E-09     -0.190346E-05     -0.280956E-14
  3.9984      0.118634E-03     -0.826481E-01     -0.121360E-09     -0.190990E-05     -0.280450E-14
  4.0047      0.121747E-03     -0.809375E-01     -0.118547E-09     -0.191644E-05     -0.280694E-14
  4.0109      0.124899E-03     -0.792895E-01     -0.115780E-09     -0.192301E-05     -0.280801E-14
  4.0172      0.128090E-03     -0.777013E-01     -0.113106E-09     -0.192961E-05     -0.280884E-14
  4.0235      0.131319E-03     -0.761731E-01     -0.110440E-09     -0.193632E-05     -0.280738E-14
  4.0298      0.134585E-03     -0.746995E-01     -0.107982E-09     -0.194306E-05     -0.280879E-14
  4.0361      0.137888E-03     -0.732813E-01     -0.105671E-09     -0.194992E-05     -0.281175E-14
  4.0423      0.141227E-03     -0.719148E-01     -0.103357E-09     -0.195685E-05     -0.281242E-14
  4.0486      0.144601E-03     -0.705971E-01     -0.101107E-09     -0.196384E-05     -0.281257E-14
  4.0549      0.148010E-03     -0.693273E-01     -0.987995E-10     -0.197092E-05     -0.280879E-14
  4.0612      0.151452E-03     -0.681021E-01     -0.967048E-10     -0.197805E-05     -0.280883E-14
  4.0674      0.154926E-03     -0.669202E-01     -0.946782E-10     -0.198525E-05     -0.280871E-14
  4.0737      0.158433E-03     -0.657806E-01     -0.927642E-10     -0.199253E-05     -0.280988E-14
  4.0800      0.161970E-03     -0.646816E-01     -0.908145E-10     -0.199990E-05     -0.280791E-14
  4.0863      0.165537E-03     -0.636212E-01     -0.889558E-10     -0.200735E-05     -0.280669E-14
  4.0925      0.169133E-03     -0.626005E-01     -0.872566E-10     -0.201495E-05     -0.280857E-14
  4.0988      0.172756E-03     -0.616118E-01     -0.855214E-10     -0.202251E-05     -0.280739E-14
  4.1051      0.176407E-03     -0.606589E-01     -0.838978E-10     -0.203020E-05     -0.280798E-14
  4.1114      0.180083E-03     -0.597369E-01     -0.823450E-10     -0.203788E-05     -0.280914E-14
  4.1177      0.183783E-03     -0.588447E-01     -0.808172E-10     -0.204558E-05     -0.280939E-14
  4.1239      0.187507E-03     -0.579870E-01     -0.793176E-10     -0.205348E-05     -0.280885E-14
  4.1302      0.191253E-03     -0.571599E-01     -0.778306E-10     -0.206149E-05     -0.280699E-14
  4.1365      0.195020E-03     -0.563600E-01     -0.764439E-10     -0.206953E-05     -0.280701E-14
  4.1428      0.198807E-03     -0.555881E-01     -0.751819E-10     -0.207767E-05     -0.281002E-14
  4.1490      0.202613E-03     -0.548416E-01     -0.738351E-10     -0.208585E-05     -0.280825E-14
  4.1553      0.206436E-03     -0.541165E-01     -0.725930E-10     -0.209394E-05     -0.280885E-14
  4.1616      0.210275E-03     -0.534240E-01     -0.713412E-10     -0.210241E-05     -0.280751E-14
  4.1679      0.214129E-03     -0.527597E-01     -0.700532E-10     -0.211113E-05     -0.280312E-14
  4.1741      0.217996E-03     -0.521141E-01     -0.689495E-10     -0.211977E-05     -0.280456E-14
  4.1804      0.221875E-03     -0.514999E-01     -0.678257E-10     -0.212886E-05     -0.280372E-14
  4.1867      0.225764E-03     -0.508932E-01     -0.668612E-10     -0.213745E-05     -0.280808E-14
  4.1930      0.229663E-03     -0.503022E-01     -0.658404E-10     -0.214589E-05     -0.280875E-14
  4.1993      0.233569E-03     -0.497413E-01     -0.648278E-10     -0.215483E-05     -0.280840E-14
  4.2055      0.237482E-03     -0.492037E-01     -0.638400E-10     -0.216402E-05     -0.280774E-14
  4.2118      0.241400E-03     -0.486804E-01     -0.629883E-10     -0.217308E-05     -0.281178E-14
  4.2181      0.245321E-03     -0.481773E-01     -0.620572E-10     -0.218230E-05     -0.281102E-14
  4.2244      0.249244E-03     -0.476902E-01     -0.611186E-10     -0.219152E-05     -0.280860E-14
  4.2306      0.253167E-03     -0.472219E-01     -0.602763E-10     -0.220089E-05     -0.280932E-14
  4.2369      0.257090E-03     -0.467688E-01     -0.594093E-10     -0.221026E-05     -0.280764E-14
  4.2432      0.261009E-03     -0.463309E-01     -0.586165E-10     -0.221966E-05     -0.280825E-14
  4.2495      0.264924E-03     -0.459114E-01     -0.578519E-10     -0.222925E-05     -0.280904E-14
  4.2557      0.268833E-03     -0.455063E-01     -0.571022E-10     -0.223888E-05     -0.280940E-14
  4.2620      0.272735E-03     -0.451176E-01     -0.563626E-10     -0.224866E-05     -0.280911E-14
  4.2683      0.276628E-03     -0.447420E-01     -0.556395E-10     -0.225844E-05     -0.280852E-14
  4.2746      0.280510E-03     -0.443826E-01     -0.549090E-10     -0.226840E-05     -0.280641E-14
  4.2809      0.284380E-03     -0.440322E-01     -0.542838E-10     -0.227820E-05     -0.280861E-14
  4.2871      0.288236E-03     -0.437037E-01     -0.536082E-10     -0.228850E-05     -0.280715E-14
  4.2934      0.292076E-03     -0.433903E-01     -0.530170E-10     -0.229900E-05     -0.280906E-14
  4.2997      0.295899E-03     -0.430857E-01     -0.523930E-10     -0.230937E-05     -0.280824E-14
  4.3060      0.299704E-03     -0.427878E-01     -0.518040E-10     -0.231950E-05     -0.280827E-14
  4.3122      0.303488E-03     -0.425125E-01     -0.512552E-10     -0.233028E-05     -0.280950E-14
  4.3185      0.307250E-03     -0.422510E-01     -0.506855E-10     -0.234125E-05     -0.280863E-14
  4.3248      0.310988E-03     -0.419989E-01     -0.501258E-10     -0.235217E-05     -0.280733E-14
  4.3311      0.314701E-03     -0.417585E-01     -0.496590E-10     -0.236320E-05     -0.281031E-14
  4.3373      0.318387E-03     -0.415300E-01     -0.490862E-10     -0.237436E-05     -0.280636E-14
  4.3436      0.322044E-03     -0.413128E-01     -0.487567E-10     -0.238562E-05     -0.281547E-14
  4.3499      0.325671E-03     -0.411073E-01     -0.475812E-10     -0.239702E-05     -0.277453E-14
  4.3562      0.329266E-03     -0.409131E-01     -0.474114E-10     -0.240856E-05     -0.279112E-14
  4.3625      0.332828E-03     -0.407300E-01     -0.471649E-10     -0.242023E-05     -0.280260E-14
  4.3687      0.336354E-03     -0.405599E-01     -0.468176E-10     -0.243216E-05     -0.280740E-14
  4.3750      0.339844E-03     -0.403971E-01     -0.463773E-10     -0.244401E-05     -0.280582E-14
  4.3813      0.343295E-03     -0.402461E-01     -0.459886E-10     -0.245608E-05     -0.280653E-14
  4.3876      0.346706E-03     -0.401031E-01     -0.456160E-10     -0.246814E-05     -0.280743E-14
  4.3938      0.350076E-03     -0.399697E-01     -0.453002E-10     -0.248028E-05     -0.281107E-14
  4.4001      0.353402E-03     -0.398474E-01     -0.449002E-10     -0.249263E-05     -0.280870E-14
  4.4064      0.356684E-03     -0.397348E-01     -0.445516E-10     -0.250509E-05     -0.280877E-14
  4.4127      0.359919E-03     -0.396323E-01     -0.441915E-10     -0.251771E-05     -0.280734E-14
  4.4189      0.363107E-03     -0.395390E-01     -0.438778E-10     -0.253043E-05     -0.280811E-14
  4.4252      0.366245E-03     -0.394557E-01     -0.435728E-10     -0.254331E-05     -0.280870E-14
  4.4315      0.369333E-03     -0.393803E-01     -0.432732E-10     -0.255622E-05     -0.280892E-14
  4.4378      0.372368E-03     -0.393172E-01     -0.429381E-10     -0.256946E-05     -0.280610E-14
  4.4441      0.375350E-03     -0.392637E-01     -0.426647E-10     -0.258286E-05     -0.280658E-14
  4.4503      0.378276E-03     -0.392194E-01     -0.424030E-10     -0.259639E-05     -0.280715E-14
  4.4566      0.381146E-03     -0.391859E-01     -0.421593E-10     -0.261017E-05     -0.280824E-14
  4.4629      0.383958E-03     -0.391596E-01     -0.418880E-10     -0.262397E-05     -0.280679E-14
  4.4692      0.386711E-03     -0.391438E-01     -0.416707E-10     -0.263801E-05     -0.280830E-14
  4.4754      0.389403E-03     -0.391357E-01     -0.414743E-10     -0.265210E-05     -0.281058E-14
  4.4817      0.392033E-03     -0.391383E-01     -0.412005E-10     -0.266645E-05     -0.280694E-14
  4.4880      0.394600E-03     -0.391479E-01     -0.410229E-10     -0.268081E-05     -0.280921E-14
  4.4943      0.397102E-03     -0.391674E-01     -0.408235E-10     -0.269538E-05     -0.280935E-14
  4.5005      0.399538E-03     -0.391952E-01     -0.405890E-10     -0.271006E-05     -0.280643E-14
  4.5068      0.401908E-03     -0.392320E-01     -0.404399E-10     -0.272489E-05     -0.280879E-14
  4.5131      0.404209E-03     -0.392786E-01     -0.402587E-10     -0.273994E-05     -0.280830E-14
  4.5194      0.406441E-03     -0.393347E-01     -0.400775E-10     -0.275517E-05     -0.280719E-14
  4.5257      0.408603E-03     -0.393998E-01     -0.399530E-10     -0.277056E-05     -0.280946E-14
  4.5319      0.410694E-03     -0.394746E-01     -0.397168E-10     -0.278615E-05     -0.280325E-14
  4.5382      0.412712E-03     -0.395581E-01     -0.396163E-10     -0.280188E-05     -0.280601E-14
  4.5445      0.414656E-03     -0.396511E-01     -0.395145E-10     -0.281780E-05     -0.280810E-14
  4.5508      0.416526E-03     -0.397533E-01     -0.393767E-10     -0.283390E-05     -0.280705E-14
  4.5570      0.418321E-03     -0.398649E-01     -0.392456E-10     -0.285016E-05     -0.280589E-14
  4.5633      0.420039E-03     -0.399864E-01     -0.391660E-10     -0.286665E-05     -0.280783E-14
  4.5696      0.421681E-03     -0.401175E-01     -0.391004E-10     -0.288332E-05     -0.281022E-14
  4.5759      0.423244E-03     -0.402585E-01     -0.389958E-10     -0.290020E-05     -0.280924E-14
  4.5821      0.424729E-03     -0.404095E-01     -0.389062E-10     -0.291728E-05     -0.280876E-14
  4.5884      0.426134E-03     -0.405702E-01     -0.388083E-10     -0.293456E-05     -0.280711E-14
  4.5947      0.427460E-03     -0.407412E-01     -0.387583E-10     -0.295205E-05     -0.280838E-14
  4.6010      0.428704E-03     -0.409222E-01     -0.386849E-10     -0.296974E-05     -0.280739E-14
  4.6073      0.429867E-03     -0.411138E-01     -0.386408E-10     -0.298767E-05     -0.280796E-14
  4.6135      0.430948E-03     -0.413154E-01     -0.385572E-10     -0.300578E-05     -0.280511E-14
  4.6198      0.431947E-03     -0.415280E-01     -0.385151E-10     -0.302413E-05     -0.280473E-14
  4.6261      0.432863E-03     -0.417509E-01     -0.385103E-10     -0.304268E-05     -0.280651E-14
  4.6324      0.433695E-03     -0.419851E-01     -0.384971E-10     -0.306147E-05     -0.280714E-14
  4.6386      0.434444E-03     -0.422299E-01     -0.384837E-10     -0.308047E-05     -0.280720E-14
  4.6449      0.435108E-03     -0.424863E-01     -0.385088E-10     -0.309971E-05     -0.280952E-14
  4.6512      0.435688E-03     -0.427539E-01     -0.385125E-10     -0.311918E-05     -0.280974E-14
  4.6575      0.436184E-03     -0.430333E-01     -0.385056E-10     -0.313890E-05     -0.280864E-14
  4.6637      0.436594E-03     -0.433243E-01     -0.385882E-10     -0.315884E-05     -0.281352E-14
  4.6700      0.436919E-03     -0.436276E-01     -0.385600E-10     -0.317904E-05     -0.280978E-14
  4.6763      0.437159E-03     -0.439431E-01     -0.385784E-10     -0.319949E-05     -0.280889E-14
  4.6826      0.437314E-03     -0.442711E-01     -0.386261E-10     -0.322019E-05     -0.280958E-14
  4.6889      0.437383E-03     -0.446118E-01     -0.386635E-10     -0.324114E-05     -0.280899E-14
  4.6951      0.437367E-03     -0.449660E-01     -0.387017E-10     -0.326239E-05     -0.280790E-14
  4.7014      0.437266E-03     -0.453332E-01     -0.387657E-10     -0.328387E-05     -0.280814E-14
  4.7077      0.437079E-03     -0.457132E-01     -0.388270E-10     -0.330558E-05     -0.280763E-14
  4.7140      0.436808E-03     -0.461082E-01     -0.389086E-10     -0.332763E-05     -0.280804E-14
  4.7202      0.436451E-03     -0.465181E-01     -0.390022E-10     -0.335002E-05     -0.280876E-14
  4.7265      0.436010E-03     -0.469407E-01     -0.391053E-10     -0.337254E-05     -0.280959E-14
  4.7328      0.435484E-03     -0.473778E-01     -0.391769E-10     -0.339534E-05     -0.280761E-14
  4.7391      0.434874E-03     -0.478315E-01     -0.392589E-10     -0.341851E-05     -0.280584E-14
  4.7453      0.434181E-03     -0.482996E-01     -0.393775E-10     -0.344191E-05     -0.280610E-14
  4.7516      0.433404E-03     -0.487850E-01     -0.395503E-10     -0.346570E-05     -0.280966E-14
  4.7579      0.432545E-03     -0.492855E-01     -0.396622E-10     -0.348969E-05     -0.280831E-14
  4.7642      0.431603E-03     -0.498058E-01     -0.398092E-10     -0.351422E-05     -0.280888E-14
  4.7705      0.430579E-03     -0.503455E-01     -0.399564E-10     -0.353921E-05     -0.280888E-14
  4.7767      0.429474E-03     -0.508982E-01     -0.400791E-10     -0.356420E-05     -0.280657E-14
  4.7830      0.428288E-03     -0.514688E-01     -0.403305E-10     -0.358949E-05     -0.281269E-14
  4.7893      0.427023E-03     -0.520594E-01     -0.404327E-10     -0.361520E-05     -0.280779E-14
  4.7956      0.425678E-03     -0.526687E-01     -0.406081E-10     -0.364122E-05     -0.280742E-14
  4.8018      0.424254E-03     -0.532985E-01     -0.408279E-10     -0.366764E-05     -0.280949E-14
  4.8081      0.422753E-03     -0.539483E-01     -0.410182E-10     -0.369439E-05     -0.280893E-14
  4.8144      0.421175E-03     -0.546196E-01     -0.412021E-10     -0.372153E-05     -0.280733E-14
  4.8207      0.419520E-03     -0.553119E-01     -0.414471E-10     -0.374902E-05     -0.280927E-14
  4.8269      0.417791E-03     -0.560269E-01     -0.416244E-10     -0.377691E-05     -0.280600E-14
  4.8332      0.415987E-03     -0.567645E-01     -0.422828E-10     -0.380516E-05     -0.283439E-14
  4.8395      0.414110E-03     -0.575259E-01     -0.423487E-10     -0.383382E-05     -0.282234E-14
  4.8458      0.412161E-03     -0.583112E-01     -0.424407E-10     -0.386285E-05     -0.281150E-14
  4.8521      0.410140E-03     -0.591218E-01     -0.426729E-10     -0.389231E-05     -0.280939E-14
  4.8583      0.408049E-03     -0.599578E-01     -0.429593E-10     -0.392215E-05     -0.281019E-14
  4.8646      0.405889E-03     -0.608206E-01     -0.432413E-10     -0.395243E-05     -0.281004E-14
  4.8709      0.403662E-03     -0.617106E-01     -0.435205E-10     -0.398311E-05     -0.280903E-14
  4.8772      0.401367E-03     -0.626290E-01     -0.438375E-10     -0.401423E-05     -0.280979E-14
  4.8834      0.399007E-03     -0.635763E-01     -0.440957E-10     -0.404578E-05     -0.280611E-14
  4.8897      0.396582E-03     -0.645539E-01     -0.444465E-10     -0.407779E-05     -0.280763E-14
  4.8960      0.394095E-03     -0.655624E-01     -0.448237E-10     -0.411024E-05     -0.281009E-14
  4.9023      0.391545E-03     -0.666032E-01     -0.451469E-10     -0.414317E-05     -0.280844E-14
  4.9085      0.388935E-03     -0.676771E-01     -0.455331E-10     -0.417656E-05     -0.280999E-14
  4.9148      0.386266E-03     -0.687854E-01     -0.458583E-10     -0.421044E-05     -0.280705E-14
  4.9211      0.383539E-03     -0.699289E-01     -0.462833E-10     -0.424480E-05     -0.280947E-14
  4.9274      0.380755E-03     -0.711092E-01     -0.466325E-10     -0.427966E-05     -0.280654E-14
  4.9337      0.377917E-03     -0.723274E-01     -0.470624E-10     -0.431502E-05     -0.280773E-14
  4.9399      0.375025E-03     -0.735850E-01     -0.475019E-10     -0.435092E-05     -0.280868E-14
  4.9462      0.372080E-03     -0.748829E-01     -0.479142E-10     -0.438733E-05     -0.280725E-14
  4.9525      0.369085E-03     -0.762227E-01     -0.483576E-10     -0.442427E-05     -0.280686E-14
  4.9588      0.366041E-03     -0.776062E-01     -0.488748E-10     -0.446176E-05     -0.280992E-14
  4.9650      0.362949E-03     -0.790346E-01     -0.493253E-10     -0.449980E-05     -0.280831E-14
  4.9713      0.359811E-03     -0.805096E-01     -0.497753E-10     -0.453841E-05     -0.280589E-14
  4.9776      0.356628E-03     -0.820332E-01     -0.503065E-10     -0.457761E-05     -0.280720E-14
  4.9839      0.353402E-03     -0.836069E-01     -0.508293E-10     -0.461740E-05     -0.280717E-14
  4.9901      0.350134E-03     -0.852324E-01     -0.513498E-10     -0.465778E-05     -0.280617E-14
  4.9964      0.346827E-03     -0.869118E-01     -0.519528E-10     -0.469878E-05     -0.280876E-14
  5.0027      0.343481E-03     -0.886471E-01     -0.525247E-10     -0.474040E-05     -0.280876E-14
  5.0090      0.340098E-03     -0.904404E-01     -0.531714E-10     -0.478266E-05     -0.281181E-14
  5.0152      0.336679E-03     -0.922937E-01     -0.537854E-10     -0.482557E-05     -0.281216E-14
  5.0215      0.333227E-03     -0.942094E-01     -0.543395E-10     -0.486913E-05     -0.280849E-14
  5.0278      0.329743E-03     -0.961902E-01     -0.549479E-10     -0.491339E-05     -0.280674E-14
  5.0341      0.326229E-03     -0.982385E-01     -0.556551E-10     -0.495834E-05     -0.280905E-14
  5.0404      0.322685E-03     -0.100357E+00     -0.563191E-10     -0.500399E-05     -0.280819E-14
  5.0466      0.319115E-03     -0.102547E+00     -0.570861E-10     -0.505035E-05     -0.281144E-14
  5.0529      0.315519E-03     -0.104813E+00     -0.576851E-10     -0.509745E-05     -0.280543E-14
  5.0592      0.311898E-03     -0.107158E+00     -0.584404E-10     -0.514530E-05     -0.280607E-14
  5.0655      0.308256E-03     -0.109585E+00     -0.591559E-10     -0.519392E-05     -0.280377E-14
  5.0717      0.304592E-03     -0.112097E+00     -0.599842E-10     -0.524332E-05     -0.280576E-14
  5.0780      0.300909E-03     -0.114696E+00     -0.608231E-10     -0.529351E-05     -0.280713E-14
  5.0843      0.297209E-03     -0.117389E+00     -0.616614E-10     -0.534453E-05     -0.280735E-14
  5.0906      0.293493E-03     -0.120176E+00     -0.624467E-10     -0.539638E-05     -0.280409E-14
  5.0968      0.289762E-03     -0.123064E+00     -0.634847E-10     -0.544909E-05     -0.281100E-14
  5.1031      0.286019E-03     -0.126056E+00     -0.643449E-10     -0.550268E-05     -0.280883E-14
  5.1094      0.282264E-03     -0.129156E+00     -0.652133E-10     -0.555716E-05     -0.280591E-14
  5.1157      0.278499E-03     -0.132370E+00     -0.662101E-10     -0.561258E-05     -0.280735E-14
  5.1220      0.274727E-03     -0.135703E+00     -0.671710E-10     -0.566898E-05     -0.280607E-14
  5.1282      0.270947E-03     -0.139157E+00     -0.681609E-10     -0.572629E-05     -0.280482E-14
  5.1345      0.267163E-03     -0.142733E+00     -0.693446E-10     -0.578435E-05     -0.281023E-14
  5.1408      0.263375E-03     -0.146467E+00     -0.702589E-10     -0.584437E-05     -0.280349E-14
  5.1471      0.259585E-03     -0.150344E+00     -0.713401E-10     -0.590553E-05     -0.280225E-14
  5.1533      0.255795E-03     -0.154313E+00     -0.726088E-10     -0.596563E-05     -0.280701E-14
  5.1596      0.252005E-03     -0.158432E+00     -0.737602E-10     -0.602682E-05     -0.280586E-14
  5.1659      0.248218E-03     -0.162737E+00     -0.749514E-10     -0.609011E-05     -0.280491E-14
  5.1722      0.244434E-03     -0.167215E+00     -0.762920E-10     -0.615484E-05     -0.280815E-14
  5.1784      0.240656E-03     -0.171870E+00     -0.774526E-10     -0.622085E-05     -0.280340E-14
  5.1847      0.236884E-03     -0.176712E+00     -0.789159E-10     -0.628821E-05     -0.280819E-14
  5.1910      0.233120E-03     -0.181754E+00     -0.802965E-10     -0.635719E-05     -0.280852E-14
  5.1973      0.229365E-03     -0.187010E+00     -0.816494E-10     -0.642789E-05     -0.280645E-14
  5.2036      0.225621E-03     -0.192506E+00     -0.830737E-10     -0.650094E-05     -0.280541E-14
  5.2098      0.221889E-03     -0.198272E+00     -0.845709E-10     -0.657699E-05     -0.280534E-14
  5.2161      0.218170E-03     -0.204447E+00     -0.861613E-10     -0.666010E-05     -0.280681E-14
  5.2224      0.214466E-03     -0.211265E+00     -0.878035E-10     -0.675724E-05     -0.280836E-14
  5.2287      0.210777E-03     -0.221038E+00     -0.893539E-10     -0.693986E-05     -0.280542E-14
  5.2349      0.207105E-03     -0.231846E+00     -0.910820E-10     -0.714381E-05     -0.280649E-14
  5.2412      0.203451E-03     -0.236946E+00     -0.927800E-10     -0.716356E-05     -0.280501E-14
  5.2475      0.199816E-03     -0.240335E+00     -0.945534E-10     -0.712769E-05     -0.280420E-14
  5.2538      0.196202E-03     -0.247121E+00     -0.964978E-10     -0.718779E-05     -0.280674E-14
  5.2600      0.192609E-03     -0.254707E+00     -0.983780E-10     -0.726409E-05     -0.280568E-14
  5.2663      0.189039E-03     -0.262113E+00     -0.100177E-09     -0.732799E-05     -0.280069E-14
  5.2726      0.185492E-03     -0.270090E+00     -0.102373E-09     -0.740052E-05     -0.280505E-14
  5.2789      0.181970E-03     -0.278910E+00     -0.104408E-09     -0.748814E-05     -0.280315E-14
  5.2852      0.178473E-03     -0.290370E+00     -0.106660E-09     -0.763696E-05     -0.280524E-14
  5.2914      0.175003E-03     -0.304849E+00     -0.108941E-09     -0.785255E-05     -0.280618E-14
  5.2977      0.171561E-03     -0.314397E+00     -0.111256E-09     -0.792976E-05     -0.280612E-14
  5.3040      0.168146E-03     -0.319814E+00     -0.113530E-09     -0.789650E-05     -0.280315E-14
  5.3103      0.164761E-03     -0.328664E+00     -0.116577E-09     -0.794225E-05     -0.281712E-14
  5.3165      0.161406E-03     -0.339582E+00     -0.118181E-09     -0.802949E-05     -0.279441E-14
  5.3228      0.158082E-03     -0.351135E+00     -0.120880E-09     -0.812208E-05     -0.279607E-14
  5.3291      0.154790E-03     -0.363391E+00     -0.123992E-09     -0.822082E-05     -0.280502E-14
  5.3354      0.151529E-03     -0.376218E+00     -0.126813E-09     -0.832194E-05     -0.280509E-14
  5.3416      0.148302E-03     -0.389682E+00     -0.129633E-09     -0.842626E-05     -0.280311E-14
  5.3479      0.145109E-03     -0.403767E+00     -0.132744E-09     -0.853282E-05     -0.280527E-14
  5.3542      0.141950E-03     -0.418533E+00     -0.135598E-09     -0.864218E-05     -0.279994E-14
  5.3605      0.138826E-03     -0.433992E+00     -0.139036E-09     -0.875392E-05     -0.280446E-14
  5.3668      0.135738E-03     -0.450190E+00     -0.142576E-09     -0.886826E-05     -0.280859E-14
  5.3730      0.132686E-03     -0.467149E+00     -0.146089E-09     -0.898490E-05     -0.280980E-14
  5.3793      0.129671E-03     -0.484954E+00     -0.149514E-09     -0.910476E-05     -0.280705E-14
  5.3856      0.126693E-03     -0.503618E+00     -0.153152E-09     -0.922724E-05     -0.280604E-14
  5.3919      0.123752E-03     -0.523178E+00     -0.157055E-09     -0.935226E-05     -0.280749E-14
  5.3981      0.120850E-03     -0.543696E+00     -0.160839E-09     -0.948006E-05     -0.280445E-14
  5.4044      0.117986E-03     -0.565222E+00     -0.165104E-09     -0.961069E-05     -0.280733E-14
  5.4107      0.115162E-03     -0.587815E+00     -0.169264E-09     -0.974423E-05     -0.280590E-14
  5.4170      0.112376E-03     -0.611534E+00     -0.173698E-09     -0.988075E-05     -0.280649E-14
  5.4232      0.109630E-03     -0.636444E+00     -0.178211E-09     -0.100203E-04     -0.280579E-14
  5.4295      0.106924E-03     -0.662613E+00     -0.183156E-09     -0.101631E-04     -0.280922E-14
  5.4358      0.104258E-03     -0.690116E+00     -0.187953E-09     -0.103091E-04     -0.280767E-14
  5.4421      0.101632E-03     -0.719027E+00     -0.192835E-09     -0.104583E-04     -0.280481E-14
  5.4484      0.990467E-04     -0.749433E+00     -0.198456E-09     -0.106111E-04     -0.280990E-14
  5.4546      0.965021E-04     -0.781417E+00     -0.203851E-09     -0.107673E-04     -0.280891E-14
  5.4609      0.939985E-04     -0.815079E+00     -0.209365E-09     -0.109272E-04     -0.280681E-14
  5.4672      0.915357E-04     -0.850519E+00     -0.215405E-09     -0.110908E-04     -0.280889E-14
  5.4735      0.891141E-04     -0.887850E+00     -0.221366E-09     -0.112584E-04     -0.280704E-14
  5.4797      0.867335E-04     -0.927173E+00     -0.227563E-09     -0.114298E-04     -0.280531E-14
  5.4860      0.843941E-04     -0.968626E+00     -0.234499E-09     -0.116055E-04     -0.280963E-14
  5.4923      0.820958E-04     -0.101233E+01     -0.240666E-09     -0.117853E-04     -0.280178E-14
  5.4986      0.798387E-04     -0.105843E+01     -0.247885E-09     -0.119695E-04     -0.280328E-14
  5.5048      0.776227E-04     -0.110707E+01     -0.255709E-09     -0.121582E-04     -0.280829E-14
  5.5111      0.754477E-04     -0.115842E+01     -0.263293E-09     -0.123517E-04     -0.280735E-14
  5.5174      0.733136E-04     -0.121265E+01     -0.270981E-09     -0.125498E-04     -0.280441E-14
  5.5237      0.712204E-04     -0.126994E+01     -0.279640E-09     -0.127530E-04     -0.280820E-14
  5.5300      0.691680E-04     -0.133049E+01     -0.287413E-09     -0.129613E-04     -0.279990E-14
  5.5362      0.671560E-04     -0.139452E+01     -0.297251E-09     -0.131749E-04     -0.280832E-14
  5.5425      0.651845E-04     -0.146225E+01     -0.306440E-09     -0.133940E-04     -0.280695E-14
  5.5488      0.632531E-04     -0.153393E+01     -0.316163E-09     -0.136188E-04     -0.280703E-14
  5.5551      0.613616E-04     -0.160980E+01     -0.326027E-09     -0.138495E-04     -0.280488E-14
  5.5613      0.595099E-04     -0.169018E+01     -0.336475E-09     -0.140863E-04     -0.280424E-14
  5.5676      0.576977E-04     -0.177535E+01     -0.347838E-09     -0.143293E-04     -0.280749E-14
  5.5739      0.559247E-04     -0.186564E+01     -0.358720E-09     -0.145789E-04     -0.280319E-14
  5.5802      0.541906E-04     -0.196140E+01     -0.370058E-09     -0.148353E-04     -0.279897E-14
  5.5864      0.524950E-04     -0.206302E+01     -0.382992E-09     -0.150987E-04     -0.280301E-14
  5.5927      0.508377E-04     -0.217089E+01     -0.396032E-09     -0.153693E-04     -0.280379E-14
  5.5990      0.492184E-04     -0.228547E+01     -0.409432E-09     -0.156475E-04     -0.280318E-14
  5.6053      0.476366E-04     -0.240721E+01     -0.424098E-09     -0.159334E-04     -0.280713E-14
  5.6116      0.460920E-04     -0.253664E+01     -0.438484E-09     -0.162276E-04     -0.280510E-14
  5.6178      0.445843E-04     -0.267429E+01     -0.453013E-09     -0.165301E-04     -0.280012E-14
  5.6241      0.431129E-04     -0.282079E+01     -0.471320E-09     -0.168414E-04     -0.281398E-14
  5.6304      0.416776E-04     -0.297675E+01     -0.487420E-09     -0.171617E-04     -0.281009E-14
  5.6367      0.402778E-04     -0.314290E+01     -0.503722E-09     -0.174915E-04     -0.280341E-14
  5.6429      0.389132E-04     -0.331995E+01     -0.522725E-09     -0.178310E-04     -0.280748E-14
  5.6492      0.375833E-04     -0.350877E+01     -0.541789E-09     -0.181808E-04     -0.280730E-14
  5.6555      0.362876E-04     -0.371019E+01     -0.560406E-09     -0.185411E-04     -0.280055E-14
  5.6618      0.350257E-04     -0.392522E+01     -0.583800E-09     -0.189126E-04     -0.281288E-14
  5.6680      0.337971E-04     -0.415486E+01     -0.603831E-09     -0.192955E-04     -0.280423E-14
  5.6743      0.326014E-04     -0.440028E+01     -0.625647E-09     -0.196904E-04     -0.279965E-14
  5.6806      0.314379E-04     -0.466267E+01     -0.648976E-09     -0.200977E-04     -0.279731E-14
  5.6869      0.303063E-04     -0.494341E+01     -0.675764E-09     -0.205182E-04     -0.280484E-14
  5.6932      0.292061E-04     -0.524389E+01     -0.701273E-09     -0.209521E-04     -0.280195E-14
  5.6994      0.281367E-04     -0.556577E+01     -0.727591E-09     -0.214002E-04     -0.279757E-14
  5.7057      0.270976E-04     -0.591068E+01     -0.758635E-09     -0.218630E-04     -0.280612E-14
  5.7120      0.260882E-04     -0.628058E+01     -0.787990E-09     -0.223414E-04     -0.280305E-14
  5.7183      0.251082E-04     -0.667744E+01     -0.818558E-09     -0.228357E-04     -0.279932E-14
  5.7245      0.241569E-04     -0.710358E+01     -0.853648E-09     -0.233469E-04     -0.280564E-14
  5.7308      0.232338E-04     -0.756135E+01     -0.886891E-09     -0.238757E-04     -0.280044E-14
  5.7371      0.223384E-04     -0.805354E+01     -0.922505E-09     -0.244230E-04     -0.279757E-14
  5.7434      0.214702E-04     -0.858297E+01     -0.963124E-09     -0.249895E-04     -0.280416E-14
  5.7496      0.206285E-04     -0.915292E+01     -0.100264E-08     -0.255764E-04     -0.280173E-14
  5.7559      0.198130E-04     -0.976691E+01     -0.104253E-08     -0.261845E-04     -0.279495E-14
  5.7622      0.190230E-04     -0.104292E+02     -0.109152E-08     -0.268161E-04     -0.280655E-14
  5.7685      0.182580E-04     -0.111431E+02     -0.113564E-08     -0.274696E-04     -0.279953E-14
  5.7748      0.175175E-04     -0.119130E+02     -0.118334E-08     -0.281457E-04     -0.279576E-14
  5.7810      0.168009E-04     -0.127452E+02     -0.123856E-08     -0.288486E-04     -0.280348E-14
  5.7873      0.161077E-04     -0.136452E+02     -0.129175E-08     -0.295794E-04     -0.280021E-14
  5.7936      0.154375E-04     -0.146186E+02     -0.134320E-08     -0.303380E-04     -0.278754E-14
  5.7999      0.147895E-04     -0.156727E+02     -0.141973E-08     -0.311267E-04     -0.281965E-14
  5.8061      0.141634E-04     -0.168149E+02     -0.147735E-08     -0.319469E-04     -0.280683E-14
  5.8124      0.135586E-04     -0.180540E+02     -0.153805E-08     -0.328008E-04     -0.279436E-14
  5.8187      0.129746E-04     -0.193984E+02     -0.161363E-08     -0.336890E-04     -0.280238E-14
  5.8250      0.124109E-04     -0.208590E+02     -0.168716E-08     -0.346141E-04     -0.279974E-14
  5.8312      0.118669E-04     -0.224469E+02     -0.176084E-08     -0.355781E-04     -0.279092E-14
  5.8375      0.113421E-04     -0.241751E+02     -0.184932E-08     -0.365836E-04     -0.279854E-14
  5.8438      0.108362E-04     -0.260573E+02     -0.193601E-08     -0.376324E-04     -0.279602E-14
  5.8501      0.103484E-04     -0.281096E+02     -0.202623E-08     -0.387276E-04     -0.279161E-14
  5.8564      0.987850E-05     -0.303490E+02     -0.211925E-08     -0.398713E-04     -0.278419E-14
  5.8626      0.942583E-05     -0.327955E+02     -0.223328E-08     -0.410671E-04     -0.279655E-14
  5.8689      0.898997E-05     -0.354704E+02     -0.233863E-08     -0.423175E-04     -0.279007E-14
  5.8752      0.857044E-05     -0.383987E+02     -0.245057E-08     -0.436266E-04     -0.278421E-14
  5.8815      0.816678E-05     -0.416073E+02     -0.258509E-08     -0.449974E-04     -0.279572E-14
  5.8877      0.777853E-05     -0.451273E+02     -0.271072E-08     -0.464345E-04     -0.278924E-14
  5.8940      0.740524E-05     -0.489929E+02     -0.284193E-08     -0.479417E-04     -0.278095E-14
  5.9003      0.704646E-05     -0.532436E+02     -0.300559E-08     -0.495241E-04     -0.279563E-14
  5.9066      0.670175E-05     -0.579226E+02     -0.315175E-08     -0.511863E-04     -0.278521E-14
  5.9128      0.637069E-05     -0.630804E+02     -0.331124E-08     -0.529342E-04     -0.277864E-14
  5.9191      0.605285E-05     -0.687723E+02     -0.350755E-08     -0.547732E-04     -0.279357E-14
  5.9254      0.574782E-05     -0.750631E+02     -0.368309E-08     -0.567106E-04     -0.278260E-14
  5.9317      0.545519E-05     -0.820241E+02     -0.386607E-08     -0.587524E-04     -0.276920E-14
  5.9380      0.517456E-05     -0.897390E+02     -0.410800E-08     -0.609074E-04     -0.278817E-14
  5.9442      0.490554E-05     -0.983009E+02     -0.432554E-08     -0.631831E-04     -0.278025E-14
  5.9505      0.464775E-05     -0.107819E+03     -0.455591E-08     -0.655896E-04     -0.277151E-14
  5.9568      0.440082E-05     -0.118414E+03     -0.484977E-08     -0.681362E-04     -0.279059E-14
  5.9631      0.416438E-05     -0.130231E+03     -0.511166E-08     -0.708348E-04     -0.278032E-14
  5.9693      0.393807E-05     -0.143430E+03     -0.536592E-08     -0.736968E-04     -0.275711E-14
  5.9756      0.372154E-05     -0.158201E+03     -0.577596E-08     -0.767366E-04     -0.280167E-14
  5.9819      0.351445E-05     -0.174762E+03     -0.608420E-08     -0.799684E-04     -0.278403E-14
  5.9882      0.331647E-05     -0.193366E+03     -0.641071E-08     -0.834095E-04     -0.276529E-14
  5.9944      0.312727E-05     -0.214307E+03     -0.676211E-08     -0.870773E-04     -0.274759E-14
  6.0007      0.294655E-05     -0.237929E+03     -0.725726E-08     -0.909934E-04     -0.277546E-14
  6.0070      0.277398E-05     -0.264633E+03     -0.767286E-08     -0.951794E-04     -0.275966E-14
  6.0133      0.260928E-05     -0.294895E+03     -0.815127E-08     -0.996619E-04     -0.275478E-14
  6.0196      0.245216E-05     -0.329267E+03     -0.869616E-08     -0.104468E-03     -0.275908E-14
  6.0258      0.230232E-05     -0.368414E+03     -0.923626E-08     -0.109632E-03     -0.274851E-14
  6.0321      0.215950E-05     -0.413113E+03     -0.978243E-08     -0.115187E-03     -0.272761E-14
  6.0384      0.202343E-05     -0.464302E+03     -0.105841E-07     -0.121177E-03     -0.276232E-14
  6.0447      0.189385E-05     -0.523093E+03     -0.112177E-07     -0.127646E-03     -0.273735E-14
  6.0509      0.177052E-05     -0.590834E+03     -0.119226E-07     -0.134647E-03     -0.271708E-14
  6.0572      0.165320E-05     -0.669141E+03     -0.129722E-07     -0.142240E-03     -0.275751E-14
  6.0635      0.154164E-05     -0.759989E+03     -0.138333E-07     -0.150495E-03     -0.273929E-14
  6.0698      0.143564E-05     -0.865775E+03     -0.146707E-07     -0.159489E-03     -0.270256E-14
  6.0760      0.133496E-05     -0.989451E+03     -0.164990E-07     -0.169314E-03     -0.282330E-14
  6.0823      0.123939E-05     -0.113465E+04     -0.176093E-07     -0.180075E-03     -0.279470E-14
  6.0886      0.114875E-05     -0.130588E+04     -0.188237E-07     -0.191896E-03     -0.276608E-14
  6.0949      0.106283E-05     -0.150880E+04     -0.207929E-07     -0.204918E-03     -0.282400E-14
  6.1012      0.981440E-06     -0.175049E+04     -0.222718E-07     -0.219313E-03     -0.279036E-14
  6.1074      0.904409E-06     -0.203996E+04     -0.236816E-07     -0.235278E-03     -0.273131E-14
  6.1137      0.831562E-06     -0.238873E+04     -0.265874E-07     -0.253051E-03     -0.281656E-14
  6.1200      0.762734E-06     -0.281160E+04     -0.286566E-07     -0.272916E-03     -0.278164E-14
  6.1263      0.697766E-06     -0.332789E+04     -0.309405E-07     -0.295213E-03     -0.274470E-14
  6.1325      0.636508E-06     -0.396294E+04     -0.350531E-07     -0.320356E-03     -0.283363E-14
  6.1388      0.578816E-06     -0.475043E+04     -0.379424E-07     -0.348852E-03     -0.278633E-14
  6.1451      0.524552E-06     -0.573562E+04     -0.409081E-07     -0.381323E-03     -0.271970E-14
  6.1514      0.473586E-06     -0.698012E+04     -0.445373E-07     -0.418545E-03     -0.267056E-14
  6.1576      0.425793E-06     -0.856890E+04     -0.518575E-07     -0.461489E-03     -0.279285E-14
  6.1639      0.381057E-06     -0.106212E+05     -0.562384E-07     -0.511395E-03     -0.270781E-14
  6.1702      0.339265E-06     -0.133066E+05     -0.608608E-07     -0.569850E-03     -0.260633E-14
  6.1765      0.300314E-06     -0.168718E+05     -0.734033E-07     -0.638924E-03     -0.277973E-14
  6.1828      0.264104E-06     -0.216822E+05     -0.799535E-07     -0.721353E-03     -0.266001E-14
  6.1890      0.230543E-06     -0.282921E+05     -0.869270E-07     -0.820816E-03     -0.252195E-14
  6.1953      0.199544E-06     -0.375650E+05     -0.110114E-06     -0.942350E-03     -0.276230E-14
  6.2016      0.171028E-06     -0.508867E+05     -0.119924E-06     -0.109300E-02     -0.257587E-14
  6.2079      0.144919E-06     -0.705582E+05     -0.129971E-06     -0.128287E-02     -0.236309E-14
  6.2141      0.121149E-06     -0.100556E+06     -0.181366E-06     -0.152685E-02     -0.275388E-14
  6.2204      0.996540E-07     -0.148077E+06     -0.196917E-06     -0.184763E-02     -0.245703E-14
  6.2267      0.803778E-07     -0.226899E+06     -0.202944E-06     -0.228120E-02     -0.204036E-14
  6.2330      0.632683E-07     -0.365222E+06     -0.343169E-06     -0.288736E-02     -0.271301E-14
  6.2392      0.482795E-07     -0.625793E+06     -0.351391E-06     -0.377150E-02     -0.211774E-14
  6.2455      0.353708E-07     -0.116388E+07     -0.251668E-06     -0.513377E-02     -0.111009E-14
  6.2518      0.245072E-07     -0.242149E+07     -0.859194E-06     -0.739303E-02     -0.262320E-14
  6.2581      0.156590E-07     -0.592776E+07     -0.387362E-06     -0.115522E-01     -0.754903E-15
  6.2644      0.880204E-08     -0.187672E+08      0.355411E-05     -0.205380E-01      0.388947E-14
  6.2706      0.391764E-08     -0.949716E+08     -0.363980E-05     -0.462125E-01     -0.177110E-14
  6.2769      0.992347E-09     -0.150126E+10      0.234851E-03     -0.184853E+00      0.289176E-13
