 
 # six columns.
 # Omega (column 1); |pulse ft|^2 (2); cross section (Mb) (3); flux (column 5)
 
  0.0000      0.239102E-10      0.000000E+00      0.000000E+00     -0.303704E+00     -0.515430E-15
  0.0063      0.592459E-08     -0.251144E+06     -0.693027E-09     -0.184624E+00     -0.509467E-15
  0.0126      0.236667E-07     -0.314274E+05     -0.361745E-09     -0.461449E-01     -0.531151E-15
  0.0188      0.533706E-07     -0.928716E+04     -0.229028E-09     -0.205008E-01     -0.505563E-15
  0.0251      0.952371E-07     -0.390096E+04     -0.175303E-09     -0.115246E-01     -0.517896E-15
  0.0314      0.149548E-06     -0.198578E+04     -0.129429E-09     -0.736968E-02     -0.480342E-15
  0.0377      0.216668E-06     -0.114098E+04     -0.113801E-09     -0.511244E-02     -0.509914E-15
  0.0439      0.297043E-06     -0.712402E+03     -0.977748E-10     -0.375105E-02     -0.514820E-15
  0.0502      0.391204E-06     -0.472653E+03     -0.837099E-10     -0.286789E-02     -0.507922E-15
  0.0565      0.499767E-06     -0.328339E+03     -0.735789E-10     -0.226232E-02     -0.506973E-15
  0.0628      0.623435E-06     -0.236376E+03     -0.655415E-10     -0.182853E-02     -0.507007E-15
  0.0690      0.762999E-06     -0.175156E+03     -0.580949E-10     -0.150752E-02     -0.500007E-15
  0.0753      0.919340E-06     -0.132889E+03     -0.546302E-10     -0.126325E-02     -0.519319E-15
  0.0816      0.109343E-05     -0.102814E+03     -0.477710E-10     -0.107302E-02     -0.498564E-15
  0.0879      0.128635E-05     -0.808594E+02     -0.456163E-10     -0.921865E-03     -0.520065E-15
  0.0942      0.149925E-05     -0.644890E+02     -0.415327E-10     -0.799787E-03     -0.515084E-15
  0.1004      0.173339E-05     -0.520497E+02     -0.385652E-10     -0.699684E-03     -0.518418E-15
  0.1067      0.199016E-05     -0.424454E+02     -0.351713E-10     -0.616560E-03     -0.510896E-15
  0.1130      0.227100E-05     -0.349229E+02     -0.327050E-10     -0.546715E-03     -0.511994E-15
  0.1193      0.257750E-05     -0.289565E+02     -0.303488E-10     -0.487414E-03     -0.510849E-15
  0.1255      0.291134E-05     -0.241699E+02     -0.275937E-10     -0.436560E-03     -0.498401E-15
  0.1318      0.327431E-05     -0.202916E+02     -0.258784E-10     -0.392575E-03     -0.500661E-15
  0.1381      0.366831E-05     -0.171177E+02     -0.240684E-10     -0.354158E-03     -0.497964E-15
  0.1444      0.409538E-05     -0.144995E+02     -0.229233E-10     -0.320350E-03     -0.506465E-15
  0.1506      0.455764E-05     -0.123225E+02     -0.218867E-10     -0.290359E-03     -0.515721E-15
  0.1569      0.505735E-05     -0.104983E+02     -0.203256E-10     -0.263516E-03     -0.510192E-15
  0.1632      0.559689E-05     -0.895663E+01     -0.192461E-10     -0.239235E-03     -0.514071E-15
  0.1695      0.617875E-05     -0.764261E+01     -0.179623E-10     -0.217013E-03     -0.510043E-15
  0.1758      0.680557E-05     -0.651047E+01     -0.177830E-10     -0.196348E-03     -0.536314E-15
  0.1820      0.748009E-05     -0.551685E+01     -0.164776E-10     -0.176566E-03     -0.527363E-15
  0.1883      0.820518E-05     -0.462196E+01     -0.152678E-10     -0.156855E-03     -0.518142E-15
  0.1946      0.898384E-05     -0.373016E+01     -0.143367E-10     -0.134133E-03     -0.515533E-15
  0.2009      0.981919E-05     -0.265559E+01     -0.135427E-10     -0.101110E-03     -0.515628E-15
  0.2071      0.107145E-04     -0.146756E+00     -0.128584E-10     -0.591234E-05     -0.518026E-15
  0.2134      0.116731E-04      0.420499E+01     -0.123228E-10      0.179135E-03     -0.524957E-15
  0.2197      0.126986E-04      0.677479E+01     -0.112008E-10      0.304993E-03     -0.504249E-15
  0.2260      0.137945E-04      0.747405E+01     -0.107931E-10      0.355358E-03     -0.513166E-15
  0.2322      0.149646E-04      0.100840E+02     -0.103012E-10      0.506062E-03     -0.516961E-15
  0.2385      0.162128E-04      0.130373E+02     -0.985009E-11      0.690191E-03     -0.521461E-15
  0.2448      0.175430E-04      0.148806E+02     -0.938305E-11      0.830553E-03     -0.523710E-15
  0.2511      0.189594E-04      0.162631E+02     -0.918582E-11      0.956481E-03     -0.540244E-15
  0.2574      0.204662E-04      0.171971E+02     -0.844636E-11      0.106516E-02     -0.523155E-15
  0.2636      0.220677E-04      0.182790E+02     -0.829304E-11      0.119170E-02     -0.540665E-15
  0.2699      0.237682E-04      0.192987E+02     -0.790279E-11      0.132362E-02     -0.542020E-15
  0.2762      0.255724E-04      0.203676E+02     -0.768218E-11      0.146881E-02     -0.554000E-15
  0.2825      0.274848E-04      0.214125E+02     -0.750824E-11      0.162276E-02     -0.569016E-15
  0.2887      0.295101E-04      0.223863E+02     -0.735776E-11      0.178198E-02     -0.585686E-15
  0.2950      0.316531E-04      0.232262E+02     -0.597209E-11      0.194090E-02     -0.499058E-15
  0.3013      0.339186E-04      0.238054E+02     -0.578266E-11      0.208727E-02     -0.507027E-15
  0.3076      0.363115E-04      0.242613E+02     -0.561316E-11      0.223085E-02     -0.516134E-15
  0.3138      0.388369E-04      0.245348E+02     -0.561457E-11      0.236463E-02     -0.541125E-15
  0.3201      0.414996E-04      0.248222E+02     -0.564827E-11      0.250622E-02     -0.570290E-15
  0.3264      0.443048E-04      0.250256E+02     -0.563488E-11      0.264569E-02     -0.595715E-15
  0.3327      0.472574E-04      0.252912E+02     -0.559705E-11      0.279815E-02     -0.619242E-15
  0.3390      0.503627E-04      0.254945E+02     -0.490649E-11      0.295031E-02     -0.567797E-15
  0.3452      0.536256E-04      0.257224E+02     -0.414213E-11      0.311191E-02     -0.501118E-15
  0.3515      0.570513E-04      0.258787E+02     -0.419921E-11      0.327134E-02     -0.530825E-15
  0.3578      0.606448E-04      0.259942E+02     -0.421639E-11      0.343164E-02     -0.556629E-15
  0.3641      0.644112E-04      0.260557E+02     -0.424484E-11      0.359040E-02     -0.584927E-15
  0.3703      0.683554E-04      0.260389E+02     -0.428608E-11      0.374326E-02     -0.616152E-15
  0.3766      0.724824E-04      0.260159E+02     -0.432899E-11      0.389966E-02     -0.648895E-15
  0.3829      0.767971E-04      0.259066E+02     -0.365901E-11      0.404699E-02     -0.571591E-15
  0.3892      0.813043E-04      0.258442E+02     -0.372272E-11      0.420525E-02     -0.605744E-15
  0.3954      0.860085E-04      0.256850E+02     -0.378324E-11      0.435097E-02     -0.640872E-15
  0.4017      0.909145E-04      0.256002E+02     -0.312966E-11      0.451236E-02     -0.551642E-15
  0.4080      0.960267E-04      0.254152E+02     -0.319802E-11      0.465884E-02     -0.586228E-15
  0.4143      0.101349E-03      0.253127E+02     -0.330031E-11      0.482306E-02     -0.628837E-15
  0.4206      0.106887E-03      0.251226E+02     -0.336736E-11      0.497301E-02     -0.666567E-15
  0.4268      0.112642E-03      0.249998E+02     -0.276613E-11      0.513850E-02     -0.568556E-15
  0.4331      0.118621E-03      0.248074E+02     -0.286866E-11      0.529176E-02     -0.611924E-15
  0.4394      0.124825E-03      0.246613E+02     -0.295668E-11      0.545667E-02     -0.654208E-15
  0.4457      0.131259E-03      0.244898E+02     -0.306745E-11      0.561774E-02     -0.703647E-15
  0.4519      0.137925E-03      0.243220E+02     -0.247042E-11      0.578118E-02     -0.587204E-15
  0.4582      0.144827E-03      0.241827E+02     -0.257916E-11      0.595305E-02     -0.634909E-15
  0.4645      0.151967E-03      0.240061E+02     -0.267801E-11      0.611709E-02     -0.682397E-15
  0.4708      0.159347E-03      0.239361E+02     -0.212788E-11      0.631022E-02     -0.560966E-15
  0.4770      0.166970E-03      0.237744E+02     -0.224632E-11      0.648099E-02     -0.612357E-15
  0.4833      0.174838E-03      0.238506E+02     -0.233740E-11      0.671971E-02     -0.658544E-15
  0.4896      0.182951E-03      0.237805E+02     -0.247435E-11      0.692098E-02     -0.720127E-15
  0.4959      0.191311E-03      0.243197E+02     -0.262316E-11      0.730766E-02     -0.788215E-15
  0.5022      0.199919E-03      0.246964E+02     -0.278534E-11      0.765783E-02     -0.863675E-15
  0.5084      0.208776E-03      0.284620E+02     -0.231067E-11      0.910264E-02     -0.738992E-15
  0.5147      0.217880E-03      0.312059E+02     -0.170608E-11      0.102884E-01     -0.562484E-15
  0.5210      0.227233E-03      0.271023E+02     -0.261840E-11      0.920673E-02     -0.889479E-15
  0.5273      0.236832E-03      0.264260E+02     -0.199337E-11      0.924486E-02     -0.697359E-15
  0.5335      0.246678E-03      0.339213E+02     -0.139704E-11      0.122149E-01     -0.503070E-15
  0.5398      0.256769E-03      0.397846E+02     -0.277557E-11      0.147389E-01     -0.102826E-14
  0.5461      0.267102E-03      0.361613E+02     -0.185905E-11      0.137755E-01     -0.708201E-15
  0.5524      0.277676E-03      0.326623E+02     -0.295747E-11      0.127882E-01     -0.115793E-14
  0.5586      0.288487E-03      0.329457E+02     -0.226545E-11      0.132508E-01     -0.911164E-15
  0.5649      0.299532E-03      0.325583E+02     -0.338787E-11      0.134453E-01     -0.139905E-14
  0.5712      0.310809E-03      0.319530E+02     -0.265040E-11      0.135416E-01     -0.112323E-14
  0.5775      0.322311E-03      0.308766E+02     -0.367931E-11      0.134222E-01     -0.159942E-14
  0.5838      0.334036E-03      0.301295E+02     -0.124556E-11      0.134279E-01     -0.555112E-15
  0.5900      0.345977E-03      0.293620E+02     -0.617244E-12      0.134095E-01     -0.281893E-15
  0.5963      0.358130E-03      0.286166E+02     -0.163362E-11      0.133857E-01     -0.764146E-15
  0.6026      0.370489E-03      0.279279E+02     -0.103244E-11      0.133736E-01     -0.494396E-15
  0.6089      0.383046E-03      0.273153E+02     -0.199940E-11      0.133842E-01     -0.979685E-15
  0.6151      0.395796E-03      0.267737E+02     -0.137772E-11      0.134171E-01     -0.690420E-15
  0.6214      0.408730E-03      0.261951E+02     -0.229928E-11      0.134192E-01     -0.117788E-14
  0.6277      0.421841E-03      0.256641E+02     -0.170680E-11      0.134332E-01     -0.893383E-15
  0.6340      0.435121E-03      0.251325E+02     -0.258314E-11      0.134348E-01     -0.138084E-14
  0.6402      0.448560E-03      0.246214E+02     -0.202031E-11      0.134351E-01     -0.110242E-14
  0.6465      0.462151E-03      0.240941E+02     -0.148938E-11      0.134142E-01     -0.829198E-15
  0.6528      0.475883E-03      0.235926E+02     -0.230066E-11      0.133952E-01     -0.130625E-14
  0.6591      0.489746E-03      0.230921E+02     -0.176396E-11      0.133645E-01     -0.102088E-14
  0.6654      0.503730E-03      0.226278E+02     -0.254918E-11      0.133426E-01     -0.150314E-14
  0.6716      0.517823E-03      0.221736E+02     -0.774213E-12      0.133150E-01     -0.464906E-15
  0.6779      0.532016E-03      0.217468E+02     -0.155526E-11      0.132924E-01     -0.950628E-15
  0.6842      0.546296E-03      0.213256E+02     -0.108092E-11      0.132620E-01     -0.672205E-15
  0.6905      0.560651E-03      0.209212E+02     -0.639115E-12      0.132310E-01     -0.404191E-15
  0.6967      0.575070E-03      0.205226E+02     -0.136680E-11      0.131928E-01     -0.878637E-15
  0.7030      0.589538E-03      0.201349E+02     -0.936243E-12      0.131508E-01     -0.611490E-15
  0.7093      0.604044E-03      0.197529E+02     -0.162545E-11      0.131017E-01     -0.107813E-14
  0.7156      0.618574E-03      0.193803E+02     -0.119036E-11      0.130483E-01     -0.801442E-15
  0.7218      0.633115E-03      0.190155E+02     -0.186141E-11      0.129897E-01     -0.127155E-14
  0.7281      0.647652E-03      0.186607E+02     -0.144232E-11      0.129276E-01     -0.999201E-15
  0.7344      0.662172E-03      0.183138E+02     -0.208982E-11      0.128609E-01     -0.146758E-14
  0.7407      0.676661E-03      0.179805E+02     -0.167003E-11      0.127937E-01     -0.118829E-14
  0.7470      0.691103E-03      0.176569E+02     -0.127586E-11      0.127238E-01     -0.919403E-15
  0.7532      0.705485E-03      0.173481E+02     -0.189291E-11      0.126551E-01     -0.138084E-14
  0.7595      0.719791E-03      0.170424E+02     -0.535843E-12      0.125793E-01     -0.395517E-15
  0.7658      0.734007E-03      0.167504E+02     -0.113862E-11      0.125047E-01     -0.850015E-15
  0.7721      0.748117E-03      0.164594E+02     -0.781516E-12      0.124218E-01     -0.589806E-15
  0.7783      0.762107E-03      0.161823E+02     -0.136484E-11      0.123408E-01     -0.104083E-14
  0.7846      0.775961E-03      0.159029E+02     -0.101346E-11      0.122494E-01     -0.780626E-15
  0.7909      0.789664E-03      0.156375E+02     -0.157714E-11      0.121603E-01     -0.122645E-14
  0.7972      0.803201E-03      0.153729E+02     -0.123571E-11      0.120638E-01     -0.969710E-15
  0.8034      0.816556E-03      0.151218E+02     -0.901815E-12      0.119698E-01     -0.713839E-15
  0.8097      0.829714E-03      0.148698E+02     -0.142916E-11      0.118672E-01     -0.114058E-14
  0.8160      0.842661E-03      0.146243E+02     -0.111292E-11      0.117623E-01     -0.895117E-15
  0.8223      0.855381E-03      0.143801E+02     -0.161973E-11      0.116508E-01     -0.131232E-14
  0.8286      0.867860E-03      0.141387E+02     -0.130349E-11      0.115343E-01     -0.106339E-14
  0.8348      0.880082E-03      0.139017E+02     -0.178001E-11      0.114142E-01     -0.146150E-14
  0.8411      0.892034E-03      0.136628E+02     -0.147429E-11      0.112855E-01     -0.121778E-14
  0.8474      0.903700E-03      0.134328E+02     -0.194021E-11      0.111574E-01     -0.161156E-14
  0.8537      0.915067E-03      0.132026E+02     -0.891388E-12      0.110225E-01     -0.744196E-15
  0.8599      0.926120E-03      0.129903E+02     -0.615267E-12      0.108962E-01     -0.516080E-15
  0.8662      0.936847E-03      0.127745E+02     -0.107705E-11      0.107607E-01     -0.907260E-15
  0.8725      0.947235E-03      0.125754E+02     -0.808308E-12      0.106334E-01     -0.683481E-15
  0.8788      0.957269E-03      0.123717E+02     -0.123803E-11      0.104965E-01     -0.105038E-14
  0.8850      0.966937E-03      0.121894E+02     -0.979575E-12      0.103721E-01     -0.833535E-15
  0.8913      0.976229E-03      0.120120E+02     -0.139910E-11      0.102467E-01     -0.119349E-14
  0.8976      0.985130E-03      0.118615E+02     -0.114356E-11      0.101392E-01     -0.977517E-15
  0.9039      0.993631E-03      0.117311E+02     -0.894523E-12      0.100440E-01     -0.765880E-15
  0.9102      0.100172E-02      0.116297E+02     -0.131338E-11      0.996904E-02     -0.112584E-14
  0.9164      0.100939E-02      0.115700E+02     -0.107378E-11      0.992533E-02     -0.921138E-15
  0.9227      0.101662E-02      0.115505E+02     -0.148179E-11      0.991173E-02     -0.127155E-14
  0.9290      0.102341E-02      0.115988E+02     -0.124744E-11      0.995199E-02     -0.107032E-14
  0.9353      0.102976E-02      0.117176E+02     -0.167193E-11      0.100483E-01     -0.143375E-14
  0.9415      0.103564E-02      0.119608E+02     -0.769466E-12      0.102467E-01     -0.659195E-15
  0.9478      0.104106E-02      0.122851E+02     -0.121972E-11      0.105095E-01     -0.104344E-14
  0.9541      0.104600E-02      0.126121E+02     -0.980241E-12      0.107691E-01     -0.837004E-15
  0.9604      0.105046E-02      0.129965E+02     -0.724911E-12      0.110719E-01     -0.617562E-15
  0.9666      0.105444E-02      0.132312E+02     -0.121796E-11      0.112410E-01     -0.103476E-14
  0.9729      0.105792E-02      0.135195E+02     -0.943262E-12      0.114496E-01     -0.798840E-15
  0.9792      0.106091E-02      0.139645E+02     -0.145342E-11      0.117837E-01     -0.122645E-14
  0.9855      0.106339E-02      0.172396E+02     -0.129625E-11      0.144886E-01     -0.108941E-14
  0.9918      0.106537E-02      0.215533E+02     -0.225170E-11      0.180328E-01     -0.188391E-14
  0.9980      0.106684E-02      0.209263E+02     -0.177838E-11      0.174222E-01     -0.148059E-14
  1.0043      0.106780E-02      0.197830E+02     -0.242583E-11      0.163821E-01     -0.200881E-14
  1.0106      0.106825E-02      0.221194E+02     -0.218396E-11      0.182108E-01     -0.179804E-14
  1.0169      0.106819E-02      0.258343E+02     -0.190612E-11      0.211367E-01     -0.155952E-14
  1.0231      0.106762E-02      0.269262E+02     -0.293280E-11      0.218832E-01     -0.238351E-14
  1.0294      0.106653E-02      0.214351E+02     -0.812619E-12      0.172966E-01     -0.655725E-15
  1.0357      0.106493E-02      0.154852E+02     -0.133218E-11      0.124011E-01     -0.106685E-14
  1.0420      0.106282E-02      0.182900E+02     -0.213228E-11      0.145303E-01     -0.169396E-14
  1.0482      0.106020E-02      0.218712E+02     -0.717906E-12      0.172287E-01     -0.565520E-15
  1.0545      0.105708E-02      0.170888E+02     -0.132425E-11      0.133419E-01     -0.103390E-14
  1.0608      0.105346E-02      0.123044E+02     -0.158902E-11      0.951700E-02     -0.122905E-14
  1.0671      0.104935E-02      0.109734E+02     -0.641539E-12      0.840465E-02     -0.491360E-15
  1.0734      0.104474E-02      0.100994E+02     -0.101772E-11      0.765620E-02     -0.771518E-15
  1.0796      0.103964E-02      0.961367E+01     -0.136002E-11      0.721029E-02     -0.102002E-14
  1.0859      0.103407E-02      0.918133E+01     -0.166883E-11      0.680953E-02     -0.123773E-14
  1.0922      0.102803E-02      0.889097E+01     -0.950068E-12      0.651794E-02     -0.696491E-15
  1.0985      0.102151E-02      0.862956E+01     -0.126220E-11      0.625031E-02     -0.914199E-15
  1.1047      0.101454E-02      0.842200E+01     -0.156432E-11      0.602394E-02     -0.111890E-14
  1.1110      0.100713E-02      0.828797E+01     -0.185507E-11      0.585148E-02     -0.130972E-14
  1.1173      0.999269E-03      0.822732E+01     -0.122090E-11      0.573097E-02     -0.850448E-15
  1.1236      0.990982E-03      0.859154E+01     -0.156505E-11      0.590188E-02     -0.107509E-14
  1.1298      0.982274E-03      0.977688E+01     -0.204376E-11      0.662014E-02     -0.138388E-14
  1.1361      0.973156E-03      0.101486E+02     -0.131769E-11      0.677044E-02     -0.879071E-15
  1.1424      0.963640E-03      0.927107E+01     -0.161662E-11      0.609088E-02     -0.106208E-14
  1.1487      0.953738E-03      0.906688E+01     -0.193746E-11      0.586330E-02     -0.125290E-14
  1.1550      0.943460E-03      0.916555E+01     -0.228624E-11      0.583137E-02     -0.145457E-14
  1.1612      0.932819E-03      0.863652E+01     -0.561465E-12      0.540345E-02     -0.351282E-15
  1.1675      0.921829E-03      0.814169E+01     -0.888581E-12      0.500678E-02     -0.546438E-15
  1.1738      0.910501E-03      0.787742E+01     -0.118515E-11      0.475915E-02     -0.716007E-15
  1.1801      0.898850E-03      0.760190E+01     -0.595057E-12      0.450981E-02     -0.353016E-15
  1.1863      0.886890E-03      0.741064E+01     -0.882620E-12      0.431490E-02     -0.513912E-15
  1.1926      0.874634E-03      0.724706E+01     -0.117078E-11      0.413944E-02     -0.668736E-15
  1.1989      0.862096E-03      0.709344E+01     -0.143527E-11      0.397270E-02     -0.803827E-15
  1.2052      0.849292E-03      0.692877E+01     -0.909064E-12      0.380293E-02     -0.498950E-15
  1.2114      0.836235E-03      0.677905E+01     -0.117329E-11      0.364458E-02     -0.630789E-15
  1.2177      0.822942E-03      0.664211E+01     -0.143160E-11      0.349607E-02     -0.753521E-15
  1.2240      0.809426E-03      0.651026E+01     -0.948111E-12      0.335311E-02     -0.488325E-15
  1.2303      0.795703E-03      0.639056E+01     -0.119971E-11      0.321915E-02     -0.604334E-15
  1.2366      0.781789E-03      0.627817E+01     -0.143822E-11      0.309146E-02     -0.708201E-15
  1.2428      0.767699E-03      0.617359E+01     -0.168119E-11      0.297010E-02     -0.808815E-15
  1.2491      0.753448E-03      0.607169E+01     -0.122546E-11      0.285244E-02     -0.575711E-15
  1.2554      0.739051E-03      0.597367E+01     -0.146653E-11      0.273900E-02     -0.672422E-15
  1.2617      0.724525E-03      0.587993E+01     -0.169976E-11      0.262988E-02     -0.760243E-15
  1.2679      0.709885E-03      0.579273E+01     -0.193042E-11      0.252596E-02     -0.841775E-15
  1.2742      0.695146E-03      0.571066E+01     -0.150344E-11      0.242646E-02     -0.638812E-15
  1.2805      0.680323E-03      0.563657E+01     -0.174446E-11      0.233242E-02     -0.721862E-15
  1.2868      0.665433E-03      0.556490E+01     -0.197206E-11      0.224137E-02     -0.794287E-15
  1.2930      0.650489E-03      0.550477E+01     -0.157284E-11      0.215684E-02     -0.616261E-15
  1.2993      0.635507E-03      0.545320E+01     -0.180957E-11      0.207734E-02     -0.689336E-15
  1.3056      0.620501E-03      0.541534E+01     -0.204066E-11      0.200453E-02     -0.755364E-15
  1.3119      0.605487E-03      0.539462E+01     -0.226328E-11      0.193921E-02     -0.813585E-15
  1.3182      0.590479E-03      0.538252E+01     -0.190648E-11      0.187792E-02     -0.665158E-15
  1.3244      0.575491E-03      0.539654E+01     -0.212788E-11      0.182633E-02     -0.720127E-15
  1.3307      0.560536E-03      0.535858E+01     -0.236850E-11      0.175802E-02     -0.777048E-15
  1.3370      0.545629E-03      0.522945E+01     -0.199477E-11      0.166219E-02     -0.634041E-15
  1.3433      0.530783E-03      0.517746E+01     -0.165083E-11      0.159341E-02     -0.508057E-15
  1.3495      0.516011E-03      0.513383E+01     -0.188332E-11      0.152887E-02     -0.560858E-15
  1.3558      0.501326E-03      0.503973E+01     -0.213575E-11      0.145138E-02     -0.615068E-15
  1.3621      0.486740E-03      0.494382E+01     -0.179857E-11      0.137596E-02     -0.500576E-15
  1.3684      0.472265E-03      0.486710E+01     -0.202075E-11      0.130830E-02     -0.543185E-15
  1.3746      0.457913E-03      0.480425E+01     -0.226874E-11      0.124644E-02     -0.588613E-15
  1.3809      0.443694E-03      0.473123E+01     -0.197564E-11      0.118397E-02     -0.494396E-15
  1.3872      0.429621E-03      0.465287E+01     -0.222762E-11      0.112233E-02     -0.537331E-15
  1.3935      0.415704E-03      0.457180E+01     -0.247174E-11      0.106224E-02     -0.574302E-15
  1.3998      0.401951E-03      0.449897E+01     -0.271083E-11      0.100621E-02     -0.606286E-15
  1.4060      0.388374E-03      0.442894E+01     -0.244902E-11      0.952815E-03     -0.526868E-15
  1.4123      0.374981E-03      0.435938E+01     -0.270091E-11      0.901485E-03     -0.558527E-15
  1.4186      0.361782E-03      0.429276E+01     -0.295982E-11      0.852671E-03     -0.587909E-15
  1.4249      0.348783E-03      0.423209E+01     -0.321479E-11      0.806847E-03     -0.612899E-15
  1.4311      0.335994E-03      0.417316E+01     -0.300262E-11      0.763076E-03     -0.549040E-15
  1.4374      0.323421E-03      0.411908E+01     -0.327316E-11      0.721838E-03     -0.573597E-15
  1.4437      0.311071E-03      0.406673E+01     -0.352844E-11      0.682471E-03     -0.592137E-15
  1.4500      0.298952E-03      0.401922E+01     -0.323576E-11      0.645413E-03     -0.519604E-15
  1.4562      0.287068E-03      0.397254E+01     -0.354778E-11      0.609918E-03     -0.544703E-15
  1.4625      0.275425E-03      0.393188E+01     -0.391549E-11      0.576707E-03     -0.574302E-15
  1.4688      0.264029E-03      0.389296E+01     -0.424528E-11      0.545032E-03     -0.594360E-15
  1.4751      0.252883E-03      0.386151E+01     -0.412897E-11      0.515604E-03     -0.551317E-15
  1.4814      0.241993E-03      0.383431E+01     -0.446033E-11      0.487848E-03     -0.567499E-15
  1.4876      0.231361E-03      0.381749E+01     -0.478443E-11      0.462409E-03     -0.579533E-15
  1.4939      0.220990E-03      0.380742E+01     -0.469719E-11      0.438666E-03     -0.541180E-15
  1.5002      0.210884E-03      0.382334E+01     -0.509275E-11      0.418597E-03     -0.557578E-15
  1.5065      0.201045E-03      0.378303E+01     -0.546996E-11      0.393213E-03     -0.568556E-15
  1.5127      0.191474E-03      0.368560E+01     -0.586767E-11      0.363335E-03     -0.578449E-15
  1.5190      0.182173E-03      0.363297E+01     -0.546361E-11      0.339341E-03     -0.510334E-15
  1.5253      0.173142E-03      0.363057E+01     -0.588791E-11      0.320980E-03     -0.520553E-15
  1.5316      0.164383E-03      0.364559E+01     -0.633515E-11      0.304748E-03     -0.529579E-15
  1.5378      0.155895E-03      0.365484E+01     -0.686675E-11      0.288563E-03     -0.542155E-15
  1.5441      0.147678E-03      0.365448E+01     -0.694473E-11      0.272215E-03     -0.517300E-15
  1.5504      0.139731E-03      0.365416E+01     -0.749849E-11      0.256502E-03     -0.526353E-15
  1.5567      0.132054E-03      0.375567E+01     -0.810399E-11      0.248138E-03     -0.535433E-15
  1.5630      0.124645E-03      0.385157E+01     -0.833081E-11      0.239231E-03     -0.517449E-15
  1.5692      0.117501E-03      0.376994E+01     -0.899151E-11      0.219858E-03     -0.524374E-15
  1.5755      0.110622E-03      0.373563E+01     -0.969991E-11      0.204285E-03     -0.530446E-15
  1.5818      0.104004E-03      0.378265E+01     -0.105472E-10      0.193710E-03     -0.540122E-15
  1.5881      0.976446E-04      0.377027E+01     -0.108904E-10      0.180554E-03     -0.521528E-15
  1.5943      0.915411E-04      0.376599E+01     -0.118076E-10      0.168410E-03     -0.528020E-15
  1.6006      0.856898E-04      0.380626E+01     -0.128000E-10      0.158706E-03     -0.533712E-15
  1.6069      0.800871E-04      0.387143E+01     -0.134566E-10      0.150280E-03     -0.522355E-15
  1.6132      0.747291E-04      0.391434E+01     -0.145668E-10      0.141228E-03     -0.525567E-15
  1.6194      0.696118E-04      0.396683E+01     -0.157880E-10      0.132805E-03     -0.528562E-15
  1.6257      0.647306E-04      0.404070E+01     -0.171566E-10      0.125306E-03     -0.532045E-15
  1.6320      0.600811E-04      0.413326E+01     -0.181941E-10      0.118513E-03     -0.521677E-15
  1.6383      0.556584E-04      0.422172E+01     -0.199827E-10      0.111709E-03     -0.528752E-15
  1.6446      0.514576E-04      0.434409E+01     -0.217861E-10      0.105865E-03     -0.530927E-15
  1.6508      0.474735E-04      0.448180E+01     -0.233519E-10      0.100382E-03     -0.523026E-15
  1.6571      0.437008E-04      0.457602E+01     -0.255794E-10      0.939896E-04     -0.525391E-15
  1.6634      0.401340E-04      0.470103E+01     -0.279243E-10      0.883418E-04     -0.524754E-15
  1.6697      0.367677E-04      0.490553E+01     -0.310084E-10      0.841353E-04     -0.531828E-15
  1.6759      0.335962E-04      0.513129E+01     -0.336249E-10      0.801146E-04     -0.524984E-15
  1.6822      0.306136E-04      0.538618E+01     -0.370783E-10      0.763425E-04     -0.525540E-15
  1.6885      0.278141E-04      0.569201E+01     -0.411194E-10      0.730273E-04     -0.527552E-15
  1.6948      0.251918E-04      0.604721E+01     -0.458955E-10      0.700096E-04     -0.531340E-15
  1.7010      0.227408E-04      0.645244E+01     -0.496514E-10      0.671842E-04     -0.516981E-15
  1.7073      0.204550E-04      0.693144E+01     -0.555764E-10      0.646787E-04     -0.518594E-15
  1.7136      0.183284E-04      0.752446E+01     -0.624554E-10      0.626821E-04     -0.520282E-15
  1.7199      0.163549E-04      0.828863E+01     -0.693586E-10      0.613886E-04     -0.513695E-15
  1.7261      0.145286E-04      0.929176E+01     -0.790681E-10      0.609108E-04     -0.518320E-15
  1.7324      0.128432E-04      0.105731E+02     -0.902887E-10      0.610484E-04     -0.521322E-15
  1.7387      0.112930E-04      0.120926E+02     -0.103189E-09      0.611725E-04     -0.521999E-15
  1.7450      0.987176E-05      0.136775E+02     -0.117255E-09      0.602646E-04     -0.516639E-15
  1.7513      0.857368E-05      0.154270E+02     -0.135548E-09      0.588236E-04     -0.516849E-15
  1.7575      0.739285E-05      0.177059E+02     -0.158920E-09      0.580067E-04     -0.520641E-15
  1.7638      0.632346E-05      0.208332E+02     -0.185441E-09      0.581716E-04     -0.517798E-15
  1.7701      0.535978E-05      0.251619E+02     -0.220659E-09      0.593401E-04     -0.520387E-15
  1.7764      0.449615E-05      0.322794E+02     -0.264672E-09      0.636336E-04     -0.521759E-15
  1.7826      0.372702E-05      0.449376E+02     -0.322538E-09      0.731746E-04     -0.525208E-15
  1.7889      0.304693E-05      0.624783E+02     -0.391986E-09      0.828809E-04     -0.519990E-15
  1.7952      0.245055E-05      0.817382E+02     -0.496084E-09      0.869019E-04     -0.527424E-15
  1.8015      0.193264E-05      0.103279E+03     -0.629150E-09      0.862951E-04     -0.525689E-15
  1.8077      0.148809E-05      0.130011E+03     -0.811787E-09      0.833537E-04     -0.520458E-15
  1.8140      0.111193E-05      0.166618E+03     -0.109482E-08      0.795443E-04     -0.522674E-15
  1.8203      0.799328E-06      0.222931E+03     -0.153943E-08      0.762439E-04     -0.526495E-15
  1.8266      0.545571E-06      0.322408E+03     -0.226932E-08      0.750016E-04     -0.527912E-15
  1.8329      0.346104E-06      0.528081E+03     -0.356086E-08      0.776660E-04     -0.523704E-15
  1.8391      0.196520E-06      0.101948E+04     -0.630862E-08      0.848443E-04     -0.525025E-15
  1.8454      0.925608E-07      0.230836E+04     -0.135944E-07      0.901758E-04     -0.531063E-15
  1.8517      0.301247E-07      0.692794E+04     -0.424885E-07      0.877831E-04     -0.538367E-15
  1.8580      0.526648E-08      0.368721E+05     -0.237713E-06      0.814016E-04     -0.524795E-15
  1.8642      0.142007E-07      0.128276E+05     -0.889249E-07      0.761036E-04     -0.527573E-15
  1.8705      0.533025E-07      0.327817E+04     -0.238496E-07      0.727562E-04     -0.529321E-15
  1.8768      0.119109E-06      0.142859E+04     -0.104393E-07      0.706139E-04     -0.516006E-15
  1.8831      0.208321E-06      0.805806E+03     -0.600297E-08      0.694304E-04     -0.517232E-15
  1.8893      0.317801E-06      0.543501E+03     -0.399529E-08      0.712027E-04     -0.523412E-15
  1.8956      0.444574E-06      0.442489E+03     -0.287900E-08      0.808252E-04     -0.525879E-15
  1.9019      0.585829E-06      0.414104E+03     -0.216259E-08      0.993446E-04     -0.518811E-15
  1.9082      0.738912E-06      0.388224E+03     -0.173347E-08      0.117087E-03     -0.522809E-15
  1.9145      0.901334E-06      0.337121E+03     -0.144046E-08      0.123617E-03     -0.528196E-15
  1.9207      0.107076E-05      0.278060E+03     -0.119802E-08      0.120730E-03     -0.520166E-15
  1.9270      0.124501E-05      0.238087E+03     -0.106571E-08      0.119805E-03     -0.536267E-15
  1.9333      0.142207E-05      0.214042E+03     -0.989917E-09      0.122624E-03     -0.567119E-15
  1.9396      0.160005E-05      0.198220E+03     -0.850293E-09      0.127359E-03     -0.546323E-15
  1.9458      0.177723E-05      0.189353E+03     -0.741832E-09      0.134698E-03     -0.527708E-15
  1.9521      0.195203E-05      0.186470E+03     -0.681236E-09      0.145225E-03     -0.530554E-15
  1.9584      0.212301E-05      0.188515E+03     -0.635625E-09      0.159166E-03     -0.536667E-15
  1.9647      0.228886E-05      0.203096E+03     -0.599209E-09      0.184282E-03     -0.543700E-15
  1.9709      0.244841E-05      0.235141E+03     -0.548895E-09      0.227504E-03     -0.531069E-15
  1.9772      0.260063E-05      0.204472E+03     -0.527344E-09      0.209464E-03     -0.540217E-15
  1.9835      0.274458E-05      0.130025E+03     -0.497020E-09      0.140127E-03     -0.535637E-15
  1.9898      0.287948E-05      0.114209E+03     -0.463998E-09      0.128725E-03     -0.522972E-15
  1.9961      0.300464E-05      0.137124E+03     -0.454586E-09      0.160763E-03     -0.532953E-15
  2.0023      0.311949E-05      0.165247E+03     -0.448621E-09      0.200509E-03     -0.544351E-15
  2.0086      0.322356E-05      0.170621E+03     -0.444129E-09      0.213267E-03     -0.555139E-15
  2.0149      0.331648E-05      0.160231E+03     -0.418361E-09      0.205412E-03     -0.536328E-15
  2.0212      0.339798E-05      0.176991E+03     -0.419948E-09      0.231752E-03     -0.549880E-15
  2.0274      0.346789E-05      0.252519E+03     -0.432232E-09      0.336405E-03     -0.575820E-15
  2.0337      0.352610E-05      0.303564E+03     -0.412603E-09      0.409926E-03     -0.557171E-15
  2.0400      0.357260E-05      0.217975E+03     -0.407576E-09      0.297314E-03     -0.555925E-15
  2.0463      0.360745E-05      0.116684E+03     -0.395316E-09      0.160213E-03     -0.542792E-15
  2.0525      0.363077E-05      0.926889E+02     -0.382418E-09      0.127699E-03     -0.526861E-15
  2.0588      0.364277E-05      0.108101E+03     -0.376920E-09      0.148968E-03     -0.519414E-15
  2.0651      0.364369E-05      0.147485E+03     -0.399069E-09      0.202675E-03     -0.548403E-15
  2.0714      0.363384E-05      0.162136E+03     -0.391428E-09      0.221533E-03     -0.534823E-15
  2.0777      0.361357E-05      0.122937E+03     -0.380470E-09      0.166532E-03     -0.515389E-15
  2.0839      0.358329E-05      0.105025E+03     -0.401835E-09      0.140651E-03     -0.538144E-15
  2.0902      0.354344E-05      0.154044E+03     -0.402949E-09      0.203391E-03     -0.532032E-15
  2.0965      0.349449E-05      0.161895E+03     -0.397491E-09      0.210174E-03     -0.516026E-15
  2.1028      0.343696E-05      0.976134E+02     -0.418598E-09      0.124264E-03     -0.532885E-15
  2.1090      0.337137E-05      0.541149E+02     -0.420190E-09      0.673737E-04     -0.523141E-15
  2.1153      0.329828E-05      0.438117E+02     -0.426463E-09      0.532052E-04     -0.517900E-15
  2.1216      0.321826E-05      0.395231E+02     -0.443093E-09      0.466941E-04     -0.523487E-15
  2.1279      0.313190E-05      0.348839E+02     -0.451595E-09      0.399889E-04     -0.517683E-15
  2.1341      0.303979E-05      0.295698E+02     -0.465000E-09      0.328034E-04     -0.515852E-15
  2.1404      0.294254E-05      0.259148E+02     -0.485608E-09      0.277474E-04     -0.519949E-15
  2.1467      0.284076E-05      0.244592E+02     -0.503048E-09      0.252091E-04     -0.518471E-15
  2.1530      0.273504E-05      0.276543E+02     -0.522024E-09      0.273614E-04     -0.516497E-15
  2.1593      0.262600E-05      0.338605E+02     -0.546776E-09      0.320728E-04     -0.517908E-15
  2.1655      0.251422E-05      0.392727E+02     -0.571336E-09      0.355125E-04     -0.516634E-15
  2.1718      0.240029E-05      0.465794E+02     -0.608024E-09      0.400949E-04     -0.523378E-15
  2.1781      0.228479E-05      0.556584E+02     -0.638766E-09      0.454731E-04     -0.521874E-15
  2.1844      0.216827E-05      0.512672E+02     -0.671127E-09      0.396352E-04     -0.518855E-15
  2.1906      0.205128E-05      0.358341E+02     -0.712917E-09      0.261338E-04     -0.519931E-15
  2.1969      0.193434E-05      0.298764E+02     -0.764364E-09      0.204880E-04     -0.524169E-15
  2.2032      0.181795E-05      0.289490E+02     -0.807513E-09      0.186044E-04     -0.518958E-15
  2.2095      0.170260E-05      0.257838E+02     -0.863776E-09      0.154748E-04     -0.518416E-15
  2.2157      0.158875E-05      0.245145E+02     -0.926064E-09      0.136902E-04     -0.517163E-15
  2.2220      0.147681E-05      0.233209E+02     -0.100122E-08      0.120719E-04     -0.518272E-15
  2.2283      0.136722E-05      0.223368E+02     -0.108278E-08      0.106742E-04     -0.517434E-15
  2.2346      0.126033E-05      0.227579E+02     -0.117763E-08      0.999708E-05     -0.517309E-15
  2.2409      0.115651E-05      0.235982E+02     -0.128193E-08      0.948568E-05     -0.515293E-15
  2.2471      0.105609E-05      0.267447E+02     -0.140895E-08      0.978951E-05     -0.515724E-15
  2.2534      0.959341E-06      0.320487E+02     -0.155115E-08      0.106266E-04     -0.514325E-15
  2.2597      0.866547E-06      0.337766E+02     -0.173076E-08      0.100882E-04     -0.516933E-15
  2.2660      0.777941E-06      0.335599E+02     -0.193291E-08      0.897360E-05     -0.516843E-15
  2.2722      0.693729E-06      0.361191E+02     -0.217180E-08      0.858865E-05     -0.516425E-15
  2.2785      0.614091E-06      0.371751E+02     -0.245724E-08      0.780341E-05     -0.515799E-15
  2.2848      0.539175E-06      0.383934E+02     -0.279789E-08      0.705653E-05     -0.514241E-15
  2.2911      0.469104E-06      0.427594E+02     -0.325195E-08      0.681891E-05     -0.518594E-15
  2.2973      0.403970E-06      0.483843E+02     -0.376850E-08      0.662643E-05     -0.516111E-15
  2.3036      0.343840E-06      0.553037E+02     -0.442128E-08      0.642911E-05     -0.513978E-15
  2.3099      0.288752E-06      0.634301E+02     -0.529829E-08      0.617559E-05     -0.515844E-15
  2.3162      0.238720E-06      0.744539E+02     -0.643346E-08      0.597663E-05     -0.516432E-15
  2.3225      0.193733E-06      0.907032E+02     -0.794480E-08      0.589292E-05     -0.516168E-15
  2.3287      0.153756E-06      0.113111E+03     -0.100135E-07      0.581660E-05     -0.514930E-15
  2.3350      0.118730E-06      0.136172E+03     -0.130979E-07      0.539280E-05     -0.518712E-15
  2.3413      0.885771E-07      0.161929E+03     -0.174879E-07      0.477138E-05     -0.515297E-15
  2.3476      0.631959E-07      0.208146E+03     -0.245999E-07      0.436406E-05     -0.515772E-15
  2.3538      0.424672E-07      0.298157E+03     -0.366748E-07      0.418961E-05     -0.515343E-15
  2.3601      0.262537E-07      0.472787E+03     -0.593608E-07      0.409614E-05     -0.514291E-15
  2.3664      0.144012E-07      0.859160E+03     -0.109268E-06      0.407229E-05     -0.517916E-15
  2.3727      0.674043E-08      0.186406E+04     -0.232274E-06      0.412443E-05     -0.513929E-15
  2.3789      0.308795E-08      0.408189E+04     -0.510707E-06      0.412666E-05     -0.516309E-15
  2.3852      0.324783E-08      0.381099E+04     -0.484745E-06      0.404161E-05     -0.514078E-15
  2.3915      0.701296E-08      0.171376E+04     -0.225182E-06      0.391410E-05     -0.514300E-15
  2.3978      0.141664E-07      0.829705E+03     -0.112261E-06      0.381793E-05     -0.516573E-15
  2.4041      0.244830E-07      0.473044E+03     -0.652245E-07      0.375209E-05     -0.517348E-15
  2.4103      0.377302E-07      0.300518E+03     -0.436581E-07      0.366383E-05     -0.532267E-15
  2.4166      0.536702E-07      0.204711E+03     -0.281047E-07      0.354095E-05     -0.486137E-15
  2.4229      0.720608E-07      0.147404E+03     -0.215695E-07      0.341450E-05     -0.499640E-15
  2.4292      0.926565E-07      0.110967E+03     -0.172178E-07      0.329660E-05     -0.511506E-15
  2.4354      0.115211E-06      0.860552E+02     -0.139796E-07      0.317062E-05     -0.515065E-15
  2.4417      0.139476E-06      0.688801E+02     -0.115817E-07      0.306443E-05     -0.515260E-15
  2.4480      0.165205E-06      0.566038E+02     -0.982527E-08      0.297516E-05     -0.516427E-15
  2.4543      0.192154E-06      0.473446E+02     -0.845050E-08      0.288701E-05     -0.515301E-15
  2.4605      0.220080E-06      0.402101E+02     -0.743383E-08      0.280116E-05     -0.517863E-15
  2.4668      0.248748E-06      0.345899E+02     -0.660575E-08      0.271658E-05     -0.518794E-15
  2.4731      0.277923E-06      0.303872E+02     -0.588506E-08      0.265965E-05     -0.515093E-15
  2.4794      0.307380E-06      0.269697E+02     -0.533797E-08      0.260413E-05     -0.515420E-15
  2.4857      0.336900E-06      0.238763E+02     -0.489227E-08      0.252045E-05     -0.516443E-15
  2.4919      0.366271E-06      0.213367E+02     -0.450099E-08      0.244257E-05     -0.515261E-15
  2.4982      0.395291E-06      0.192926E+02     -0.416473E-08      0.237755E-05     -0.513248E-15
  2.5045      0.423765E-06      0.175592E+02     -0.390174E-08      0.231401E-05     -0.514183E-15
  2.5108      0.451512E-06      0.161368E+02     -0.368055E-08      0.226012E-05     -0.515500E-15
  2.5170      0.478357E-06      0.149526E+02     -0.350209E-08      0.221325E-05     -0.518373E-15
  2.5233      0.504139E-06      0.138481E+02     -0.332659E-08      0.215487E-05     -0.517642E-15
  2.5296      0.528708E-06      0.130002E+02     -0.317118E-08      0.211626E-05     -0.516225E-15
  2.5359      0.551925E-06      0.123838E+02     -0.305379E-08      0.209923E-05     -0.517660E-15
  2.5421      0.573664E-06      0.119017E+02     -0.295134E-08      0.209179E-05     -0.518716E-15
  2.5484      0.593812E-06      0.113521E+02     -0.283651E-08      0.206019E-05     -0.514772E-15
  2.5547      0.612268E-06      0.104722E+02     -0.277275E-08      0.195475E-05     -0.517564E-15
  2.5610      0.628942E-06      0.975949E+01     -0.270679E-08      0.186674E-05     -0.517740E-15
  2.5673      0.643761E-06      0.940036E+01     -0.263815E-08      0.183592E-05     -0.515239E-15
  2.5735      0.656661E-06      0.924115E+01     -0.259769E-08      0.183650E-05     -0.516241E-15
  2.5798      0.667592E-06      0.899730E+01     -0.255842E-08      0.181338E-05     -0.515642E-15
  2.5861      0.676517E-06      0.854012E+01     -0.251265E-08      0.174001E-05     -0.511942E-15
  2.5924      0.683412E-06      0.827974E+01     -0.250076E-08      0.170003E-05     -0.513465E-15
  2.5986      0.688263E-06      0.835607E+01     -0.249486E-08      0.172370E-05     -0.514643E-15
  2.6049      0.691070E-06      0.838463E+01     -0.249815E-08      0.173247E-05     -0.516178E-15
  2.6112      0.691844E-06      0.815059E+01     -0.250021E-08      0.168194E-05     -0.515939E-15
  2.6175      0.690606E-06      0.811513E+01     -0.251267E-08      0.166762E-05     -0.516341E-15
  2.6237      0.687391E-06      0.804233E+01     -0.253268E-08      0.164103E-05     -0.516791E-15
  2.6300      0.682240E-06      0.746211E+01     -0.254872E-08      0.150762E-05     -0.514935E-15
  2.6363      0.675207E-06      0.701591E+01     -0.261503E-08      0.139952E-05     -0.521640E-15
  2.6426      0.666355E-06      0.689199E+01     -0.264706E-08      0.135355E-05     -0.519869E-15
  2.6489      0.655754E-06      0.678190E+01     -0.268544E-08      0.130764E-05     -0.517787E-15
  2.6551      0.643484E-06      0.670890E+01     -0.272924E-08      0.126635E-05     -0.515165E-15
  2.6614      0.629630E-06      0.674895E+01     -0.280084E-08      0.124355E-05     -0.516077E-15
  2.6677      0.614288E-06      0.694422E+01     -0.288174E-08      0.124541E-05     -0.516827E-15
  2.6740      0.597557E-06      0.712898E+01     -0.296065E-08      0.124081E-05     -0.515304E-15
  2.6802      0.579542E-06      0.723679E+01     -0.305010E-08      0.121874E-05     -0.513663E-15
  2.6865      0.560354E-06      0.722818E+01     -0.316577E-08      0.117423E-05     -0.514286E-15
  2.6928      0.540107E-06      0.718215E+01     -0.329967E-08      0.112198E-05     -0.515466E-15
  2.6991      0.518920E-06      0.728750E+01     -0.343820E-08      0.109123E-05     -0.514837E-15
  2.7053      0.496914E-06      0.749403E+01     -0.359805E-08      0.107208E-05     -0.514728E-15
  2.7116      0.474212E-06      0.774660E+01     -0.378323E-08      0.105513E-05     -0.515298E-15
  2.7179      0.450939E-06      0.803070E+01     -0.398853E-08      0.103774E-05     -0.515406E-15
  2.7242      0.427220E-06      0.836184E+01     -0.424130E-08      0.102134E-05     -0.518045E-15
  2.7305      0.403181E-06      0.877677E+01     -0.447864E-08      0.100937E-05     -0.515067E-15
  2.7367      0.378948E-06      0.922672E+01     -0.478974E-08      0.995056E-06     -0.516549E-15
  2.7430      0.354644E-06      0.973437E+01     -0.511229E-08      0.980227E-06     -0.514794E-15
  2.7493      0.330393E-06      0.103978E+02     -0.549252E-08      0.973211E-06     -0.514085E-15
  2.7556      0.306314E-06      0.111614E+02     -0.593959E-08      0.966332E-06     -0.514239E-15
  2.7618      0.282524E-06      0.120725E+02     -0.647824E-08      0.961848E-06     -0.516139E-15
  2.7681      0.259138E-06      0.132479E+02     -0.706873E-08      0.965928E-06     -0.515395E-15
  2.7744      0.236265E-06      0.145870E+02     -0.778214E-08      0.967500E-06     -0.516158E-15
  2.7807      0.214011E-06      0.161521E+02     -0.860214E-08      0.968205E-06     -0.515638E-15
  2.7869      0.192476E-06      0.179939E+02     -0.957569E-08      0.967887E-06     -0.515074E-15
  2.7932      0.171755E-06      0.199940E+02     -0.107450E-07      0.957542E-06     -0.514593E-15
  2.7995      0.151939E-06      0.224254E+02     -0.121881E-07      0.947942E-06     -0.515204E-15
  2.8058      0.133111E-06      0.257185E+02     -0.139543E-07      0.950294E-06     -0.515609E-15
  2.8121      0.115347E-06      0.297143E+02     -0.161732E-07      0.949292E-06     -0.516690E-15
  2.8183      0.987183E-07      0.349867E+02     -0.190053E-07      0.954466E-06     -0.518481E-15
  2.8246      0.832883E-07      0.432190E+02     -0.225101E-07      0.992552E-06     -0.516959E-15
  2.8309      0.691134E-07      0.543085E+02     -0.271219E-07      0.103267E-05     -0.515718E-15
  2.8372      0.562425E-07      0.672458E+02     -0.334457E-07      0.103824E-05     -0.516385E-15
  2.8434      0.447172E-07      0.839828E+02     -0.421483E-07      0.102866E-05     -0.516254E-15
  2.8497      0.345716E-07      0.108601E+03     -0.547340E-07      0.102613E-05     -0.517163E-15
  2.8560      0.258321E-07      0.143254E+03     -0.735428E-07      0.100916E-05     -0.518078E-15
  2.8623      0.185174E-07      0.193253E+03     -0.101864E-06      0.973752E-06     -0.513268E-15
  2.8685      0.126388E-07      0.278650E+03     -0.150737E-06      0.956213E-06     -0.517266E-15
  2.8748      0.819964E-08      0.433856E+03     -0.231700E-06      0.963790E-06     -0.514709E-15
  2.8811      0.519615E-08      0.702281E+03     -0.367100E-06      0.986477E-06     -0.515656E-15
  2.8874      0.361696E-08      0.103627E+04     -0.527957E-06      0.101103E-05     -0.515100E-15
  2.8937      0.344352E-08      0.108989E+04     -0.543891E-06      0.101016E-05     -0.504104E-15
  2.8999      0.465022E-08      0.799725E+03     -0.437232E-06      0.998801E-06     -0.546072E-15
  2.9062      0.720465E-08      0.519488E+03     -0.276499E-06      0.100303E-05     -0.533866E-15
  2.9125      0.110678E-07      0.339040E+03     -0.176074E-06      0.100346E-05     -0.521129E-15
  2.9188      0.161943E-07      0.230004E+03     -0.119961E-06      0.993919E-06     -0.518387E-15
  2.9250      0.225328E-07      0.167705E+03     -0.863821E-07      0.100619E-05     -0.518275E-15
  2.9313      0.300264E-07      0.134653E+03     -0.649933E-07      0.107426E-05     -0.518516E-15
  2.9376      0.386126E-07      0.118297E+03     -0.506636E-07      0.121105E-05     -0.518664E-15
  2.9439      0.482241E-07      0.104734E+03     -0.403827E-07      0.133625E-05     -0.515221E-15
  2.9501      0.587891E-07      0.870581E+02     -0.331124E-07      0.135118E-05     -0.513920E-15
  2.9564      0.702313E-07      0.719305E+02     -0.279820E-07      0.133085E-05     -0.517722E-15
  2.9627      0.824711E-07      0.614571E+02     -0.238304E-07      0.133241E-05     -0.516652E-15
  2.9690      0.954252E-07      0.505427E+02     -0.206529E-07      0.126522E-05     -0.516998E-15
  2.9753      0.109008E-06      0.411696E+02     -0.181806E-07      0.117479E-05     -0.518792E-15
  2.9815      0.123130E-06      0.374455E+02     -0.160647E-07      0.120442E-05     -0.516713E-15
  2.9878      0.137702E-06      0.363708E+02     -0.143695E-07      0.130555E-05     -0.515801E-15
  2.9941      0.152632E-06      0.330465E+02     -0.130534E-07      0.131208E-05     -0.518272E-15
  3.0004      0.167827E-06      0.284277E+02     -0.118965E-07      0.123846E-05     -0.518275E-15
  3.0066      0.183194E-06      0.247650E+02     -0.108795E-07      0.117523E-05     -0.516288E-15
  3.0129      0.198639E-06      0.232327E+02     -0.100787E-07      0.119297E-05     -0.517529E-15
  3.0192      0.214070E-06      0.236539E+02     -0.939218E-08      0.130623E-05     -0.518661E-15
  3.0255      0.229394E-06      0.214683E+02     -0.872442E-08      0.126777E-05     -0.515203E-15
  3.0317      0.244521E-06      0.173552E+02     -0.823142E-08      0.109020E-05     -0.517072E-15
  3.0380      0.259363E-06      0.157829E+02     -0.774743E-08      0.104944E-05     -0.515142E-15
  3.0443      0.273832E-06      0.154413E+02     -0.736808E-08      0.108176E-05     -0.516182E-15
  3.0506      0.287844E-06      0.150604E+02     -0.702930E-08      0.110679E-05     -0.516583E-15
  3.0569      0.301319E-06      0.154848E+02     -0.671546E-08      0.118880E-05     -0.515561E-15
  3.0631      0.314180E-06      0.155055E+02     -0.647449E-08      0.123866E-05     -0.517214E-15
  3.0694      0.326352E-06      0.149360E+02     -0.622734E-08      0.123685E-05     -0.515688E-15
  3.0757      0.337767E-06      0.156897E+02     -0.603592E-08      0.134197E-05     -0.516263E-15
  3.0820      0.348360E-06      0.151141E+02     -0.586162E-08      0.133056E-05     -0.516025E-15
  3.0882      0.358071E-06      0.111838E+02     -0.573764E-08      0.100995E-05     -0.518136E-15
  3.0945      0.366845E-06      0.788892E+01     -0.558259E-08      0.728383E-06     -0.515440E-15
  3.1008      0.374633E-06      0.687835E+01     -0.549717E-08      0.647247E-06     -0.517279E-15
  3.1071      0.381391E-06      0.716071E+01     -0.540166E-08      0.684586E-06     -0.516415E-15
  3.1133      0.387081E-06      0.791625E+01     -0.534972E-08      0.766561E-06     -0.518034E-15
  3.1196      0.391672E-06      0.775837E+01     -0.523352E-08      0.758654E-06     -0.511761E-15
  3.1259      0.395138E-06      0.672211E+01     -0.523581E-08      0.661808E-06     -0.515478E-15
  3.1322      0.397460E-06      0.632657E+01     -0.523616E-08      0.625270E-06     -0.517502E-15
  3.1385      0.398624E-06      0.639528E+01     -0.521375E-08      0.632644E-06     -0.515762E-15
  3.1447      0.398624E-06      0.539847E+01     -0.522367E-08      0.532970E-06     -0.515712E-15
  3.1510      0.397460E-06      0.392582E+01     -0.524516E-08      0.385679E-06     -0.515294E-15
  3.1573      0.395138E-06      0.313119E+01     -0.528836E-08      0.305209E-06     -0.515477E-15
  3.1636      0.391672E-06      0.281824E+01     -0.539621E-08      0.271755E-06     -0.520341E-15
  3.1698      0.387081E-06      0.264996E+01     -0.542489E-08      0.252032E-06     -0.515951E-15
  3.1761      0.381391E-06      0.246563E+01     -0.551990E-08      0.230598E-06     -0.516247E-15
  3.1824      0.374633E-06      0.226299E+01     -0.562063E-08      0.207485E-06     -0.515335E-15
  3.1887      0.366845E-06      0.213115E+01     -0.576100E-08      0.190959E-06     -0.516206E-15
  3.1949      0.358071E-06      0.202100E+01     -0.589606E-08      0.176410E-06     -0.514659E-15
  3.2012      0.348360E-06      0.194929E+01     -0.608941E-08      0.165212E-06     -0.516107E-15
  3.2075      0.337767E-06      0.197549E+01     -0.628675E-08      0.162024E-06     -0.515619E-15
  3.2138      0.326352E-06      0.195236E+01     -0.653514E-08      0.154413E-06     -0.516866E-15
  3.2201      0.314180E-06      0.185018E+01     -0.676982E-08      0.140599E-06     -0.514452E-15
  3.2263      0.301319E-06      0.174951E+01     -0.709644E-08      0.127258E-06     -0.516191E-15
  3.2326      0.287844E-06      0.156671E+01     -0.741498E-08      0.108654E-06     -0.514241E-15
  3.2389      0.273832E-06      0.139711E+01     -0.781556E-08      0.919965E-07     -0.514637E-15
  3.2452      0.259363E-06      0.129274E+01     -0.831065E-08      0.804701E-07     -0.517320E-15
  3.2514      0.244521E-06      0.114397E+01     -0.878049E-08      0.670055E-07     -0.514295E-15
  3.2577      0.229394E-06      0.968587E+00     -0.944702E-08      0.531203E-07     -0.518104E-15
  3.2640      0.214070E-06      0.784301E+00     -0.100849E-07      0.400628E-07     -0.515147E-15
  3.2703      0.198639E-06      0.593871E+00     -0.108862E-07      0.280948E-07     -0.515004E-15
  3.2765      0.183194E-06      0.425552E+00     -0.118413E-07      0.185310E-07     -0.515639E-15
  3.2828      0.167827E-06      0.274614E+00     -0.129422E-07      0.109343E-07     -0.515319E-15
  3.2891      0.152632E-06      0.127190E+00     -0.143260E-07      0.459699E-08     -0.517782E-15
  3.2954      0.137702E-06     -0.310106E-02     -0.158885E-07     -0.100925E-09     -0.517095E-15
  3.3017      0.123130E-06     -0.148977E+00     -0.177357E-07     -0.432719E-08     -0.515150E-15
  3.3079      0.109008E-06     -0.380731E+00     -0.200879E-07     -0.977174E-08     -0.515570E-15
  3.3142      0.954252E-07     -0.712790E+00     -0.229877E-07     -0.159844E-07     -0.515504E-15
  3.3205      0.824711E-07     -0.116278E+01     -0.266379E-07     -0.224931E-07     -0.515291E-15
  3.3268      0.702313E-07     -0.186056E+01     -0.313717E-07     -0.305918E-07     -0.515822E-15
  3.3330      0.587891E-07     -0.280703E+01     -0.375465E-07     -0.385616E-07     -0.515797E-15
  3.3393      0.482241E-07     -0.408624E+01     -0.460185E-07     -0.459604E-07     -0.517597E-15
  3.3456      0.386126E-07     -0.601785E+01     -0.576456E-07     -0.540942E-07     -0.518173E-15
  3.3519      0.300264E-07     -0.883943E+01     -0.739585E-07     -0.616727E-07     -0.516009E-15
  3.3581      0.225328E-07     -0.131371E+02     -0.984532E-07     -0.686546E-07     -0.514516E-15
  3.3644      0.161943E-07     -0.201768E+02     -0.136956E-06     -0.756407E-07     -0.513433E-15
  3.3707      0.110678E-07     -0.323088E+02     -0.200258E-06     -0.826255E-07     -0.512133E-15
  3.3770      0.720465E-08     -0.541631E+02     -0.307879E-06     -0.899995E-07     -0.511584E-15
  3.3833      0.465022E-08     -0.906867E+02     -0.453432E-06     -0.970812E-07     -0.485405E-15
  3.3895      0.344352E-08     -0.131013E+03     -0.628502E-06     -0.103664E-06     -0.497304E-15
  3.3958      0.361696E-08     -0.132347E+03     -0.616966E-06     -0.109791E-06     -0.511817E-15
  3.4021      0.519615E-08     -0.971977E+02     -0.430679E-06     -0.115623E-06     -0.512322E-15
  3.4084      0.819964E-08     -0.648483E+02     -0.273889E-06     -0.121507E-06     -0.513187E-15
  3.4146      0.126388E-07     -0.440921E+02     -0.178220E-06     -0.127108E-06     -0.513771E-15
  3.4209      0.185174E-07     -0.314532E+02     -0.121521E-06     -0.132603E-06     -0.512320E-15
  3.4272      0.258321E-07     -0.235697E+02     -0.871838E-07     -0.138365E-06     -0.511811E-15
  3.4335      0.345716E-07     -0.184043E+02     -0.655492E-07     -0.144331E-06     -0.514051E-15
  3.4397      0.447172E-07     -0.148489E+02     -0.508922E-07     -0.150347E-06     -0.515290E-15
  3.4460      0.562425E-07     -0.122669E+02     -0.403966E-07     -0.155931E-06     -0.513504E-15
  3.4523      0.691134E-07     -0.103416E+02     -0.329500E-07     -0.161248E-06     -0.513761E-15
  3.4586      0.832883E-07     -0.889095E+01     -0.274513E-07     -0.166758E-06     -0.514875E-15
  3.4649      0.987183E-07     -0.776506E+01     -0.231321E-07     -0.172310E-06     -0.513311E-15
  3.4711      0.115347E-06     -0.686755E+01     -0.198166E-07     -0.177742E-06     -0.512882E-15
  3.4774      0.133111E-06     -0.614621E+01     -0.172648E-07     -0.183239E-06     -0.514722E-15
  3.4837      0.151939E-06     -0.555529E+01     -0.151817E-07     -0.188708E-06     -0.515708E-15
  3.4900      0.171755E-06     -0.506951E+01     -0.134279E-07     -0.194316E-06     -0.514697E-15
  3.4962      0.192476E-06     -0.465933E+01     -0.119890E-07     -0.199780E-06     -0.514057E-15
  3.5025      0.214011E-06     -0.430596E+01     -0.108428E-07     -0.204917E-06     -0.516000E-15
  3.5088      0.236265E-06     -0.401536E+01     -0.982441E-08     -0.210581E-06     -0.515229E-15
  3.5151      0.259138E-06     -0.376958E+01     -0.898409E-08     -0.216442E-06     -0.515851E-15
  3.5213      0.282524E-06     -0.354985E+01     -0.829483E-08     -0.221824E-06     -0.518331E-15
  3.5276      0.306314E-06     -0.335459E+01     -0.765022E-08     -0.226869E-06     -0.517381E-15
  3.5339      0.330393E-06     -0.318840E+01     -0.708006E-08     -0.232168E-06     -0.515544E-15
  3.5402      0.354644E-06     -0.304426E+01     -0.659668E-08     -0.237521E-06     -0.514691E-15
  3.5465      0.378948E-06     -0.291880E+01     -0.617097E-08     -0.242908E-06     -0.513560E-15
  3.5527      0.403181E-06     -0.280715E+01     -0.584259E-08     -0.248117E-06     -0.516411E-15
  3.5590      0.427220E-06     -0.270800E+01     -0.548393E-08     -0.253177E-06     -0.512705E-15
  3.5653      0.450939E-06     -0.261898E+01     -0.523174E-08     -0.257993E-06     -0.515374E-15
  3.5716      0.474212E-06     -0.254472E+01     -0.498478E-08     -0.263152E-06     -0.515481E-15
  3.5778      0.496914E-06     -0.248076E+01     -0.475760E-08     -0.268348E-06     -0.514637E-15
  3.5841      0.518920E-06     -0.242391E+01     -0.456682E-08     -0.273331E-06     -0.514974E-15
  3.5904      0.540107E-06     -0.237619E+01     -0.438666E-08     -0.278402E-06     -0.513955E-15
  3.5967      0.560354E-06     -0.233703E+01     -0.425520E-08     -0.283582E-06     -0.516339E-15
  3.6029      0.579542E-06     -0.230528E+01     -0.413094E-08     -0.288804E-06     -0.517522E-15
  3.6092      0.597557E-06     -0.227905E+01     -0.399834E-08     -0.293881E-06     -0.515582E-15
  3.6155      0.614288E-06     -0.226046E+01     -0.389618E-08     -0.299125E-06     -0.515579E-15
  3.6218      0.629630E-06     -0.224684E+01     -0.380441E-08     -0.304221E-06     -0.515114E-15
  3.6281      0.643484E-06     -0.223915E+01     -0.372916E-08     -0.309314E-06     -0.515143E-15
  3.6343      0.655754E-06     -0.223749E+01     -0.365564E-08     -0.314434E-06     -0.513727E-15
  3.6406      0.666355E-06     -0.224175E+01     -0.361054E-08     -0.319575E-06     -0.514703E-15
  3.6469      0.675207E-06     -0.225082E+01     -0.353689E-08     -0.324570E-06     -0.510022E-15
  3.6532      0.682240E-06     -0.226552E+01     -0.350431E-08     -0.329525E-06     -0.509710E-15
  3.6594      0.687391E-06     -0.228701E+01     -0.351713E-08     -0.334588E-06     -0.514553E-15
  3.6657      0.690606E-06     -0.231591E+01     -0.351085E-08     -0.339817E-06     -0.515153E-15
  3.6720      0.691844E-06     -0.235119E+01     -0.350653E-08     -0.345022E-06     -0.514561E-15
  3.6783      0.691070E-06     -0.239428E+01     -0.352043E-08     -0.350354E-06     -0.515142E-15
  3.6845      0.688263E-06     -0.244276E+01     -0.355330E-08     -0.355389E-06     -0.516958E-15
  3.6908      0.683412E-06     -0.249770E+01     -0.359281E-08     -0.360206E-06     -0.518139E-15
  3.6971      0.676517E-06     -0.256224E+01     -0.363604E-08     -0.365166E-06     -0.518202E-15
  3.7034      0.667592E-06     -0.263607E+01     -0.368851E-08     -0.370103E-06     -0.517865E-15
  3.7097      0.656661E-06     -0.272055E+01     -0.374037E-08     -0.375074E-06     -0.515674E-15
  3.7159      0.643761E-06     -0.281712E+01     -0.381421E-08     -0.380115E-06     -0.514653E-15
  3.7222      0.628942E-06     -0.292653E+01     -0.391421E-08     -0.385138E-06     -0.515118E-15
  3.7285      0.612268E-06     -0.305062E+01     -0.402702E-08     -0.390166E-06     -0.515045E-15
  3.7348      0.593812E-06     -0.319101E+01     -0.417136E-08     -0.395155E-06     -0.516555E-15
  3.7410      0.573664E-06     -0.335035E+01     -0.431566E-08     -0.400137E-06     -0.515425E-15
  3.7473      0.551925E-06     -0.353142E+01     -0.448535E-08     -0.405099E-06     -0.514527E-15
  3.7536      0.528708E-06     -0.373740E+01     -0.470919E-08     -0.410007E-06     -0.516615E-15
  3.7599      0.504139E-06     -0.397411E+01     -0.492749E-08     -0.415021E-06     -0.514583E-15
  3.7661      0.478357E-06     -0.424761E+01     -0.520480E-08     -0.420196E-06     -0.514887E-15
  3.7724      0.451512E-06     -0.456289E+01     -0.558711E-08     -0.425345E-06     -0.520821E-15
  3.7787      0.423765E-06     -0.492946E+01     -0.593959E-08     -0.430562E-06     -0.518790E-15
  3.7850      0.395291E-06     -0.535599E+01     -0.634894E-08     -0.435658E-06     -0.516425E-15
  3.7913      0.366271E-06     -0.585910E+01     -0.685873E-08     -0.440863E-06     -0.516079E-15
  3.7975      0.336900E-06     -0.645300E+01     -0.745902E-08     -0.445876E-06     -0.515388E-15
  3.8038      0.307380E-06     -0.716079E+01     -0.819211E-08     -0.450682E-06     -0.515591E-15
  3.8101      0.277923E-06     -0.802167E+01     -0.909756E-08     -0.455730E-06     -0.516854E-15
  3.8164      0.248748E-06     -0.907591E+01     -0.101756E-07     -0.460736E-06     -0.516561E-15
  3.8226      0.220080E-06     -0.103889E+02     -0.114812E-07     -0.465842E-06     -0.514823E-15
  3.8289      0.192154E-06     -0.120553E+02     -0.132159E-07     -0.471199E-06     -0.516562E-15
  3.8352      0.165205E-06     -0.142011E+02     -0.153736E-07     -0.476443E-06     -0.515778E-15
  3.8415      0.139476E-06     -0.170301E+02     -0.183012E-07     -0.481582E-06     -0.517527E-15
  3.8477      0.115211E-06     -0.208765E+02     -0.221422E-07     -0.486851E-06     -0.516368E-15
  3.8540      0.926565E-07     -0.262834E+02     -0.277658E-07     -0.492147E-06     -0.519905E-15
  3.8603      0.720608E-07     -0.342149E+02     -0.362204E-07     -0.497445E-06     -0.526604E-15
  3.8666      0.536702E-07     -0.465091E+02     -0.504934E-07     -0.502803E-06     -0.545876E-15
  3.8729      0.377302E-07     -0.669506E+02     -0.701111E-07     -0.508002E-06     -0.531983E-15
  3.8791      0.244830E-07     -0.104428E+03     -0.105659E-06     -0.513332E-06     -0.519384E-15
  3.8854      0.141664E-07     -0.182702E+03     -0.182228E-06     -0.518824E-06     -0.517477E-15
  3.8917      0.701296E-08     -0.373727E+03     -0.367865E-06     -0.524531E-06     -0.516304E-15
  3.8980      0.324783E-08     -0.817065E+03     -0.795875E-06     -0.530230E-06     -0.516480E-15
  3.9042      0.308795E-08     -0.869719E+03     -0.836116E-06     -0.535754E-06     -0.515054E-15
  3.9105      0.674043E-08     -0.403104E+03     -0.385480E-06     -0.541157E-06     -0.517497E-15
  3.9168      0.144012E-07     -0.190828E+03     -0.179719E-06     -0.546468E-06     -0.514655E-15
  3.9231      0.262537E-07     -0.105891E+03     -0.990644E-07     -0.551922E-06     -0.516339E-15
  3.9293      0.424672E-07     -0.661946E+02     -0.610877E-07     -0.557197E-06     -0.514209E-15
  3.9356      0.631959E-07     -0.449893E+02     -0.411266E-07     -0.562649E-06     -0.514340E-15
  3.9419      0.885771E-07     -0.324607E+02     -0.293289E-07     -0.568102E-06     -0.513291E-15
  3.9482      0.118730E-06     -0.245049E+02     -0.221281E-07     -0.573945E-06     -0.518277E-15
  3.9545      0.153756E-06     -0.191534E+02     -0.170025E-07     -0.580021E-06     -0.514885E-15
  3.9607      0.193733E-06     -0.153797E+02     -0.134247E-07     -0.585907E-06     -0.511427E-15
  3.9670      0.238720E-06     -0.126166E+02     -0.109577E-07     -0.591315E-06     -0.513567E-15
  3.9733      0.288752E-06     -0.105452E+02     -0.910251E-08     -0.596873E-06     -0.515215E-15
  3.9796      0.343840E-06     -0.895431E+01     -0.765152E-08     -0.602567E-06     -0.514898E-15
  3.9858      0.403970E-06     -0.770947E+01     -0.651025E-08     -0.608565E-06     -0.513902E-15
  3.9921      0.469104E-06     -0.671584E+01     -0.561713E-08     -0.614638E-06     -0.514083E-15
  3.9984      0.539175E-06     -0.591111E+01     -0.491880E-08     -0.620820E-06     -0.516603E-15
  4.0047      0.614091E-06     -0.525262E+01     -0.430125E-08     -0.627328E-06     -0.513705E-15
  4.0109      0.693729E-06     -0.470513E+01     -0.381910E-08     -0.633822E-06     -0.514467E-15
  4.0172      0.777941E-06     -0.424718E+01     -0.341296E-08     -0.640580E-06     -0.514760E-15
  4.0235      0.866547E-06     -0.385816E+01     -0.306995E-08     -0.647175E-06     -0.514959E-15
  4.0298      0.959341E-06     -0.352407E+01     -0.278398E-08     -0.653415E-06     -0.516192E-15
  4.0361      0.105609E-05     -0.323642E+01     -0.253511E-08     -0.659568E-06     -0.516645E-15
  4.0423      0.115651E-05     -0.299008E+01     -0.231909E-08     -0.666276E-06     -0.516760E-15
  4.0486      0.126033E-05     -0.277596E+01     -0.212992E-08     -0.673048E-06     -0.516411E-15
  4.0549      0.136722E-05     -0.258939E+01     -0.196410E-08     -0.680000E-06     -0.515793E-15
  4.0612      0.147681E-05     -0.242384E+01     -0.181729E-08     -0.686487E-06     -0.514698E-15
  4.0674      0.158875E-05     -0.227812E+01     -0.169084E-08     -0.693047E-06     -0.514384E-15
  4.0737      0.170260E-05     -0.215157E+01     -0.157992E-08     -0.700375E-06     -0.514294E-15
  4.0800      0.181795E-05     -0.204011E+01     -0.148443E-08     -0.707995E-06     -0.515152E-15
  4.0863      0.193434E-05     -0.193923E+01     -0.138334E-08     -0.714969E-06     -0.510022E-15
  4.0925      0.205128E-05     -0.184908E+01     -0.131212E-08     -0.721840E-06     -0.512221E-15
  4.0988      0.216827E-05     -0.176707E+01     -0.124879E-08     -0.728049E-06     -0.514516E-15
  4.1051      0.228479E-05     -0.169488E+01     -0.118966E-08     -0.734707E-06     -0.515700E-15
  4.1114      0.240029E-05     -0.163209E+01     -0.113478E-08     -0.742120E-06     -0.515992E-15
  4.1177      0.251422E-05     -0.157472E+01     -0.108498E-08     -0.748875E-06     -0.515975E-15
  4.1239      0.262600E-05     -0.152474E+01     -0.103942E-08     -0.756194E-06     -0.515498E-15
  4.1302      0.273504E-05     -0.148072E+01     -0.100820E-08     -0.763694E-06     -0.519984E-15
  4.1365      0.284076E-05     -0.144231E+01     -0.964699E-09     -0.771461E-06     -0.515997E-15
  4.1428      0.294254E-05     -0.140809E+01     -0.931449E-09     -0.778964E-06     -0.515281E-15
  4.1490      0.303979E-05     -0.137822E+01     -0.902278E-09     -0.786444E-06     -0.514860E-15
  4.1553      0.313190E-05     -0.135118E+01     -0.878558E-09     -0.793174E-06     -0.515735E-15
  4.1616      0.321826E-05     -0.132982E+01     -0.854776E-09     -0.800950E-06     -0.514833E-15
  4.1679      0.329828E-05     -0.131466E+01     -0.833829E-09     -0.810290E-06     -0.513929E-15
  4.1741      0.337137E-05     -0.130058E+01     -0.814524E-09     -0.818139E-06     -0.512384E-15
  4.1804      0.343696E-05     -0.129103E+01     -0.799832E-09     -0.826690E-06     -0.512160E-15
  4.1867      0.349449E-05     -0.128228E+01     -0.791114E-09     -0.833582E-06     -0.514286E-15
  4.1930      0.354344E-05     -0.127371E+01     -0.782365E-09     -0.838351E-06     -0.514950E-15
  4.1993      0.358329E-05     -0.127360E+01     -0.773791E-09     -0.846437E-06     -0.514264E-15
  4.2055      0.361357E-05     -0.127796E+01     -0.768062E-09     -0.855239E-06     -0.514002E-15
  4.2118      0.363384E-05     -0.128428E+01     -0.765878E-09     -0.862999E-06     -0.514647E-15
  4.2181      0.364369E-05     -0.129373E+01     -0.765570E-09     -0.870409E-06     -0.515066E-15
  4.2244      0.364277E-05     -0.130791E+01     -0.763420E-09     -0.878416E-06     -0.512728E-15
  4.2306      0.363077E-05     -0.132558E+01     -0.770703E-09     -0.886034E-06     -0.515149E-15
  4.2369      0.360745E-05     -0.134828E+01     -0.776728E-09     -0.894096E-06     -0.515077E-15
  4.2432      0.357260E-05     -0.137490E+01     -0.783223E-09     -0.901606E-06     -0.513605E-15
  4.2495      0.352610E-05     -0.140819E+01     -0.794897E-09     -0.910065E-06     -0.513717E-15
  4.2557      0.346789E-05     -0.144636E+01     -0.812124E-09     -0.917951E-06     -0.515424E-15
  4.2620      0.339798E-05     -0.149206E+01     -0.825607E-09     -0.926501E-06     -0.512663E-15
  4.2683      0.331648E-05     -0.154490E+01     -0.849642E-09     -0.934921E-06     -0.514175E-15
  4.2746      0.322356E-05     -0.160685E+01     -0.874527E-09     -0.943780E-06     -0.513651E-15
  4.2809      0.311949E-05     -0.167875E+01     -0.907306E-09     -0.952779E-06     -0.514944E-15
  4.2871      0.300464E-05     -0.176234E+01     -0.942682E-09     -0.961987E-06     -0.514570E-15
  4.2934      0.287948E-05     -0.186136E+01     -0.986840E-09     -0.972288E-06     -0.515480E-15
  4.2997      0.274458E-05     -0.197330E+01     -0.104574E-08     -0.981038E-06     -0.519894E-15
  4.3060      0.260063E-05     -0.210231E+01     -0.109277E-08     -0.988913E-06     -0.514031E-15
  4.3122      0.244841E-05     -0.225858E+01     -0.116887E-08     -0.998782E-06     -0.516894E-15
  4.3185      0.228886E-05     -0.244767E+01     -0.124819E-08     -0.101039E-05     -0.515249E-15
  4.3248      0.212301E-05     -0.266656E+01     -0.134534E-08     -0.101951E-05     -0.514366E-15
  4.3311      0.195203E-05     -0.293227E+01     -0.146960E-08     -0.102931E-05     -0.515873E-15
  4.3373      0.177723E-05     -0.325455E+01     -0.161092E-08     -0.103863E-05     -0.514097E-15
  4.3436      0.160005E-05     -0.365488E+01     -0.178820E-08     -0.104859E-05     -0.513037E-15
  4.3499      0.142207E-05     -0.415561E+01     -0.186708E-08     -0.105810E-05     -0.475397E-15
  4.3562      0.124501E-05     -0.479942E+01     -0.224034E-08     -0.106834E-05     -0.498695E-15
  4.3625      0.107076E-05     -0.563881E+01     -0.266072E-08     -0.107796E-05     -0.508642E-15
  4.3687      0.901334E-06     -0.677327E+01     -0.320370E-08     -0.108838E-05     -0.514795E-15
  4.3750      0.738912E-06     -0.834473E+01     -0.393389E-08     -0.109769E-05     -0.517474E-15
  4.3813      0.585829E-06     -0.106242E+02     -0.494333E-08     -0.110641E-05     -0.514804E-15
  4.3876      0.444574E-06     -0.141450E+02     -0.657131E-08     -0.111629E-05     -0.518592E-15
  4.3938      0.317801E-06     -0.199847E+02     -0.912649E-08     -0.112580E-05     -0.514124E-15
  4.4001      0.208321E-06     -0.308118E+02     -0.140211E-07     -0.113616E-05     -0.517018E-15
  4.4064      0.119109E-06     -0.544680E+02     -0.245938E-07     -0.114672E-05     -0.517775E-15
  4.4127      0.533025E-07     -0.123001E+03     -0.550848E-07     -0.115720E-05     -0.518240E-15
  4.4189      0.142007E-07     -0.466584E+03     -0.206936E-06     -0.116781E-05     -0.517940E-15
  4.4252      0.526648E-08     -0.127154E+04     -0.558228E-06     -0.117861E-05     -0.517428E-15
  4.4315      0.301247E-07     -0.224729E+03     -0.975580E-07     -0.118983E-05     -0.516520E-15
  4.4378      0.925608E-07     -0.739293E+02     -0.317431E-07     -0.120097E-05     -0.515660E-15
  4.4441      0.196520E-06     -0.352284E+02     -0.149149E-07     -0.121331E-05     -0.513690E-15
  4.4503      0.346104E-06     -0.202083E+02     -0.851610E-08     -0.122404E-05     -0.515832E-15
  4.4566      0.545571E-06     -0.129549E+02     -0.542270E-08     -0.123519E-05     -0.517029E-15
  4.4629      0.799328E-06     -0.893291E+01     -0.370781E-08     -0.124611E-05     -0.517226E-15
  4.4692      0.111193E-05     -0.648738E+01     -0.266293E-08     -0.125712E-05     -0.516019E-15
  4.4754      0.148809E-05     -0.489715E+01     -0.200586E-08     -0.126820E-05     -0.519453E-15
  4.4817      0.193264E-05     -0.380794E+01     -0.154156E-08     -0.127894E-05     -0.517749E-15
  4.4880      0.245055E-05     -0.303422E+01     -0.120658E-08     -0.129036E-05     -0.513122E-15
  4.4943      0.304693E-05     -0.246392E+01     -0.978995E-09     -0.130102E-05     -0.516936E-15
  4.5005      0.372702E-05     -0.203600E+01     -0.799824E-09     -0.131319E-05     -0.515874E-15
  4.5068      0.449615E-05     -0.170572E+01     -0.665294E-09     -0.132535E-05     -0.516935E-15
  4.5131      0.535978E-05     -0.144617E+01     -0.556452E-09     -0.133765E-05     -0.514698E-15
  4.5194      0.632346E-05     -0.123882E+01     -0.472626E-09     -0.135001E-05     -0.515047E-15
  4.5257      0.739285E-05     -0.107092E+01     -0.405983E-09     -0.136252E-05     -0.516525E-15
  4.5319      0.857368E-05     -0.933212E+00     -0.349239E-09     -0.137505E-05     -0.514589E-15
  4.5382      0.987176E-05     -0.819136E+00     -0.303656E-09     -0.138778E-05     -0.514453E-15
  4.5445      0.112930E-04     -0.723497E+00     -0.266784E-09     -0.140027E-05     -0.516341E-15
  4.5508      0.128432E-04     -0.643055E+00     -0.234686E-09     -0.141349E-05     -0.515858E-15
  4.5570      0.145286E-04     -0.574591E+00     -0.207012E-09     -0.142676E-05     -0.514030E-15
  4.5633      0.163549E-04     -0.515965E+00     -0.184551E-09     -0.144026E-05     -0.515155E-15
  4.5696      0.183284E-04     -0.465434E+00     -0.165174E-09     -0.145398E-05     -0.515991E-15
  4.5759      0.204550E-04     -0.421554E+00     -0.148503E-09     -0.146768E-05     -0.517028E-15
  4.5821      0.227408E-04     -0.383285E+00     -0.133316E-09     -0.148153E-05     -0.515313E-15
  4.5884      0.251918E-04     -0.349740E+00     -0.120389E-09     -0.149553E-05     -0.514795E-15
  4.5947      0.278141E-04     -0.320188E+00     -0.109676E-09     -0.150961E-05     -0.517099E-15
  4.6010      0.306136E-04     -0.294066E+00     -0.995288E-10     -0.152392E-05     -0.515781E-15
  4.6073      0.335962E-04     -0.270849E+00     -0.909648E-10     -0.153825E-05     -0.516623E-15
  4.6135      0.367677E-04     -0.250184E+00     -0.827732E-10     -0.155291E-05     -0.513778E-15
  4.6198      0.401340E-04     -0.231679E+00     -0.761083E-10     -0.156758E-05     -0.514960E-15
  4.6261      0.437008E-04     -0.215097E+00     -0.700443E-10     -0.158257E-05     -0.515349E-15
  4.6324      0.474735E-04     -0.200128E+00     -0.644337E-10     -0.159739E-05     -0.514297E-15
  4.6386      0.514576E-04     -0.186678E+00     -0.596482E-10     -0.161289E-05     -0.515358E-15
  4.6449      0.556584E-04     -0.174478E+00     -0.550511E-10     -0.162834E-05     -0.513774E-15
  4.6512      0.600811E-04     -0.163431E+00     -0.510907E-10     -0.164422E-05     -0.514006E-15
  4.6575      0.647306E-04     -0.153360E+00     -0.479028E-10     -0.166007E-05     -0.518529E-15
  4.6637      0.696118E-04     -0.144197E+00     -0.446092E-10     -0.167632E-05     -0.518591E-15
  4.6700      0.747291E-04     -0.135812E+00     -0.414203E-10     -0.169263E-05     -0.516223E-15
  4.6763      0.800871E-04     -0.128148E+00     -0.387159E-10     -0.170933E-05     -0.516419E-15
  4.6826      0.856898E-04     -0.121110E+00     -0.363626E-10     -0.172615E-05     -0.518264E-15
  4.6889      0.915411E-04     -0.114641E+00     -0.338927E-10     -0.174318E-05     -0.515356E-15
  4.6951      0.976446E-04     -0.108670E+00     -0.320882E-10     -0.176020E-05     -0.519755E-15
  4.7014      0.104004E-03     -0.103189E+00     -0.299422E-10     -0.177791E-05     -0.515891E-15
  4.7077      0.110622E-03     -0.981432E-01     -0.281864E-10     -0.179617E-05     -0.515853E-15
  4.7140      0.117501E-03     -0.934228E-01     -0.265728E-10     -0.181369E-05     -0.515877E-15
  4.7202      0.124645E-03     -0.889948E-01     -0.251560E-10     -0.183032E-05     -0.517373E-15
  4.7265      0.132054E-03     -0.849952E-01     -0.238101E-10     -0.184951E-05     -0.518112E-15
  4.7328      0.139731E-03     -0.813045E-01     -0.224856E-10     -0.186958E-05     -0.517052E-15
  4.7391      0.147678E-03     -0.778117E-01     -0.213958E-10     -0.188851E-05     -0.519284E-15
  4.7453      0.155895E-03     -0.745758E-01     -0.202030E-10     -0.190816E-05     -0.516930E-15
  4.7516      0.164383E-03     -0.715431E-01     -0.192400E-10     -0.192768E-05     -0.518408E-15
  4.7579      0.173142E-03     -0.687517E-01     -0.182546E-10     -0.194860E-05     -0.517385E-15
  4.7642      0.182173E-03     -0.660676E-01     -0.173636E-10     -0.196760E-05     -0.517115E-15
  4.7705      0.191474E-03     -0.635261E-01     -0.165831E-10     -0.198589E-05     -0.518403E-15
  4.7767      0.201045E-03     -0.612140E-01     -0.157486E-10     -0.200662E-05     -0.516248E-15
  4.7830      0.210884E-03     -0.590405E-01     -0.151417E-10     -0.202743E-05     -0.519960E-15
  4.7893      0.220990E-03     -0.570058E-01     -0.144492E-10     -0.204868E-05     -0.519278E-15
  4.7956      0.231361E-03     -0.551078E-01     -0.137745E-10     -0.207070E-05     -0.517582E-15
  4.8018      0.241993E-03     -0.533046E-01     -0.131391E-10     -0.209224E-05     -0.515721E-15
  4.8081      0.252883E-03     -0.516172E-01     -0.126021E-10     -0.211443E-05     -0.516230E-15
  4.8144      0.264029E-03     -0.500187E-01     -0.120986E-10     -0.213646E-05     -0.516773E-15
  4.8207      0.275425E-03     -0.485206E-01     -0.116113E-10     -0.215911E-05     -0.516690E-15
  4.8269      0.287068E-03     -0.471023E-01     -0.110610E-10     -0.218176E-05     -0.512343E-15
  4.8332      0.298952E-03     -0.457687E-01     -0.111535E-10     -0.220488E-05     -0.537315E-15
  4.8395      0.311071E-03     -0.445072E-01     -0.106562E-10     -0.222814E-05     -0.533475E-15
  4.8458      0.323421E-03     -0.433201E-01     -0.100285E-10     -0.225189E-05     -0.521308E-15
  4.8521      0.335994E-03     -0.421957E-01     -0.959880E-11     -0.227576E-05     -0.517697E-15
  4.8583      0.348783E-03     -0.411366E-01     -0.928774E-11     -0.230012E-05     -0.519316E-15
  4.8646      0.361782E-03     -0.401349E-01     -0.893226E-11     -0.232474E-05     -0.517384E-15
  4.8709      0.374981E-03     -0.391889E-01     -0.866208E-11     -0.234973E-05     -0.519370E-15
  4.8772      0.388374E-03     -0.382947E-01     -0.838154E-11     -0.237506E-05     -0.519828E-15
  4.8834      0.401951E-03     -0.374504E-01     -0.814843E-11     -0.240081E-05     -0.522366E-15
  4.8897      0.415704E-03     -0.366509E-01     -0.781761E-11     -0.242682E-05     -0.517639E-15
  4.8960      0.429621E-03     -0.358971E-01     -0.759781E-11     -0.245334E-05     -0.519261E-15
  4.9023      0.443694E-03     -0.351825E-01     -0.734829E-11     -0.248008E-05     -0.517996E-15
  4.9085      0.457913E-03     -0.345091E-01     -0.711956E-11     -0.250736E-05     -0.517292E-15
  4.9148      0.472265E-03     -0.338705E-01     -0.692956E-11     -0.253485E-05     -0.518604E-15
  4.9211      0.486740E-03     -0.332701E-01     -0.668674E-11     -0.256296E-05     -0.515113E-15
  4.9274      0.501326E-03     -0.327007E-01     -0.651690E-11     -0.259128E-05     -0.516414E-15
  4.9337      0.516011E-03     -0.321655E-01     -0.633929E-11     -0.262019E-05     -0.516397E-15
  4.9399      0.530783E-03     -0.316587E-01     -0.616075E-11     -0.264937E-05     -0.515564E-15
  4.9462      0.545629E-03     -0.311835E-01     -0.602187E-11     -0.267919E-05     -0.517380E-15
  4.9525      0.560536E-03     -0.307340E-01     -0.584629E-11     -0.270927E-05     -0.515364E-15
  4.9588      0.575491E-03     -0.303107E-01     -0.571254E-11     -0.273977E-05     -0.516354E-15
  4.9650      0.590479E-03     -0.299145E-01     -0.552548E-11     -0.277087E-05     -0.511805E-15
  4.9713      0.605487E-03     -0.295442E-01     -0.544532E-11     -0.280259E-05     -0.516547E-15
  4.9776      0.620501E-03     -0.291972E-01     -0.530867E-11     -0.283477E-05     -0.515421E-15
  4.9839      0.635507E-03     -0.288734E-01     -0.520166E-11     -0.286751E-05     -0.516592E-15
  4.9901      0.650489E-03     -0.285713E-01     -0.507570E-11     -0.290074E-05     -0.515318E-15
  4.9964      0.665433E-03     -0.282907E-01     -0.498486E-11     -0.293454E-05     -0.517072E-15
  5.0027      0.680323E-03     -0.280300E-01     -0.483635E-11     -0.296885E-05     -0.512250E-15
  5.0090      0.695146E-03     -0.277895E-01     -0.480425E-11     -0.300373E-05     -0.519285E-15
  5.0152      0.709885E-03     -0.275681E-01     -0.473640E-11     -0.303917E-05     -0.522152E-15
  5.0215      0.724525E-03     -0.273653E-01     -0.459721E-11     -0.307518E-05     -0.516613E-15
  5.0278      0.739051E-03     -0.271807E-01     -0.450746E-11     -0.311178E-05     -0.516037E-15
  5.0341      0.753448E-03     -0.270133E-01     -0.443058E-11     -0.314893E-05     -0.516472E-15
  5.0404      0.767699E-03     -0.268639E-01     -0.434144E-11     -0.318678E-05     -0.515010E-15
  5.0466      0.781789E-03     -0.267309E-01     -0.426801E-11     -0.322518E-05     -0.514951E-15
  5.0529      0.795703E-03     -0.266153E-01     -0.417009E-11     -0.326433E-05     -0.511455E-15
  5.0592      0.809426E-03     -0.265150E-01     -0.413598E-11     -0.330400E-05     -0.515380E-15
  5.0655      0.822942E-03     -0.264325E-01     -0.405009E-11     -0.334457E-05     -0.512469E-15
  5.0717      0.836235E-03     -0.263643E-01     -0.399792E-11     -0.338564E-05     -0.513402E-15
  5.0780      0.849292E-03     -0.263138E-01     -0.394611E-11     -0.342767E-05     -0.514025E-15
  5.0843      0.862096E-03     -0.262775E-01     -0.390396E-11     -0.347026E-05     -0.515564E-15
  5.0906      0.874634E-03     -0.262583E-01     -0.385177E-11     -0.351381E-05     -0.515433E-15
  5.0968      0.886890E-03     -0.262530E-01     -0.384155E-11     -0.355795E-05     -0.520628E-15
  5.1031      0.898850E-03     -0.262656E-01     -0.376164E-11     -0.360322E-05     -0.516038E-15
  5.1094      0.910501E-03     -0.262926E-01     -0.370991E-11     -0.364919E-05     -0.514905E-15
  5.1157      0.921829E-03     -0.263372E-01     -0.366837E-11     -0.369632E-05     -0.514840E-15
  5.1220      0.932819E-03     -0.263981E-01     -0.362674E-11     -0.374444E-05     -0.514435E-15
  5.1282      0.943460E-03     -0.264743E-01     -0.357942E-11     -0.379344E-05     -0.512886E-15
  5.1345      0.953738E-03     -0.265532E-01     -0.354418E-11     -0.384148E-05     -0.512741E-15
  5.1408      0.963640E-03     -0.266790E-01     -0.349952E-11     -0.389499E-05     -0.510912E-15
  5.1471      0.973156E-03     -0.268378E-01     -0.346371E-11     -0.395205E-05     -0.510056E-15
  5.1533      0.982274E-03     -0.269347E-01     -0.345719E-11     -0.399860E-05     -0.513239E-15
  5.1596      0.990982E-03     -0.270397E-01     -0.344308E-11     -0.404485E-05     -0.515048E-15
  5.1659      0.999269E-03     -0.272063E-01     -0.340763E-11     -0.409882E-05     -0.513383E-15
  5.1722      0.100713E-02     -0.273997E-01     -0.339582E-11     -0.415536E-05     -0.515002E-15
  5.1784      0.101454E-02     -0.276159E-01     -0.336585E-11     -0.421390E-05     -0.513593E-15
  5.1847      0.102151E-02     -0.278542E-01     -0.336366E-11     -0.427427E-05     -0.516159E-15
  5.1910      0.102803E-02     -0.281225E-01     -0.335651E-11     -0.433769E-05     -0.517717E-15
  5.1973      0.103407E-02     -0.284162E-01     -0.332139E-11     -0.440345E-05     -0.514692E-15
  5.2036      0.103964E-02     -0.287670E-01     -0.329864E-11     -0.447643E-05     -0.513301E-15
  5.2098      0.104474E-02     -0.291663E-01     -0.329115E-11     -0.455531E-05     -0.514025E-15
  5.2161      0.104935E-02     -0.297545E-01     -0.328558E-11     -0.466205E-05     -0.514798E-15
  5.2224      0.105346E-02     -0.305986E-01     -0.328774E-11     -0.480733E-05     -0.516536E-15
  5.2287      0.105708E-02     -0.337339E-01     -0.326491E-11     -0.531175E-05     -0.514094E-15
  5.2349      0.106020E-02     -0.383646E-01     -0.326644E-11     -0.605147E-05     -0.515235E-15
  5.2412      0.106282E-02     -0.379099E-01     -0.323355E-11     -0.598733E-05     -0.510693E-15
  5.2475      0.106493E-02     -0.346063E-01     -0.324091E-11     -0.546986E-05     -0.512258E-15
  5.2538      0.106653E-02     -0.339782E-01     -0.326030E-11     -0.537222E-05     -0.515480E-15
  5.2600      0.106762E-02     -0.342952E-01     -0.325081E-11     -0.542140E-05     -0.513889E-15
  5.2663      0.106819E-02     -0.342068E-01     -0.323860E-11     -0.540388E-05     -0.511624E-15
  5.2726      0.106825E-02     -0.343082E-01     -0.327003E-11     -0.541376E-05     -0.516005E-15
  5.2789      0.106780E-02     -0.348629E-01     -0.327239E-11     -0.549244E-05     -0.515546E-15
  5.2852      0.106684E-02     -0.375970E-01     -0.326151E-11     -0.591082E-05     -0.512759E-15
  5.2914      0.106537E-02     -0.433180E-01     -0.327828E-11     -0.679278E-05     -0.514074E-15
  5.2977      0.106339E-02     -0.440756E-01     -0.328890E-11     -0.689057E-05     -0.514171E-15
  5.3040      0.106091E-02     -0.396480E-01     -0.329335E-11     -0.617658E-05     -0.513056E-15
  5.3103      0.105792E-02     -0.379899E-01     -0.337131E-11     -0.589464E-05     -0.523103E-15
  5.3165      0.105444E-02     -0.382202E-01     -0.323897E-11     -0.590386E-05     -0.500323E-15
  5.3228      0.105046E-02     -0.386241E-01     -0.329292E-11     -0.593676E-05     -0.506142E-15
  5.3291      0.104600E-02     -0.392730E-01     -0.333074E-11     -0.600378E-05     -0.509180E-15
  5.3354      0.104106E-02     -0.399690E-01     -0.335846E-11     -0.607415E-05     -0.510390E-15
  5.3416      0.103564E-02     -0.407603E-01     -0.338262E-11     -0.615494E-05     -0.510787E-15
  5.3479      0.102976E-02     -0.415863E-01     -0.341710E-11     -0.623665E-05     -0.512460E-15
  5.3542      0.102341E-02     -0.424856E-01     -0.341370E-11     -0.632486E-05     -0.508200E-15
  5.3605      0.101662E-02     -0.434295E-01     -0.348182E-11     -0.641494E-05     -0.514298E-15
  5.3668      0.100939E-02     -0.444450E-01     -0.353162E-11     -0.651060E-05     -0.517336E-15
  5.3730      0.100172E-02     -0.455118E-01     -0.354610E-11     -0.660850E-05     -0.514908E-15
  5.3793      0.993631E-03     -0.466408E-01     -0.357896E-11     -0.670992E-05     -0.514883E-15
  5.3856      0.985130E-03     -0.478245E-01     -0.359625E-11     -0.681340E-05     -0.512345E-15
  5.3919      0.976229E-03     -0.490820E-01     -0.365674E-11     -0.692130E-05     -0.515655E-15
  5.3981      0.966937E-03     -0.504003E-01     -0.364448E-11     -0.703136E-05     -0.508443E-15
  5.4044      0.957269E-03     -0.517922E-01     -0.370892E-11     -0.714499E-05     -0.511664E-15
  5.4107      0.947235E-03     -0.532532E-01     -0.375978E-11     -0.726110E-05     -0.512648E-15
  5.4170      0.936847E-03     -0.547930E-01     -0.380987E-11     -0.738057E-05     -0.513186E-15
  5.4232      0.926120E-03     -0.564099E-01     -0.385466E-11     -0.750267E-05     -0.512680E-15
  5.4295      0.915067E-03     -0.581141E-01     -0.391927E-11     -0.762826E-05     -0.514456E-15
  5.4358      0.903700E-03     -0.599035E-01     -0.398168E-11     -0.775649E-05     -0.515560E-15
  5.4421      0.892034E-03     -0.617884E-01     -0.401298E-11     -0.788817E-05     -0.512313E-15
  5.4484      0.880082E-03     -0.637655E-01     -0.410314E-11     -0.802225E-05     -0.516211E-15
  5.4546      0.867860E-03     -0.658505E-01     -0.416181E-11     -0.816010E-05     -0.515725E-15
  5.4609      0.855381E-03     -0.680458E-01     -0.420850E-11     -0.830135E-05     -0.513423E-15
  5.4672      0.842661E-03     -0.703585E-01     -0.429063E-11     -0.844614E-05     -0.515065E-15
  5.4735      0.829714E-03     -0.727904E-01     -0.435563E-11     -0.859396E-05     -0.514245E-15
  5.4797      0.816556E-03     -0.753584E-01     -0.441430E-11     -0.874601E-05     -0.512319E-15
  5.4860      0.803201E-03     -0.780649E-01     -0.451054E-11     -0.890175E-05     -0.514337E-15
  5.4923      0.789664E-03     -0.809244E-01     -0.454683E-11     -0.906193E-05     -0.509155E-15
  5.4986      0.775961E-03     -0.839406E-01     -0.464958E-11     -0.922602E-05     -0.511041E-15
  5.5048      0.762107E-03     -0.871283E-01     -0.478875E-11     -0.939469E-05     -0.516352E-15
  5.5111      0.748117E-03     -0.904910E-01     -0.486062E-11     -0.956725E-05     -0.513894E-15
  5.5174      0.734007E-03     -0.940432E-01     -0.494400E-11     -0.974419E-05     -0.512267E-15
  5.5237      0.719791E-03     -0.977966E-01     -0.508477E-11     -0.992554E-05     -0.516062E-15
  5.5300      0.705485E-03     -0.101766E+00     -0.510676E-11     -0.101116E-04     -0.507416E-15
  5.5362      0.691103E-03     -0.105961E+00     -0.532078E-11     -0.103021E-04     -0.517316E-15
  5.5425      0.676661E-03     -0.110404E+00     -0.537070E-11     -0.104978E-04     -0.510679E-15
  5.5488      0.662172E-03     -0.115109E+00     -0.553067E-11     -0.106988E-04     -0.514048E-15
  5.5551      0.647652E-03     -0.120097E+00     -0.563410E-11     -0.109053E-04     -0.511599E-15
  5.5613      0.633115E-03     -0.125386E+00     -0.575900E-11     -0.111174E-04     -0.510625E-15
  5.5676      0.618574E-03     -0.130996E+00     -0.592390E-11     -0.113353E-04     -0.512605E-15
  5.5739      0.604044E-03     -0.136952E+00     -0.605411E-11     -0.115593E-04     -0.510990E-15
  5.5802      0.589538E-03     -0.143277E+00     -0.611573E-11     -0.117895E-04     -0.503229E-15
  5.5864      0.575070E-03     -0.150000E+00     -0.635131E-11     -0.120262E-04     -0.509214E-15
  5.5927      0.560651E-03     -0.157150E+00     -0.654779E-11     -0.122698E-04     -0.511230E-15
  5.5990      0.546296E-03     -0.164760E+00     -0.672519E-11     -0.125205E-04     -0.511063E-15
  5.6053      0.532016E-03     -0.172865E+00     -0.694272E-11     -0.127787E-04     -0.513227E-15
  5.6116      0.517823E-03     -0.181502E+00     -0.714621E-11     -0.130446E-04     -0.513602E-15
  5.6178      0.503730E-03     -0.190710E+00     -0.730441E-11     -0.133185E-04     -0.510113E-15
  5.6241      0.489746E-03     -0.200536E+00     -0.765512E-11     -0.136007E-04     -0.519184E-15
  5.6304      0.475883E-03     -0.211025E+00     -0.782351E-11     -0.138915E-04     -0.515010E-15
  5.6367      0.462151E-03     -0.222232E+00     -0.799695E-11     -0.141913E-04     -0.510668E-15
  5.6429      0.448560E-03     -0.234212E+00     -0.833516E-11     -0.145003E-04     -0.516038E-15
  5.6492      0.435121E-03     -0.247027E+00     -0.856637E-11     -0.148190E-04     -0.513891E-15
  5.6555      0.421841E-03     -0.260750E+00     -0.875299E-11     -0.151480E-04     -0.508495E-15
  5.6618      0.408730E-03     -0.275465E+00     -0.918701E-11     -0.154882E-04     -0.516548E-15
  5.6680      0.395796E-03     -0.291197E+00     -0.938625E-11     -0.158372E-04     -0.510484E-15
  5.6743      0.383046E-03     -0.308081E+00     -0.965236E-11     -0.161977E-04     -0.507485E-15
  5.6806      0.370489E-03     -0.326234E+00     -0.994793E-11     -0.165715E-04     -0.505320E-15
  5.6869      0.358130E-03     -0.345735E+00     -0.104628E-10     -0.169575E-04     -0.513179E-15
  5.6932      0.345977E-03     -0.366703E+00     -0.107535E-10     -0.173565E-04     -0.508976E-15
  5.6994      0.334036E-03     -0.389276E+00     -0.111040E-10     -0.177693E-04     -0.506867E-15
  5.7057      0.322311E-03     -0.413581E+00     -0.115873E-10     -0.181961E-04     -0.509799E-15
  5.7120      0.310809E-03     -0.439787E+00     -0.119461E-10     -0.186381E-04     -0.506273E-15
  5.7183      0.299532E-03     -0.468041E+00     -0.124164E-10     -0.190948E-04     -0.506557E-15
  5.7245      0.288487E-03     -0.498556E+00     -0.130547E-10     -0.195682E-04     -0.512395E-15
  5.7308      0.277676E-03     -0.531501E+00     -0.134639E-10     -0.200575E-04     -0.508093E-15
  5.7371      0.267102E-03     -0.567163E+00     -0.139499E-10     -0.205658E-04     -0.505835E-15
  5.7434      0.256769E-03     -0.605664E+00     -0.146687E-10     -0.210892E-04     -0.510763E-15
  5.7496      0.246678E-03     -0.647311E+00     -0.152004E-10     -0.216299E-04     -0.507923E-15
  5.7559      0.236832E-03     -0.692798E+00     -0.156735E-10     -0.222016E-04     -0.502277E-15
  5.7622      0.227233E-03     -0.742562E+00     -0.165165E-10     -0.228070E-04     -0.507285E-15
  5.7685      0.217880E-03     -0.795797E+00     -0.172223E-10     -0.234105E-04     -0.506642E-15
  5.7748      0.208776E-03     -0.852739E+00     -0.179199E-10     -0.240112E-04     -0.504586E-15
  5.7810      0.199919E-03     -0.915635E+00     -0.189413E-10     -0.246618E-04     -0.510166E-15
  5.7873      0.191311E-03     -0.984672E+00     -0.197579E-10     -0.253518E-04     -0.508696E-15
  5.7936      0.182951E-03     -0.105946E+01     -0.202126E-10     -0.260569E-04     -0.497122E-15
  5.7999      0.174838E-03     -0.114095E+01     -0.220882E-10     -0.267878E-04     -0.518598E-15
  5.8061      0.166970E-03     -0.122997E+01     -0.227038E-10     -0.275485E-04     -0.508515E-15
  5.8124      0.159347E-03     -0.132818E+01     -0.236432E-10     -0.283594E-04     -0.504832E-15
  5.8187      0.151967E-03     -0.143572E+01     -0.251084E-10     -0.292042E-04     -0.510735E-15
  5.8250      0.144827E-03     -0.155295E+01     -0.261137E-10     -0.300723E-04     -0.505680E-15
  5.8312      0.137925E-03     -0.168123E+01     -0.271194E-10     -0.309715E-04     -0.499592E-15
  5.8375      0.131259E-03     -0.182264E+01     -0.285293E-10     -0.319193E-04     -0.499624E-15
  5.8438      0.124825E-03     -0.197843E+01     -0.303653E-10     -0.329139E-04     -0.505170E-15
  5.8501      0.118621E-03     -0.214986E+01     -0.313293E-10     -0.339517E-04     -0.494770E-15
  5.8564      0.112642E-03     -0.233858E+01     -0.329070E-10     -0.350332E-04     -0.492964E-15
  5.8626      0.106887E-03     -0.254709E+01     -0.355538E-10     -0.361682E-04     -0.504858E-15
  5.8689      0.101349E-03     -0.277742E+01     -0.369360E-10     -0.373557E-04     -0.496782E-15
  5.8752      0.960267E-04     -0.303251E+01     -0.388260E-10     -0.386033E-04     -0.494249E-15
  5.8815      0.909145E-04     -0.331494E+01     -0.416457E-10     -0.399095E-04     -0.501384E-15
  5.8877      0.860085E-04     -0.362857E+01     -0.436333E-10     -0.412839E-04     -0.496436E-15
  5.8940      0.813043E-04     -0.397678E+01     -0.456798E-10     -0.427254E-04     -0.490771E-15
  5.9003      0.767971E-04     -0.436447E+01     -0.496072E-10     -0.442441E-04     -0.502885E-15
  5.9066      0.724824E-04     -0.479607E+01     -0.517054E-10     -0.458391E-04     -0.494181E-15
  5.9128      0.683554E-04     -0.527793E+01     -0.541434E-10     -0.475218E-04     -0.487500E-15
  5.9191      0.644112E-04     -0.581596E+01     -0.594803E-10     -0.492921E-04     -0.504115E-15
  5.9254      0.606448E-04     -0.641839E+01     -0.615331E-10     -0.511628E-04     -0.490498E-15
  5.9317      0.570513E-04     -0.709309E+01     -0.641458E-10     -0.531344E-04     -0.480517E-15
  5.9380      0.536256E-04     -0.785092E+01     -0.709200E-10     -0.552215E-04     -0.498835E-15
  5.9442      0.503627E-04     -0.870237E+01     -0.743031E-10     -0.574253E-04     -0.490312E-15
  5.9505      0.472574E-04     -0.966179E+01     -0.777773E-10     -0.597621E-04     -0.481084E-15
  5.9568      0.443048E-04     -0.107435E+02     -0.858422E-10     -0.622350E-04     -0.497269E-15
  5.9631      0.414996E-04     -0.119664E+02     -0.901973E-10     -0.648622E-04     -0.488901E-15
  5.9693      0.388369E-04     -0.133501E+02     -0.921050E-10     -0.676478E-04     -0.466717E-15
  5.9756      0.363115E-04     -0.149202E+02     -0.108595E-09     -0.706136E-04     -0.513952E-15
  5.9819      0.339186E-04     -0.167036E+02     -0.112177E-09     -0.737669E-04     -0.495399E-15
  5.9882      0.316531E-04     -0.187353E+02     -0.115355E-09     -0.771319E-04     -0.474909E-15
  5.9944      0.295101E-04     -0.210521E+02     -0.119807E-09     -0.807176E-04     -0.459365E-15
  6.0007      0.274848E-04     -0.237024E+02     -0.135586E-09     -0.845540E-04     -0.483676E-15
  6.0070      0.255724E-04     -0.267384E+02     -0.141609E-09     -0.886547E-04     -0.469522E-15
  6.0133      0.237682E-04     -0.302273E+02     -0.150632E-09     -0.930543E-04     -0.463718E-15
  6.0196      0.220677E-04     -0.342425E+02     -0.162029E-09     -0.977711E-04     -0.462634E-15
  6.0258      0.204662E-04     -0.388795E+02     -0.171443E-09     -0.102847E-03     -0.453515E-15
  6.0321      0.189594E-04     -0.442440E+02     -0.178746E-09     -0.108309E-03     -0.437567E-15
  6.0384      0.175430E-04     -0.504724E+02     -0.208511E-09     -0.114207E-03     -0.471809E-15
  6.0447      0.162128E-04     -0.577194E+02     -0.213885E-09     -0.120576E-03     -0.446806E-15
  6.0509      0.149646E-04     -0.661832E+02     -0.223635E-09     -0.127480E-03     -0.430760E-15
  6.0572      0.137945E-04     -0.760934E+02     -0.265609E-09     -0.134968E-03     -0.471116E-15
  6.0635      0.126986E-04     -0.877439E+02     -0.277936E-09     -0.143120E-03     -0.453346E-15
  6.0698      0.116731E-04     -0.101481E+03     -0.275399E-09     -0.152003E-03     -0.412505E-15
  6.0760      0.107145E-04     -0.117749E+03     -0.385767E-09     -0.161719E-03     -0.529819E-15
  6.0823      0.981919E-05     -0.137083E+03     -0.398985E-09     -0.172363E-03     -0.501667E-15
  6.0886      0.898384E-05     -0.160170E+03     -0.411672E-09     -0.184068E-03     -0.473095E-15
  6.0949      0.820518E-05     -0.187850E+03     -0.505378E-09     -0.196964E-03     -0.529897E-15
  6.1012      0.748009E-05     -0.221217E+03     -0.519831E-09     -0.211235E-03     -0.496375E-15
  6.1074      0.680557E-05     -0.261631E+03     -0.511664E-09     -0.227064E-03     -0.444062E-15
  6.1137      0.617875E-05     -0.310879E+03     -0.661959E-09     -0.244704E-03     -0.521051E-15
  6.1200      0.559689E-05     -0.371233E+03     -0.685402E-09     -0.264421E-03     -0.488196E-15
  6.1263      0.505735E-05     -0.445713E+03     -0.704371E-09     -0.286573E-03     -0.452878E-15
  6.1325      0.455764E-05     -0.538248E+03     -0.930100E-09     -0.311555E-03     -0.538371E-15
  6.1388      0.409538E-05     -0.654148E+03     -0.951308E-09     -0.339890E-03     -0.494291E-15
  6.1451      0.366831E-05     -0.800511E+03     -0.921857E-09     -0.372184E-03     -0.428602E-15
  6.1514      0.327431E-05     -0.987109E+03     -0.918241E-09     -0.409228E-03     -0.380677E-15
  6.1576      0.291134E-05     -0.122738E+04     -0.136407E-08     -0.451971E-03     -0.502304E-15
  6.1639      0.257750E-05     -0.154037E+04     -0.127059E-08     -0.501672E-03     -0.413809E-15
  6.1702      0.227100E-05     -0.195315E+04     -0.110356E-08     -0.559895E-03     -0.316350E-15
  6.1765      0.199016E-05     -0.250533E+04     -0.193427E-08     -0.628730E-03     -0.485418E-15
  6.1828      0.173339E-05     -0.325559E+04     -0.169849E-08     -0.710883E-03     -0.370878E-15
  6.1890      0.149925E-05     -0.429350E+04     -0.123680E-08     -0.810054E-03     -0.233347E-15
  6.1953      0.128635E-05     -0.575864E+04     -0.290294E-08     -0.931253E-03     -0.469446E-15
  6.2016      0.109343E-05     -0.787593E+04     -0.208895E-08     -0.108154E-02     -0.286860E-15
  6.2079      0.919340E-06     -0.110192E+05     -0.631439E-09     -0.127097E-02     -0.728313E-16
  6.2141      0.762999E-06     -0.158365E+05     -0.481331E-08     -0.151445E-02     -0.460298E-15
  6.2204      0.623435E-06     -0.235026E+05     -0.211355E-08     -0.183460E-02     -0.164982E-15
  6.2267      0.499767E-06     -0.362709E+05      0.391388E-08     -0.226737E-02      0.244664E-15
  6.2330      0.391204E-06     -0.587634E+05     -0.859312E-08     -0.287255E-02     -0.420061E-15
  6.2392      0.297043E-06     -0.101277E+06      0.461729E-08     -0.375536E-02      0.171209E-15
  6.2455      0.216668E-06     -0.189335E+06      0.436246E-07     -0.511576E-02      0.117872E-14
  6.2518      0.149548E-06     -0.395691E+06     -0.177398E-07     -0.737200E-02     -0.330505E-15
  6.2581      0.952371E-07     -0.972436E+06      0.129327E-06     -0.115260E-01      0.153287E-14
  6.2644      0.533706E-07     -0.308952E+07      0.930193E-06     -0.205007E-01      0.617236E-14
  6.2706      0.236667E-07     -0.156984E+08      0.175971E-06     -0.461461E-01      0.517273E-15
  6.2769      0.592459E-08     -0.251148E+09      0.424012E-04     -0.184627E+00      0.311705E-13
