 
 # Omega; pulse ft; proj flux t=    500.250000000000     
    0.000000000000         0.44556337E-06      0.00000000E+00      0.00000000E+00      0.00000000E+00      0.00000000E+00      0.00000000E+00      0.00000000E+00
    0.006270644019         0.45087192E-06     -0.42641062E-01     -0.53990920E-10     -0.19002543E-06     -0.24060489E-15     -0.11915818E-08     -0.15087476E-17
    0.012541288038         0.46684081E-06     -0.46943697E-01     -0.24514715E-09     -0.10830453E-06     -0.56558279E-15     -0.18707210E-08     -0.50553159E-17
    0.018811932057         0.49359979E-06     -0.27717563E-01     -0.39831986E-09     -0.45075367E-07     -0.64776309E-15     -0.21533726E-08     -0.91172077E-17
    0.025082576077         0.53136541E-06     -0.25200539E-01     -0.49976528E-09     -0.33088239E-07     -0.65619044E-15     -0.23608572E-08     -0.13231944E-16
    0.031353220096         0.58044149E-06     -0.18174692E-01     -0.57828415E-09     -0.20853840E-07     -0.66352954E-15     -0.24916242E-08     -0.17392702E-16
    0.037623864115         0.64121969E-06     -0.35253576E-02     -0.62771008E-09     -0.37238253E-08     -0.66304840E-15     -0.25149749E-08     -0.21550442E-16
    0.043894508134         0.71418031E-06      0.13448179E-01     -0.66020308E-09      0.13561378E-07     -0.66576031E-15     -0.24299364E-08     -0.25725188E-16
    0.050165152153         0.79989324E-06     -0.11022359E-01     -0.67498867E-09     -0.10892990E-07     -0.66706637E-15     -0.24982424E-08     -0.29908124E-16
    0.056435796172         0.89901904E-06     -0.35678578E-01     -0.67709524E-09     -0.35226091E-07     -0.66850809E-15     -0.27191327E-08     -0.34100100E-16
    0.062706440191         0.10123102E-05     -0.16515863E-01     -0.66855114E-09     -0.16525150E-07     -0.66892708E-15     -0.28227560E-08     -0.38294704E-16
    0.068977084211         0.11406125E-05      0.58009966E-03     -0.65344174E-09      0.59453657E-09     -0.66970392E-15     -0.28190279E-08     -0.42494179E-16
    0.075247728230         0.12848664E-05     -0.16616752E-02     -0.63289245E-09     -0.17585447E-08     -0.66978773E-15     -0.28300551E-08     -0.46694179E-16
    0.081518372249         0.14461090E-05     -0.27300953E-02     -0.60956251E-09     -0.30016911E-08     -0.67020312E-15     -0.28488777E-08     -0.50896784E-16
    0.087789016268         0.16254751E-05     -0.21673045E-02     -0.58429268E-09     -0.24871543E-08     -0.67052233E-15     -0.28644737E-08     -0.55101391E-16
    0.094059660287         0.18241995E-05     -0.16818009E-02     -0.55740918E-09     -0.20215579E-08     -0.67001684E-15     -0.28771502E-08     -0.59302828E-16
    0.100330304306         0.20436188E-05     -0.10541497E-02     -0.53098332E-09     -0.13307997E-08     -0.67033409E-15     -0.28854952E-08     -0.63506255E-16
    0.106600948325         0.22851729E-05     -0.49579854E-03     -0.50472692E-09     -0.65872767E-09     -0.67059009E-15     -0.28896258E-08     -0.67711287E-16
    0.112871592345         0.25504072E-05     -0.43560750E-03     -0.47877289E-09     -0.61004644E-09     -0.67049740E-15     -0.28934512E-08     -0.71915737E-16
    0.119142236364         0.28409746E-05     -0.32405821E-03     -0.45373953E-09     -0.47892478E-09     -0.67058045E-15     -0.28964544E-08     -0.76120708E-16
    0.125412880383         0.31586369E-05     -0.24235714E-03     -0.42972480E-09     -0.37831718E-09     -0.67079629E-15     -0.28988266E-08     -0.80327033E-16
    0.131683524402         0.35052673E-05     -0.11568842E-03     -0.40637241E-09     -0.19086322E-09     -0.67043487E-15     -0.29000235E-08     -0.84531091E-16
    0.137954168421         0.38828517E-05      0.38607944E-03     -0.38440243E-09      0.67349647E-09     -0.67057101E-15     -0.28958002E-08     -0.88736004E-16
    0.144224812440         0.42934906E-05      0.82221459E-03     -0.36354731E-09      0.15170447E-08     -0.67077078E-15     -0.28862874E-08     -0.92942168E-16
    0.150495456459         0.47394007E-05      0.10393923E-02     -0.34355071E-09      0.20287204E-08     -0.67055369E-15     -0.28735660E-08     -0.97146972E-16
    0.156766100479         0.52229165E-05      0.12590625E-02     -0.32476460E-09      0.25998656E-08     -0.67061349E-15     -0.28572632E-08     -0.10135215E-15
    0.163036744498         0.57464915E-05      0.16398339E-02     -0.30705349E-09      0.35822823E-08     -0.67077055E-15     -0.28347999E-08     -0.10555831E-15
    0.169307388517         0.63126995E-05      0.20108191E-02     -0.29021450E-09      0.46468097E-08     -0.67065782E-15     -0.28056615E-08     -0.10976377E-15
    0.175578032536         0.69242356E-05      0.32548243E-02     -0.27435475E-09      0.79555806E-08     -0.67058960E-15     -0.27557748E-08     -0.11396880E-15
    0.181848676555         0.75839168E-05      0.45700926E-02     -0.25952429E-09      0.11812752E-07     -0.67081708E-15     -0.26817013E-08     -0.11817525E-15
    0.188119320574         0.82946828E-05      0.12491658E-01     -0.24544218E-09      0.34137299E-07     -0.67074626E-15     -0.24676384E-08     -0.12238126E-15
    0.194389964593         0.90595963E-05      0.38319101E-01     -0.23220356E-09      0.11068607E-06     -0.67072819E-15     -0.17735655E-08     -0.12658716E-15
    0.200660608613         0.98818426E-05      0.24143665E+00     -0.21978296E-09      0.73692227E-06     -0.67083004E-15      0.28474117E-08     -0.13079370E-15
    0.206931252632         0.10764730E-04      0.13277069E+01     -0.20803399E-09      0.42807704E-05     -0.67073972E-15      0.29690599E-07     -0.13499967E-15
    0.213201896651         0.11711688E-04      0.32837368E+01     -0.19702214E-09      0.11179939E-04     -0.67078933E-15      0.99796020E-07     -0.13920595E-15
    0.219472540670         0.12726269E-04      0.44251215E+01     -0.18665817E-09      0.15903356E-04     -0.67082707E-15      0.19952031E-06     -0.14341247E-15
    0.225743184689         0.13812143E-04      0.47203950E+01     -0.17692244E-09      0.17900594E-04     -0.67092198E-15      0.31176856E-06     -0.14761958E-15
    0.232013828708         0.14973100E-04      0.57773016E+01     -0.16782186E-09      0.23108171E-04     -0.67125739E-15      0.45667167E-06     -0.15182880E-15
    0.238284472727         0.16213045E-04      0.71814824E+01     -0.15916448E-09      0.30284864E-04     -0.67120885E-15      0.64657727E-06     -0.15603771E-15
    0.244555116747         0.17535997E-04      0.80892314E+01     -0.15100798E-09      0.35950392E-04     -0.67111395E-15      0.87200939E-06     -0.16024603E-15
    0.250825760766         0.18946084E-04      0.86511073E+01     -0.14343115E-09      0.40500623E-04     -0.67148063E-15      0.11259744E-05     -0.16445664E-15
    0.257096404785         0.20447546E-04      0.90483808E+01     -0.13620311E-09      0.44602451E-04     -0.67139004E-15      0.14056605E-05     -0.16866669E-15
    0.263367048804         0.22044721E-04      0.94747743E+01     -0.12949823E-09      0.49153529E-04     -0.67181496E-15      0.17138848E-05     -0.17287940E-15
    0.269637692823         0.23742049E-04      0.99302284E+01     -0.12321428E-09      0.54192541E-04     -0.67242106E-15      0.20537069E-05     -0.17709591E-15
    0.275908336842         0.25544067E-04      0.10403346E+02     -0.11700156E-09      0.59695412E-04     -0.67136631E-15      0.24280356E-05     -0.18130581E-15
    0.282178980861         0.27455397E-04      0.10887219E+02     -0.11141267E-09      0.65654228E-04     -0.67186241E-15      0.28397299E-05     -0.18551882E-15
    0.288449624880         0.29480748E-04      0.11343937E+02     -0.10618652E-09      0.71857977E-04     -0.67263676E-15      0.32903257E-05     -0.18973669E-15
    0.294720268900         0.31624906E-04      0.11725126E+02     -0.10093468E-09      0.77979319E-04     -0.67127788E-15      0.37793062E-05     -0.19394603E-15
    0.300990912919         0.33892727E-04      0.11993451E+02     -0.96288046E-10      0.83702798E-04     -0.67199830E-15      0.43041767E-05     -0.19815990E-15
    0.307261556938         0.36289132E-04      0.12174157E+02     -0.91917388E-10      0.89114820E-04     -0.67283520E-15      0.48629840E-05     -0.20237901E-15
    0.313532200957         0.38819099E-04      0.12288798E+02     -0.87450515E-10      0.94300800E-04     -0.67107081E-15      0.54543107E-05     -0.20658705E-15
    0.319802844976         0.41487653E-04      0.12384177E+02     -0.83578491E-10      0.99574096E-04     -0.67200693E-15      0.60787044E-05     -0.21080097E-15
    0.326073488995         0.44299860E-04      0.12470089E+02     -0.79922351E-10      0.10500237E-03     -0.67297324E-15      0.67371369E-05     -0.21502094E-15
    0.332344133014         0.47260816E-04      0.12566306E+02     -0.76474229E-10      0.11075505E-03     -0.67401721E-15      0.74316424E-05     -0.21924747E-15
    0.338614777034         0.50375638E-04      0.12659624E+02     -0.72878077E-10      0.11672883E-03     -0.67197673E-15      0.81636073E-05     -0.22346119E-15
    0.344885421053         0.53649455E-04      0.12750713E+02     -0.69818037E-10      0.12293275E-03     -0.67313286E-15      0.89344748E-05     -0.22768217E-15
    0.351156065072         0.57087396E-04      0.12819625E+02     -0.66921996E-10      0.12916893E-03     -0.67429761E-15      0.97444472E-05     -0.23191045E-15
    0.357426709091         0.60694581E-04      0.12863884E+02     -0.63830982E-10      0.13538723E-03     -0.67179555E-15      0.10593412E-04     -0.23612304E-15
    0.363697353110         0.64476108E-04      0.12879566E+02     -0.61255314E-10      0.14151504E-03     -0.67304658E-15      0.11480803E-04     -0.24034348E-15
    0.369967997129         0.68437043E-04      0.12866120E+02     -0.58823186E-10      0.14750861E-03     -0.67440114E-15      0.12405777E-04     -0.24457241E-15
    0.376238641148         0.72582407E-04      0.12831234E+02     -0.56523491E-10      0.15341897E-03     -0.67583336E-15      0.13367812E-04     -0.24881032E-15
    0.382509285168         0.76917163E-04      0.12776617E+02     -0.53992332E-10      0.15923548E-03     -0.67290853E-15      0.14366321E-04     -0.25302989E-15
    0.388779929187         0.81446204E-04      0.12717936E+02     -0.51941461E-10      0.16513013E-03     -0.67440977E-15      0.15401794E-04     -0.25725887E-15
    0.395050573206         0.86174343E-04      0.12645581E+02     -0.49637689E-10      0.17096482E-03     -0.67108806E-15      0.16473853E-04     -0.26146702E-15
    0.401321217225         0.91106293E-04      0.12574484E+02     -0.47806225E-10      0.17692496E-03     -0.67264107E-15      0.17583287E-04     -0.26568492E-15
    0.407591861244         0.96246660E-04      0.12491421E+02     -0.46068527E-10      0.18281620E-03     -0.67422859E-15      0.18729662E-04     -0.26991276E-15
    0.413862505263         0.10159992E-03      0.12412570E+02     -0.44428840E-10      0.18886074E-03     -0.67599729E-15      0.19913941E-04     -0.27415170E-15
    0.420133149282         0.10717043E-03      0.12325116E+02     -0.42873929E-10      0.19485956E-03     -0.67783501E-15      0.21135835E-04     -0.27840216E-15
    0.426403793302         0.11296238E-03      0.12243129E+02     -0.41047861E-10      0.20102397E-03     -0.67397838E-15      0.22396385E-04     -0.28262844E-15
    0.432674437321         0.11897978E-03      0.12150196E+02     -0.39653819E-10      0.20707987E-03     -0.67583336E-15      0.23694909E-04     -0.28686635E-15
    0.438945081340         0.12522650E-03      0.12059628E+02     -0.37991469E-10      0.21323704E-03     -0.67176103E-15      0.25032043E-04     -0.29107873E-15
    0.445215725359         0.13170617E-03      0.11964488E+02     -0.36740042E-10      0.21936758E-03     -0.67362464E-15      0.26407619E-04     -0.29530279E-15
    0.451486369378         0.13842226E-03      0.11873712E+02     -0.35557880E-10      0.22562669E-03     -0.67567806E-15      0.27822444E-04     -0.29953972E-15
    0.457757013397         0.14537797E-03      0.11780672E+02     -0.34436400E-10      0.23188695E-03     -0.67783501E-15      0.29276524E-04     -0.30379019E-15
    0.464027657416         0.15257628E-03      0.11694733E+02     -0.33367059E-10      0.23832859E-03     -0.67999196E-15      0.30770998E-04     -0.30805417E-15
    0.470298301436         0.16001994E-03      0.11613476E+02     -0.32020652E-10      0.24490949E-03     -0.67526392E-15      0.32306738E-04     -0.31228851E-15
    0.476568945455         0.16771141E-03      0.11545161E+02     -0.31063935E-10      0.25181381E-03     -0.67754166E-15      0.33885773E-04     -0.31653714E-15
    0.482839589474         0.17565286E-03      0.11496888E+02     -0.29827819E-10      0.25922407E-03     -0.67253754E-15      0.35511275E-04     -0.32075438E-15
    0.489110233493         0.18384620E-03      0.11493658E+02     -0.28967128E-10      0.26776194E-03     -0.67483253E-15      0.37190314E-04     -0.32498601E-15
    0.495380877512         0.19229300E-03      0.11566450E+02     -0.28155191E-10      0.27827040E-03     -0.67736911E-15      0.38935249E-04     -0.32923355E-15
    0.501651521531         0.20099453E-03      0.11864781E+02     -0.27391905E-10      0.29463513E-03     -0.68021628E-15      0.40782801E-04     -0.33349895E-15
    0.507922165550         0.20995173E-03      0.12997349E+02     -0.26712723E-10      0.33298121E-03     -0.68435763E-15      0.42870808E-04     -0.33779031E-15
    0.514192809570         0.21916516E-03      0.12342611E+02     -0.25648317E-10      0.32605827E-03     -0.67755892E-15      0.44915403E-04     -0.34203904E-15
    0.520463453589         0.22863508E-03      0.94482034E+01     -0.24901654E-10      0.25724357E-03     -0.67799031E-15      0.46528486E-04     -0.34629048E-15
    0.526734097608         0.23836132E-03      0.88179715E+01     -0.24234238E-10      0.24731799E-03     -0.67969862E-15      0.48079329E-04     -0.35055263E-15
    0.533004741627         0.24834337E-03      0.95515311E+01     -0.23655970E-10      0.27582725E-03     -0.68313248E-15      0.49808944E-04     -0.35483631E-15
    0.539275385646         0.25858031E-03      0.92175694E+01     -0.23058159E-10      0.27393275E-03     -0.68525492E-15      0.51526678E-04     -0.35913330E-15
    0.545546029665         0.26907084E-03      0.87860335E+01     -0.21981050E-10      0.26857820E-03     -0.67193359E-15      0.53210837E-04     -0.36334675E-15
    0.551816673684         0.27981322E-03      0.86615475E+01     -0.21450405E-10      0.27221470E-03     -0.67414231E-15      0.54917798E-04     -0.36757406E-15
    0.558087317704         0.29080531E-03      0.85798176E+01     -0.20943606E-10      0.27709003E-03     -0.67638554E-15      0.56655331E-04     -0.37181543E-15
    0.564357961723         0.30204453E-03      0.84184974E+01     -0.20464198E-10      0.27925025E-03     -0.67881858E-15      0.58406410E-04     -0.37607206E-15
    0.570628605742         0.31352788E-03      0.82554347E+01     -0.20001623E-10      0.28112874E-03     -0.68113083E-15      0.60169268E-04     -0.38034319E-15
    0.576899249761         0.32525191E-03      0.81210448E+01     -0.19558691E-10      0.28377522E-03     -0.68344308E-15      0.61948722E-04     -0.38462882E-15
    0.583169893780         0.33721273E-03      0.79993339E+01     -0.18685302E-10      0.28668526E-03     -0.66965585E-15      0.63746423E-04     -0.38882799E-15
    0.589440537799         0.34940598E-03      0.78683438E+01     -0.18289612E-10      0.28907886E-03     -0.67195085E-15      0.65559133E-04     -0.39304156E-15
    0.595711181818         0.36182686E-03      0.77419477E+01     -0.17909242E-10      0.29144591E-03     -0.67419408E-15      0.67386687E-04     -0.39726919E-15
    0.601981825838         0.37447010E-03      0.76243011E+01     -0.17548489E-10      0.29395204E-03     -0.67657535E-15      0.69229956E-04     -0.40151175E-15
    0.608252469857         0.38732997E-03      0.75097158E+01     -0.17202919E-10      0.29638990E-03     -0.67895662E-15      0.71088511E-04     -0.40576925E-15
    0.614523113876         0.40040028E-03      0.73957462E+01     -0.16871462E-10      0.29866259E-03     -0.68132064E-15      0.72961318E-04     -0.41004157E-15
    0.620793757895         0.41367437E-03      0.72808424E+01     -0.16556048E-10      0.30070149E-03     -0.68377094E-15      0.74846910E-04     -0.41432925E-15
    0.627064401914         0.42714512E-03      0.71679289E+01     -0.15846430E-10      0.30262143E-03     -0.66901739E-15      0.76744541E-04     -0.41852442E-15
    0.633335045933         0.44080494E-03      0.70566012E+01     -0.15560930E-10      0.30440458E-03     -0.67126062E-15      0.78653354E-04     -0.42273366E-15
    0.639605689952         0.45464578E-03      0.69480116E+01     -0.15291420E-10      0.30610052E-03     -0.67367641E-15      0.80572801E-04     -0.42695804E-15
    0.645876333972         0.46865914E-03      0.68395102E+01     -0.15032191E-10      0.30759226E-03     -0.67604043E-15      0.82501603E-04     -0.43119725E-15
    0.652146977991         0.48283605E-03      0.67333752E+01     -0.14781363E-10      0.30897952E-03     -0.67828366E-15      0.84439103E-04     -0.43545053E-15
    0.658417622010         0.49716709E-03      0.66270816E+01     -0.14543092E-10      0.31014582E-03     -0.68061316E-15      0.86383917E-04     -0.43971841E-15
    0.664688266029         0.51164243E-03      0.65227433E+01     -0.14315417E-10      0.31118704E-03     -0.68295993E-15      0.88335261E-04     -0.44400101E-15
    0.670958910048         0.52625176E-03      0.64179588E+01     -0.13731255E-10      0.31198753E-03     -0.66749890E-15      0.90291623E-04     -0.44818666E-15
    0.677229554067         0.54098437E-03      0.63153395E+01     -0.13528153E-10      0.31267143E-03     -0.66977664E-15      0.92252274E-04     -0.45238659E-15
    0.683500198086         0.55582913E-03      0.62127842E+01     -0.13332246E-10      0.31313499E-03     -0.67196810E-15      0.94215833E-04     -0.45660026E-15
    0.689770842106         0.57077448E-03      0.61122678E+01     -0.13144992E-10      0.31347634E-03     -0.67415956E-15      0.96181531E-04     -0.46082767E-15
    0.696041486125         0.58580849E-03      0.60120085E+01     -0.12966087E-10      0.31360487E-03     -0.67635103E-15      0.98148036E-04     -0.46506883E-15
    0.702312130144         0.60091883E-03      0.59141821E+01     -0.12794598E-10      0.31363391E-03     -0.67850798E-15      0.10011472E-03     -0.46932351E-15
    0.708582774163         0.61609280E-03      0.58172911E+01     -0.12297268E-10      0.31348662E-03     -0.66268458E-15      0.10208049E-03     -0.47347897E-15
    0.714853418182         0.63131734E-03      0.57223606E+01     -0.12146006E-10      0.31321937E-03     -0.66482428E-15      0.10404457E-03     -0.47764785E-15
    0.721124062201         0.64657905E-03      0.56279665E+01     -0.12000915E-10      0.31275612E-03     -0.66691221E-15      0.10600575E-03     -0.48182982E-15
    0.727394706220         0.66186420E-03      0.55354005E+01     -0.11858756E-10      0.31216951E-03     -0.66877581E-15      0.10796326E-03     -0.48602347E-15
    0.733665350240         0.67715875E-03      0.54446291E+01     -0.11725520E-10      0.31146085E-03     -0.67076021E-15      0.10991632E-03     -0.49022957E-15
    0.739935994259         0.69244838E-03      0.53568872E+01     -0.11597643E-10      0.31070513E-03     -0.67267558E-15      0.11186464E-03     -0.49444768E-15
    0.746206638278         0.70771846E-03      0.52712609E+01     -0.11473220E-10      0.30985507E-03     -0.67441840E-15      0.11380763E-03     -0.49867672E-15
    0.752477282297         0.72295415E-03      0.51871662E+01     -0.11357399E-10      0.30888030E-03     -0.67629926E-15      0.11574451E-03     -0.50291755E-15
    0.758747926316         0.73814035E-03      0.51042273E+01     -0.10954289E-10      0.30776137E-03     -0.66049312E-15      0.11767437E-03     -0.50705927E-15
    0.765018570335         0.75326174E-03      0.50229199E+01     -0.10849397E-10      0.30652991E-03     -0.66209789E-15      0.11959651E-03     -0.51121105E-15
    0.771289214354         0.76830282E-03      0.49434724E+01     -0.10752136E-10      0.30520382E-03     -0.66382345E-15      0.12151034E-03     -0.51537365E-15
    0.777559858374         0.78324792E-03      0.48652060E+01     -0.10658151E-10      0.30374513E-03     -0.66541097E-15      0.12341501E-03     -0.51954620E-15
    0.783830502393         0.79808122E-03      0.47883299E+01     -0.10566560E-10      0.30217022E-03     -0.66680867E-15      0.12530982E-03     -0.52372752E-15
    0.790101146412         0.81278676E-03      0.47123867E+01     -0.10214267E-10      0.30045368E-03     -0.65124411E-15      0.12719385E-03     -0.52781124E-15
    0.796371790431         0.82734851E-03      0.46380722E+01     -0.10137176E-10      0.29864332E-03     -0.65272809E-15      0.12906654E-03     -0.53190427E-15
    0.802642434450         0.84175034E-03      0.45643276E+01     -0.10061835E-10      0.29667481E-03     -0.65400501E-15      0.13092688E-03     -0.53600530E-15
    0.808913078469         0.85597609E-03      0.44915026E+01     -0.99919122E-11      0.29457379E-03     -0.65531643E-15      0.13277405E-03     -0.54011456E-15
    0.815183722488         0.87000955E-03      0.44189326E+01     -0.99249474E-11      0.29229984E-03     -0.65650707E-15      0.13460696E-03     -0.54423128E-15
    0.821454366508         0.88383453E-03      0.43473516E+01     -0.98596018E-11      0.28990450E-03     -0.65749064E-15      0.13642484E-03     -0.54835417E-15
    0.827725010527         0.89743486E-03      0.42758301E+01     -0.98007406E-11      0.28732934E-03     -0.65859500E-15      0.13822658E-03     -0.55248398E-15
    0.833995654546         0.91079443E-03      0.42046871E+01     -0.97421239E-11      0.28459872E-03     -0.65940601E-15      0.14001120E-03     -0.55661888E-15
    0.840266298565         0.92389720E-03      0.41331552E+01     -0.96870588E-11      0.28166384E-03     -0.66014801E-15      0.14177742E-03     -0.56075844E-15
    0.846536942584         0.93672724E-03      0.40633167E+01     -0.96362472E-11      0.27867023E-03     -0.66087274E-15      0.14352486E-03     -0.56490253E-15
    0.852807586603         0.94926875E-03      0.39957185E+01     -0.93600160E-11      0.27566123E-03     -0.64573957E-15      0.14525343E-03     -0.56895174E-15
    0.859078230622         0.96150611E-03      0.39291595E+01     -0.93165475E-11      0.27255972E-03     -0.64627449E-15      0.14696256E-03     -0.57300429E-15
    0.865348874641         0.97342387E-03      0.38627955E+01     -0.92773278E-11      0.26931166E-03     -0.64680942E-15      0.14865131E-03     -0.57706021E-15
    0.871619518661         0.98500679E-03      0.37979227E+01     -0.92395973E-11      0.26601191E-03     -0.64715453E-15      0.15031938E-03     -0.58111828E-15
    0.877890162680         0.99623989E-03      0.37356668E+01     -0.89923564E-11      0.26274505E-03     -0.63247000E-15      0.15196696E-03     -0.58508428E-15
    0.884160806699         0.10071084E-02      0.36767559E+01     -0.89632499E-11      0.25956877E-03     -0.63278060E-15      0.15359462E-03     -0.58905222E-15
    0.890431450718         0.10175980E-02      0.36221021E+01     -0.89364488E-11      0.25655420E-03     -0.63297041E-15      0.15520338E-03     -0.59302135E-15
    0.896702094737         0.10276945E-02      0.35702667E+01     -0.89112107E-11      0.25360581E-03     -0.63298767E-15      0.15679366E-03     -0.59699059E-15
    0.902972738756         0.10373842E-02      0.35258074E+01     -0.88901944E-11      0.25105348E-03     -0.63302218E-15      0.15836792E-03     -0.60096005E-15
    0.909243382775         0.10466537E-02      0.34931616E+01     -0.88721673E-11      0.24922075E-03     -0.63298767E-15      0.15993070E-03     -0.60492929E-15
    0.915514026795         0.10554899E-02      0.34736553E+01     -0.88544619E-11      0.24820955E-03     -0.63269432E-15      0.16148713E-03     -0.60889669E-15
    0.921784670814         0.10638804E-02      0.34657591E+01     -0.88433508E-11      0.24791590E-03     -0.63259079E-15      0.16304172E-03     -0.61286344E-15
    0.928055314833         0.10718130E-02      0.34701441E+01     -0.88349619E-11      0.24839072E-03     -0.63240098E-15      0.16459929E-03     -0.61682900E-15
    0.934325958852         0.10792761E-02      0.35010008E+01     -0.88307417E-11      0.25065077E-03     -0.63222842E-15      0.16617103E-03     -0.62079348E-15
    0.940596602871         0.10862586E-02      0.35795306E+01     -0.86334921E-11      0.25621147E-03     -0.61795803E-15      0.16777765E-03     -0.62466848E-15
    0.946867246890         0.10927497E-02      0.37235750E+01     -0.86413524E-11      0.26633877E-03     -0.61809608E-15      0.16944776E-03     -0.62854434E-15
    0.953137890909         0.10987394E-02      0.38878871E+01     -0.86542997E-11      0.27777636E-03     -0.61832040E-15      0.17118960E-03     -0.63242160E-15
    0.959408534929         0.11042182E-02      0.40861477E+01     -0.84440138E-11      0.29147953E-03     -0.60234170E-15      0.17301736E-03     -0.63619867E-15
    0.965679178948         0.11091771E-02      0.42497054E+01     -0.84607205E-11      0.30253075E-03     -0.60230719E-15      0.17491442E-03     -0.63997553E-15
    0.971949822967         0.11136077E-02      0.43737420E+01     -0.84783775E-11      0.31058769E-03     -0.60206561E-15      0.17686201E-03     -0.64375087E-15
    0.978220466986         0.11175024E-02      0.43406052E+01     -0.84979759E-11      0.30732981E-03     -0.60168599E-15      0.17878917E-03     -0.64752383E-15
    0.984491111005         0.11208540E-02      0.46238228E+01     -0.85332346E-11      0.32627297E-03     -0.60213463E-15      0.18083511E-03     -0.65129960E-15
    0.990761755024         0.11236560E-02      0.63693074E+01     -0.86503728E-11      0.44771232E-03     -0.60805331E-15      0.18364255E-03     -0.65511248E-15
    0.997032399043         0.11259028E-02      0.78294329E+01     -0.87839036E-11      0.54797985E-03     -0.61478300E-15      0.18707874E-03     -0.65896757E-15
    1.003303043063         0.11275890E-02      0.75747766E+01     -0.88259295E-11      0.52763211E-03     -0.61478300E-15      0.19038733E-03     -0.66282265E-15
    1.009573687082         0.11287105E-02      0.78954770E+01     -0.89096214E-11      0.54709858E-03     -0.61737134E-15      0.19381799E-03     -0.66669397E-15
    1.015844331101         0.11292634E-02      0.96482305E+01     -0.91268694E-11      0.66475015E-03     -0.62882907E-15      0.19798640E-03     -0.67063713E-15
    1.022114975120         0.11292448E-02      0.11329428E+02     -0.93683268E-11      0.77578079E-03     -0.64149469E-15      0.20285105E-03     -0.67465972E-15
    1.028385619139         0.11286525E-02      0.10562212E+02     -0.87884344E-11      0.71845868E-03     -0.59780347E-15      0.20735625E-03     -0.67840833E-15
    1.034656263158         0.11274848E-02      0.70554112E+01     -0.82891023E-11      0.47651835E-03     -0.55984112E-15      0.21034432E-03     -0.68191890E-15
    1.040926907177         0.11257412E-02      0.44106799E+01     -0.85880675E-11      0.29564227E-03     -0.57564727E-15      0.21219819E-03     -0.68552857E-15
    1.047197551197         0.11234215E-02      0.36628564E+01     -0.83713904E-11      0.24354357E-03     -0.55661432E-15      0.21372537E-03     -0.68901890E-15
    1.053468195216         0.11205265E-02      0.28476267E+01     -0.85568760E-11      0.18772686E-03     -0.56410326E-15      0.21490253E-03     -0.69255620E-15
    1.059738839235         0.11170577E-02      0.20915541E+01     -0.84072592E-11      0.13664336E-03     -0.54925481E-15      0.21575938E-03     -0.69600038E-15
    1.066009483254         0.11130174E-02      0.19145505E+01     -0.85425028E-11      0.12389403E-03     -0.55280083E-15      0.21653627E-03     -0.69946679E-15
    1.072280127273         0.11084087E-02      0.18584183E+01     -0.84652631E-11      0.11906327E-03     -0.54234393E-15      0.21728288E-03     -0.70286764E-15
    1.078550771292         0.11032353E-02      0.17802354E+01     -0.85979728E-11      0.11286198E-03     -0.54508758E-15      0.21799059E-03     -0.70628569E-15
    1.084821415311         0.10975018E-02      0.17025933E+01     -0.85289848E-11      0.10675804E-03     -0.53479460E-15      0.21866003E-03     -0.70963920E-15
    1.091092059331         0.10912137E-02      0.16266541E+01     -0.84701543E-11      0.10082919E-03     -0.52502792E-15      0.21929230E-03     -0.71293146E-15
    1.097362703350         0.10843770E-02      0.15636017E+01     -0.85984631E-11      0.95763252E-04     -0.52661544E-15      0.21989280E-03     -0.71623368E-15
    1.103633347369         0.10769985E-02      0.14891252E+01     -0.85489293E-11      0.90066685E-04     -0.51706446E-15      0.22045757E-03     -0.71947600E-15
    1.109903991388         0.10690860E-02      0.13657866E+01     -0.86656870E-11      0.81536626E-04     -0.51733623E-15      0.22096886E-03     -0.72272004E-15
    1.116174635407         0.10606478E-02      0.12291502E+01     -0.86258373E-11      0.72391346E-04     -0.50802252E-15      0.22142280E-03     -0.72590566E-15
    1.122445279426         0.10516929E-02      0.11409663E+01     -0.87318131E-11      0.66258144E-04     -0.50707346E-15      0.22183828E-03     -0.72908534E-15
    1.128715923445         0.10422313E-02      0.13473820E+01     -0.87295243E-11      0.77110389E-04     -0.49958884E-15      0.22232181E-03     -0.73221809E-15
    1.134986567465         0.10322736E-02      0.17180046E+01     -0.89086921E-11      0.96843636E-04     -0.50218149E-15      0.22292908E-03     -0.73536709E-15
    1.141257211484         0.10218309E-02      0.16647880E+01     -0.88643639E-11      0.92384071E-04     -0.49191009E-15      0.22350839E-03     -0.73845168E-15
    1.147527855503         0.10109152E-02      0.14955584E+01     -0.89927189E-11      0.81657776E-04     -0.49100417E-15      0.22402044E-03     -0.74153059E-15
    1.153798499522         0.99953920E-03      0.15870587E+01     -0.89779711E-11      0.85212935E-04     -0.48204851E-15      0.22455478E-03     -0.74455335E-15
    1.160069143541         0.98771619E-03      0.16316823E+01     -0.89538242E-11      0.86104642E-04     -0.47249752E-15      0.22509471E-03     -0.74751621E-15
    1.166339787560         0.97546013E-03      0.15753170E+01     -0.89271635E-11      0.81657310E-04     -0.46274379E-15      0.22560675E-03     -0.75041791E-15
    1.172610431579         0.96278560E-03      0.15351534E+01     -0.89082548E-11      0.78121448E-04     -0.45332654E-15      0.22609663E-03     -0.75326056E-15
    1.178881075599         0.94970780E-03      0.15051618E+01     -0.90649625E-11      0.75152922E-04     -0.45261474E-15      0.22656788E-03     -0.75609875E-15
    1.185151719618         0.93624252E-03      0.14575513E+01     -0.90527025E-11      0.71364286E-04     -0.44323632E-15      0.22701538E-03     -0.75887812E-15
    1.191422363637         0.92240614E-03      0.14037627E+01     -0.92087032E-11      0.67358563E-04     -0.44187312E-15      0.22743776E-03     -0.76164895E-15
    1.197693007656         0.90821557E-03      0.13656636E+01     -0.92052011E-11      0.64184454E-04     -0.43263274E-15      0.22784024E-03     -0.76436184E-15
    1.203963651675         0.89368826E-03      0.13351820E+01     -0.93595555E-11      0.61426506E-04     -0.43059658E-15      0.22822543E-03     -0.76706196E-15
    1.210234295694         0.87884217E-03      0.12984485E+01     -0.93643238E-11      0.58439816E-04     -0.42146405E-15      0.22859188E-03     -0.76970481E-15
    1.216504939713         0.86369574E-03      0.12605901E+01     -0.95186033E-11      0.55470677E-04     -0.41885413E-15      0.22893972E-03     -0.77233129E-15
    1.222775583733         0.84826788E-03      0.12252973E+01     -0.95314837E-11      0.52682989E-04     -0.40981651E-15      0.22927008E-03     -0.77490111E-15
    1.229046227752         0.83257790E-03      0.11906388E+01     -0.96853861E-11      0.49989566E-04     -0.40664579E-15      0.22958354E-03     -0.77745104E-15
    1.235316871771         0.81664556E-03      0.11573452E+01     -0.97057792E-11      0.47419922E-04     -0.39767503E-15      0.22988090E-03     -0.77994472E-15
    1.241587515790         0.80049097E-03      0.11252882E+01     -0.98600954E-11      0.44966134E-04     -0.39400605E-15      0.23016286E-03     -0.78241539E-15
    1.247858159809         0.78413460E-03      0.10951983E+01     -0.98883745E-11      0.42654105E-04     -0.38511725E-15      0.23043033E-03     -0.78483032E-15
    1.254128803828         0.76759725E-03      0.10666783E+01     -0.99217202E-11      0.40463867E-04     -0.37637513E-15      0.23068407E-03     -0.78719044E-15
    1.260399447847         0.75090000E-03      0.10395245E+01     -0.10078094E-10      0.38384096E-04     -0.37213025E-15      0.23092476E-03     -0.78952393E-15
    1.266670091867         0.73406423E-03      0.10122700E+01     -0.10118515E-10      0.36358804E-04     -0.36343773E-15      0.23115275E-03     -0.79180292E-15
    1.272940735886         0.71711152E-03      0.98377478E+00     -0.10275621E-10      0.34349219E-04     -0.35878087E-15      0.23136814E-03     -0.79405271E-15
    1.279211379905         0.70006367E-03      0.95455562E+00     -0.10322286E-10      0.32377189E-04     -0.35011748E-15      0.23157117E-03     -0.79624817E-15
    1.285482023924         0.68294267E-03      0.92662005E+00     -0.10479382E-10      0.30511433E-04     -0.34506158E-15      0.23176250E-03     -0.79841193E-15
    1.291752667943         0.66577064E-03      0.89942658E+00     -0.10532188E-10      0.28731194E-04     -0.33643917E-15      0.23194266E-03     -0.80052162E-15
    1.298023311962         0.64856983E-03      0.87193257E+00     -0.10688234E-10      0.27002242E-04     -0.33099610E-15      0.23211198E-03     -0.80259718E-15
    1.304293955981         0.63136256E-03      0.84254457E+00     -0.10746866E-10      0.25277778E-04     -0.32242437E-15      0.23227049E-03     -0.80461899E-15
    1.310564600001         0.61417120E-03      0.80838524E+00     -0.10901033E-10      0.23479674E-04     -0.31662217E-15      0.23241772E-03     -0.80660441E-15
    1.316835244020         0.59701816E-03      0.76563172E+00     -0.10962456E-10      0.21513878E-04     -0.30803966E-15      0.23255263E-03     -0.80853602E-15
    1.323105888039         0.57992583E-03      0.70975995E+00     -0.11109255E-10      0.19281109E-04     -0.30179043E-15      0.23267353E-03     -0.81042844E-15
    1.329376532058         0.56291656E-03      0.66364260E+00     -0.11175711E-10      0.17416984E-04     -0.29330121E-15      0.23278275E-03     -0.81226763E-15
    1.335647176077         0.54601263E-03      0.65590362E+00     -0.11249910E-10      0.16618570E-04     -0.28503793E-15      0.23288696E-03     -0.81405500E-15
    1.341917820096         0.52923619E-03      0.64510286E+00     -0.11324461E-10      0.15768677E-04     -0.27681132E-15      0.23298584E-03     -0.81579078E-15
    1.348188464115         0.51260931E-03      0.60676488E+00     -0.11398807E-10      0.14298780E-04     -0.26861975E-15      0.23307550E-03     -0.81747520E-15
    1.354459108135         0.49615384E-03      0.57593114E+00     -0.11540303E-10      0.13075662E-04     -0.26200546E-15      0.23315749E-03     -0.81911814E-15
    1.360729752154         0.47989145E-03      0.55575837E+00     -0.11614322E-10      0.12147861E-04     -0.25386782E-15      0.23323367E-03     -0.82071006E-15
    1.367000396173         0.46384360E-03      0.53268771E+00     -0.11747074E-10      0.11202586E-04     -0.24704457E-15      0.23330391E-03     -0.82225919E-15
    1.373271040192         0.44803146E-03      0.50697871E+00     -0.11814643E-10      0.10251435E-04     -0.23889966E-15      0.23336820E-03     -0.82375724E-15
    1.379541684211         0.43247595E-03      0.48162655E+00     -0.11935030E-10      0.93579395E-05     -0.23189603E-15      0.23342688E-03     -0.82521138E-15
    1.385812328230         0.41719764E-03      0.45789508E+00     -0.11993453E-10      0.85437016E-05     -0.22378158E-15      0.23348045E-03     -0.82661463E-15
    1.392082972249         0.40221676E-03      0.43573888E+00     -0.12095686E-10      0.78030435E-05     -0.21660486E-15      0.23352938E-03     -0.82797289E-15
    1.398353616269         0.38755318E-03      0.41461977E+00     -0.12139710E-10      0.71220821E-05     -0.20852843E-15      0.23357404E-03     -0.82928049E-15
    1.404624260288         0.37322634E-03      0.39334971E+00     -0.12219095E-10      0.64778911E-05     -0.20123052E-15      0.23361466E-03     -0.83054234E-15
    1.410894904307         0.35925529E-03      0.37231180E+00     -0.12240985E-10      0.58756779E-05     -0.19318239E-15      0.23365151E-03     -0.83175372E-15
    1.417165548326         0.34565858E-03      0.35207552E+00     -0.12249497E-10      0.53223725E-05     -0.18517727E-15      0.23368488E-03     -0.83291490E-15
    1.423436192345         0.33245430E-03      0.33239723E+00     -0.12280042E-10      0.48116499E-05     -0.17776099E-15      0.23371505E-03     -0.83402957E-15
    1.429706836364         0.31966002E-03      0.31302251E+00     -0.12250118E-10      0.43377007E-05     -0.16975567E-15      0.23374225E-03     -0.83509405E-15
    1.435977480383         0.30729279E-03      0.29390635E+00     -0.12234317E-10      0.38981306E-05     -0.16226586E-15      0.23376670E-03     -0.83611156E-15
    1.442248124402         0.29536908E-03      0.27512577E+00     -0.12158337E-10      0.34921990E-05     -0.15432699E-15      0.23378860E-03     -0.83707929E-15
    1.448518768422         0.28390479E-03      0.25683097E+00     -0.12080229E-10      0.31198856E-05     -0.14674605E-15      0.23380816E-03     -0.83799948E-15
    1.454789412441         0.27291523E-03      0.23902937E+00     -0.11942358E-10      0.27792113E-05     -0.13885464E-15      0.23382559E-03     -0.83887019E-15
    1.461060056460         0.26241505E-03      0.22149061E+00     -0.11792491E-10      0.24655776E-05     -0.13127103E-15      0.23384105E-03     -0.83969335E-15
    1.467330700479         0.25241829E-03      0.20435028E+00     -0.11575790E-10      0.21787667E-05     -0.12342017E-15      0.23385471E-03     -0.84046727E-15
    1.473601344498         0.24293830E-03      0.18785511E+00     -0.11336650E-10      0.19194715E-05     -0.11583596E-15      0.23386675E-03     -0.84119364E-15
    1.479871988517         0.23398775E-03      0.17186579E+00     -0.11025130E-10      0.16842288E-05     -0.10804269E-15      0.23387731E-03     -0.84187113E-15
    1.486142632536         0.22557861E-03      0.15630863E+00     -0.10676740E-10      0.14704934E-05     -0.10044279E-15      0.23388653E-03     -0.84250097E-15
    1.492413276556         0.21772213E-03      0.14118380E+00     -0.10253433E-10      0.12765594E-05     -0.92709760E-16      0.23389453E-03     -0.84308232E-15
    1.498683920575         0.21042883E-03      0.12628260E+00     -0.97700772E-11      0.10989588E-05     -0.85022890E-16      0.23390142E-03     -0.84361547E-15
    1.504954564594         0.20370846E-03      0.11171710E+00     -0.92372931E-11      0.93723398E-06     -0.77494893E-16      0.23390730E-03     -0.84410141E-15
    1.511225208613         0.19757003E-03      0.97590735E-01     -0.86256675E-11      0.79075717E-06     -0.69891967E-16      0.23391226E-03     -0.84453968E-15
    1.517495852632         0.19202175E-03      0.84316389E-01     -0.79463539E-11      0.66126813E-06     -0.62320868E-16      0.23391641E-03     -0.84493047E-15
    1.523766496651         0.18707106E-03      0.71918546E-01     -0.71994206E-11      0.54723235E-06     -0.54780806E-16      0.23391984E-03     -0.84527399E-15
    1.530037140670         0.18272459E-03      0.59860153E-01     -0.64001248E-11      0.44307325E-06     -0.47372483E-16      0.23392262E-03     -0.84557104E-15
    1.536307784690         0.17898817E-03      0.48337128E-01     -0.55320827E-11      0.34903551E-06     -0.39946381E-16      0.23392480E-03     -0.84582153E-15
    1.542578428709         0.17586680E-03      0.37614627E-01     -0.46117521E-11      0.26578842E-06     -0.32587065E-16      0.23392647E-03     -0.84602587E-15
    1.548849072728         0.17336467E-03      0.27770739E-01     -0.36411792E-11      0.19265559E-06     -0.25260168E-16      0.23392768E-03     -0.84618427E-15
    1.555119716747         0.17148513E-03      0.18821187E-01     -0.26323617E-11      0.12863298E-06     -0.17990817E-16      0.23392849E-03     -0.84629708E-15
    1.561390360766         0.17023070E-03      0.10671130E-01     -0.15878124E-11      0.72107340E-07     -0.10729222E-16      0.23392894E-03     -0.84636436E-15
    1.567661004785         0.16960307E-03      0.33246987E-02     -0.53106408E-12      0.22293410E-07     -0.35609932E-17      0.23392908E-03     -0.84638669E-15
    1.573931648804         0.16960307E-03     -0.30770653E-02      0.53196344E-12     -0.20550728E-07      0.35528125E-17      0.23392895E-03     -0.84636441E-15
    1.580202292824         0.17023070E-03     -0.86128552E-02      0.15890349E-11     -0.57506247E-07      0.10609656E-16      0.23392859E-03     -0.84629789E-15
    1.586472936843         0.17148513E-03     -0.13348224E-01      0.26283526E-11     -0.89425207E-07      0.17608408E-16      0.23392803E-03     -0.84618747E-15
    1.592743580862         0.17336467E-03     -0.16937865E-01      0.36369159E-11     -0.11426575E-06      0.24535260E-16      0.23392731E-03     -0.84603362E-15
    1.599014224881         0.17586680E-03     -0.19628557E-01      0.46068144E-11     -0.13380199E-06      0.31403274E-16      0.23392647E-03     -0.84583670E-15
    1.605284868900         0.17898817E-03     -0.21941994E-01      0.55270491E-11     -0.15163204E-06      0.38195150E-16      0.23392552E-03     -0.84559719E-15
    1.611555512919         0.18272459E-03     -0.23759104E-01      0.63965098E-11     -0.16696463E-06      0.44950806E-16      0.23392447E-03     -0.84531532E-15
    1.617826156938         0.18707106E-03     -0.24707799E-01      0.72016880E-11     -0.17707266E-06      0.51612125E-16      0.23392336E-03     -0.84499168E-15
    1.624096800958         0.19202175E-03     -0.25022577E-01      0.79424876E-11     -0.18336364E-06      0.58201977E-16      0.23392221E-03     -0.84462671E-15
    1.630367444977         0.19757003E-03     -0.24981160E-01      0.86151550E-11     -0.18762506E-06      0.64705522E-16      0.23392104E-03     -0.84422097E-15
    1.636638088996         0.20370846E-03     -0.24509302E-01      0.92273864E-11     -0.18907323E-06      0.71183248E-16      0.23391985E-03     -0.84377460E-15
    1.642908733015         0.21042883E-03     -0.23742712E-01      0.97659179E-11     -0.18847980E-06      0.77526030E-16      0.23391867E-03     -0.84328847E-15
    1.649179377034         0.21772213E-03     -0.22812442E-01      0.10244140E-10     -0.18665908E-06      0.83821007E-16      0.23391750E-03     -0.84276286E-15
    1.655450021053         0.22557861E-03     -0.21690443E-01      0.10654690E-10     -0.18318628E-06      0.89984005E-16      0.23391635E-03     -0.84219860E-15
    1.661720665072         0.23398775E-03     -0.20422769E-01      0.11011891E-10     -0.17823476E-06      0.96103600E-16      0.23391523E-03     -0.84159597E-15
    1.667991309092         0.24293830E-03     -0.19082270E-01      0.11311670E-10     -0.17225621E-06      0.10211079E-15      0.23391415E-03     -0.84095567E-15
    1.674261953111         0.25241829E-03     -0.17605268E-01      0.11562450E-10     -0.16450638E-06      0.10804134E-15      0.23391312E-03     -0.84027818E-15
    1.680532597130         0.26241505E-03     -0.16071904E-01      0.11768189E-10     -0.15554348E-06      0.11389223E-15      0.23391215E-03     -0.83956400E-15
    1.686803241149         0.27291523E-03     -0.14635567E-01      0.11929732E-10     -0.14676266E-06      0.11962906E-15      0.23391123E-03     -0.83881385E-15
    1.693073885168         0.28390479E-03     -0.13328959E-01      0.12056490E-10     -0.13852741E-06      0.12530269E-15      0.23391036E-03     -0.83802812E-15
    1.699344529187         0.29536908E-03     -0.12155933E-01      0.12145136E-10     -0.13095274E-06      0.13083642E-15      0.23390954E-03     -0.83720769E-15
    1.705615173206         0.30729279E-03     -0.11074281E-01      0.12207464E-10     -0.12366009E-06      0.13631368E-15      0.23390876E-03     -0.83635292E-15
    1.711885817226         0.31966002E-03     -0.99865943E-02      0.12240845E-10     -0.11557758E-06      0.14166665E-15      0.23390804E-03     -0.83546458E-15
    1.718156461245         0.33245430E-03     -0.88185355E-02      0.12253554E-10     -0.10575682E-06      0.14695149E-15      0.23390737E-03     -0.83454309E-15
    1.724427105264         0.34565858E-03     -0.76382462E-02      0.12245027E-10     -0.94894017E-07      0.15212652E-15      0.23390678E-03     -0.83358916E-15
    1.730697749283         0.35925529E-03     -0.65642079E-02      0.12218868E-10     -0.84451418E-07      0.15720111E-15      0.23390625E-03     -0.83260341E-15
    1.736968393302         0.37322634E-03     -0.57939165E-02      0.12176779E-10     -0.77160544E-07      0.16216438E-15      0.23390576E-03     -0.83158654E-15
    1.743239037321         0.38755318E-03     -0.54036731E-02      0.12123771E-10     -0.74457097E-07      0.16705318E-15      0.23390530E-03     -0.83053900E-15
    1.749509681340         0.40221676E-03     -0.51222321E-02      0.12056989E-10     -0.72987038E-07      0.17180087E-15      0.23390484E-03     -0.82946170E-15
    1.755780325360         0.41719764E-03     -0.47475465E-02      0.11982176E-10     -0.69917126E-07      0.17646153E-15      0.23390440E-03     -0.82835518E-15
    1.762050969379         0.43247595E-03     -0.43796464E-02      0.11900554E-10     -0.66623159E-07      0.18103116E-15      0.23390398E-03     -0.82721999E-15
    1.768321613398         0.44803146E-03     -0.41566864E-02      0.11810063E-10     -0.65273544E-07      0.18545654E-15      0.23390357E-03     -0.82605706E-15
    1.774592257417         0.46384360E-03     -0.42574265E-02      0.11716321E-10     -0.68970412E-07      0.18980468E-15      0.23390314E-03     -0.82486686E-15
    1.780862901436         0.47989145E-03     -0.46674925E-02      0.11618329E-10     -0.77954076E-07      0.19404340E-15      0.23390265E-03     -0.82365009E-15
    1.787133545455         0.49615384E-03     -0.49114963E-02      0.11518855E-10     -0.84511507E-07      0.19820351E-15      0.23390212E-03     -0.82240722E-15
    1.793404189474         0.51260931E-03     -0.45617755E-02      0.11414948E-10     -0.80813682E-07      0.20222038E-15      0.23390162E-03     -0.82113917E-15
    1.799674833494         0.52923619E-03     -0.38481703E-02      0.11310383E-10     -0.70137851E-07      0.20614628E-15      0.23390118E-03     -0.81984650E-15
    1.805945477513         0.54601263E-03     -0.31489927E-02      0.11204649E-10     -0.59008202E-07      0.20996117E-15      0.23390081E-03     -0.81852991E-15
    1.812216121532         0.56291656E-03     -0.25741544E-02      0.11098071E-10     -0.49557719E-07      0.21366048E-15      0.23390050E-03     -0.81719012E-15
    1.818486765551         0.57992583E-03     -0.21378846E-02      0.10991647E-10     -0.42256083E-07      0.21725399E-15      0.23390023E-03     -0.81582780E-15
    1.824757409570         0.59701816E-03     -0.17961388E-02      0.10884809E-10     -0.36422099E-07      0.22072214E-15      0.23390000E-03     -0.81444373E-15
    1.831028053589         0.61417120E-03     -0.15643468E-02      0.10779284E-10     -0.32521469E-07      0.22409236E-15      0.23389980E-03     -0.81303852E-15
    1.837298697608         0.63136256E-03     -0.14568065E-02      0.10675279E-10     -0.31027272E-07      0.22736362E-15      0.23389960E-03     -0.81161281E-15
    1.843569341628         0.64856983E-03     -0.13718201E-02      0.10573226E-10     -0.29911425E-07      0.23054061E-15      0.23389942E-03     -0.81016717E-15
    1.849839985647         0.66577064E-03     -0.12849701E-02      0.10471645E-10     -0.28663299E-07      0.23358667E-15      0.23389924E-03     -0.80870243E-15
    1.856110629666         0.68294267E-03     -0.12774220E-02      0.10372658E-10     -0.29131138E-07      0.23654464E-15      0.23389905E-03     -0.80721914E-15
    1.862381273685         0.70006367E-03     -0.13455620E-02      0.10274183E-10     -0.31348396E-07      0.23936403E-15      0.23389886E-03     -0.80571818E-15
    1.868651917704         0.71711152E-03     -0.14339675E-02      0.10178664E-10     -0.34106744E-07      0.24209830E-15      0.23389864E-03     -0.80420007E-15
    1.874922561723         0.73406423E-03     -0.15595805E-02      0.10085564E-10     -0.37844364E-07      0.24473360E-15      0.23389841E-03     -0.80266543E-15
    1.881193205742         0.75090000E-03     -0.17829425E-02      0.99942195E-11     -0.44109153E-07      0.24725226E-15      0.23389813E-03     -0.80111500E-15
    1.887463849762         0.76759725E-03     -0.22731849E-02      0.99048979E-11     -0.57297043E-07      0.24965912E-15      0.23389777E-03     -0.79954947E-15
    1.893734493781         0.78413460E-03     -0.30432948E-02      0.98185125E-11     -0.78101293E-07      0.25197642E-15      0.23389728E-03     -0.79796942E-15
    1.900005137800         0.80049097E-03     -0.39446648E-02      0.97343343E-11     -0.10300408E-06      0.25418539E-15      0.23389663E-03     -0.79637551E-15
    1.906275781819         0.81664556E-03     -0.47577467E-02      0.96525055E-11     -0.12632574E-06      0.25628938E-15      0.23389584E-03     -0.79476841E-15
    1.912546425838         0.83257790E-03     -0.48122767E-02      0.95732898E-11     -0.12983930E-06      0.25829546E-15      0.23389503E-03     -0.79314873E-15
    1.918817069857         0.84826788E-03     -0.42044107E-02      0.94954541E-11     -0.11519862E-06      0.26017039E-15      0.23389431E-03     -0.79151730E-15
    1.925087713876         0.86369574E-03     -0.38353600E-02      0.94213704E-11     -0.10664956E-06      0.26197932E-15      0.23389364E-03     -0.78987452E-15
    1.931358357896         0.87884217E-03     -0.38871480E-02      0.93493502E-11     -0.10962807E-06      0.26367693E-15      0.23389295E-03     -0.78822110E-15
    1.937629001915         0.89368826E-03     -0.41048523E-02      0.92792258E-11     -0.11734258E-06      0.26525883E-15      0.23389221E-03     -0.78655775E-15
    1.943899645934         0.90821557E-03     -0.44735283E-02      0.92119502E-11     -0.12954122E-06      0.26675303E-15      0.23389140E-03     -0.78488504E-15
    1.950170289953         0.92240614E-03     -0.49119562E-02      0.91479270E-11     -0.14399480E-06      0.26817298E-15      0.23389050E-03     -0.78320342E-15
    1.956440933972         0.93624252E-03     -0.54092380E-02      0.90858628E-11     -0.16043547E-06      0.26948244E-15      0.23388949E-03     -0.78151359E-15
    1.962711577991         0.94970780E-03     -0.57774166E-02      0.90264550E-11     -0.17326462E-06      0.27070322E-15      0.23388841E-03     -0.77981611E-15
    1.968982222010         0.96278560E-03     -0.69672769E-02      0.89693771E-11     -0.21115119E-06      0.27182710E-15      0.23388708E-03     -0.77811158E-15
    1.975252866030         0.97546013E-03     -0.90948852E-02      0.89153347E-11     -0.27837275E-06      0.27287714E-15      0.23388534E-03     -0.77640046E-15
    1.981523510049         0.98771619E-03     -0.82880681E-02      0.88618234E-11     -0.25605245E-06      0.27377810E-15      0.23388373E-03     -0.77468370E-15
    1.987794154068         0.99953920E-03     -0.49439111E-02      0.88124694E-11     -0.15407839E-06      0.27464312E-15      0.23388276E-03     -0.77296151E-15
    1.994064798087         0.10109152E-02     -0.38371226E-02      0.87644040E-11     -0.12056571E-06      0.27538515E-15      0.23388201E-03     -0.77123467E-15
    2.000335442106         0.10218309E-02     -0.48549893E-02      0.87187980E-11     -0.15371177E-06      0.27604219E-15      0.23388105E-03     -0.76950370E-15
    2.006606086125         0.10322736E-02     -0.58024462E-02      0.86765240E-11     -0.18500628E-06      0.27664392E-15      0.23387988E-03     -0.76776897E-15
    2.012876730144         0.10422313E-02     -0.59645682E-02      0.86357922E-11     -0.19141176E-06      0.27713527E-15      0.23387868E-03     -0.76603115E-15
    2.019147374163         0.10516929E-02     -0.48308963E-02      0.85973095E-11     -0.15595213E-06      0.27754037E-15      0.23387771E-03     -0.76429080E-15
    2.025418018183         0.10606478E-02     -0.29776168E-02      0.85610458E-11     -0.96642461E-07      0.27785998E-15      0.23387710E-03     -0.76254843E-15
    2.031688662202         0.10690860E-02     -0.28655550E-02      0.85265053E-11     -0.93455940E-07      0.27807966E-15      0.23387651E-03     -0.76080470E-15
    2.037959306221         0.10769985E-02     -0.59680427E-02      0.84955434E-11     -0.19547634E-06      0.27826170E-15      0.23387529E-03     -0.75905982E-15
    2.044229950240         0.10843770E-02     -0.80406329E-02      0.84672692E-11     -0.26435251E-06      0.27837907E-15      0.23387363E-03     -0.75731420E-15
    2.050500594259         0.10912137E-02     -0.57264901E-02      0.84405589E-11     -0.18887788E-06      0.27839651E-15      0.23387245E-03     -0.75556847E-15
    2.056771238278         0.10975018E-02     -0.29865367E-02      0.84153453E-11     -0.98771076E-07      0.27831325E-15      0.23387183E-03     -0.75382327E-15
    2.063041882297         0.11032353E-02     -0.24377323E-02      0.83933497E-11     -0.80795799E-07      0.27818780E-15      0.23387132E-03     -0.75207885E-15
    2.069312526317         0.11084087E-02     -0.32013147E-02      0.83725580E-11     -0.10627837E-06      0.27795511E-15      0.23387065E-03     -0.75033590E-15
    2.075583170336         0.11130174E-02     -0.41273133E-02      0.83553017E-11     -0.13717404E-06      0.27769408E-15      0.23386979E-03     -0.74859458E-15
    2.081853814355         0.11170577E-02     -0.37243674E-02      0.83396652E-11     -0.12385700E-06      0.27734265E-15      0.23386902E-03     -0.74685546E-15
    2.088124458374         0.11205265E-02     -0.24007597E-02      0.83256129E-11     -0.79846725E-07      0.27690107E-15      0.23386852E-03     -0.74511911E-15
    2.094395102393         0.11234215E-02     -0.22445154E-02      0.83143389E-11     -0.74618991E-07      0.27641048E-15      0.23386805E-03     -0.74338584E-15
    2.100665746412         0.11257412E-02     -0.34809186E-02      0.83062719E-11     -0.11561606E-06      0.27588648E-15      0.23386732E-03     -0.74165585E-15
    2.106936390431         0.11274848E-02     -0.35178943E-02      0.83003317E-11     -0.11667687E-06      0.27529442E-15      0.23386659E-03     -0.73992958E-15
    2.113207034451         0.11286525E-02     -0.20185692E-02      0.82953567E-11     -0.66819699E-07      0.27459709E-15      0.23386617E-03     -0.73820768E-15
    2.119477678470         0.11292448E-02     -0.11818633E-02      0.82944755E-11     -0.39027361E-07      0.27389927E-15      0.23386593E-03     -0.73649015E-15
    2.125748322489         0.11292634E-02     -0.10377191E-02      0.82949711E-11     -0.34166927E-07      0.27311212E-15      0.23386571E-03     -0.73477757E-15
    2.132018966508         0.11287105E-02     -0.74456550E-03      0.82980117E-11     -0.24430766E-07      0.27227528E-15      0.23386556E-03     -0.73307022E-15
    2.138289610527         0.11275890E-02     -0.48467524E-03      0.83021402E-11     -0.15840826E-07      0.27134202E-15      0.23386546E-03     -0.73136874E-15
    2.144560254546         0.11259028E-02     -0.40791270E-03      0.83104581E-11     -0.13273105E-07      0.27041468E-15      0.23386538E-03     -0.72967306E-15
    2.150830898565         0.11236560E-02     -0.38946126E-03      0.83202103E-11     -0.12610551E-07      0.26940404E-15      0.23386530E-03     -0.72798372E-15
    2.157101542585         0.11208540E-02     -0.45168387E-03      0.83334660E-11     -0.14546406E-07      0.26837793E-15      0.23386521E-03     -0.72630082E-15
    2.163372186604         0.11175024E-02     -0.66672262E-03      0.83481554E-11     -0.21345439E-07      0.26727013E-15      0.23386507E-03     -0.72462487E-15
    2.169642830623         0.11136077E-02     -0.93020040E-03      0.83653963E-11     -0.29591242E-07      0.26611735E-15      0.23386489E-03     -0.72295614E-15
    2.175913474642         0.11091771E-02     -0.12436430E-02      0.83858218E-11     -0.39291414E-07      0.26494003E-15      0.23386464E-03     -0.72129479E-15
    2.182184118661         0.11042182E-02     -0.14368070E-02      0.84077355E-11     -0.45061393E-07      0.26368488E-15      0.23386436E-03     -0.71964132E-15
    2.188454762680         0.10987394E-02     -0.11136818E-02      0.84330753E-11     -0.34654604E-07      0.26241326E-15      0.23386414E-03     -0.71799582E-15
    2.194725406699         0.10927497E-02     -0.60071638E-03      0.84604012E-11     -0.18537563E-07      0.26108032E-15      0.23386403E-03     -0.71635868E-15
    2.200996050719         0.10862586E-02     -0.38134183E-03      0.84891163E-11     -0.11664633E-07      0.25966840E-15      0.23386395E-03     -0.71473039E-15
    2.207266694738         0.10792761E-02     -0.32716181E-03      0.85225111E-11     -0.99147792E-08      0.25827836E-15      0.23386389E-03     -0.71311082E-15
    2.213537338757         0.10718130E-02     -0.30388386E-03      0.85579905E-11     -0.91197409E-08      0.25683054E-15      0.23386383E-03     -0.71150033E-15
    2.219807982776         0.10638804E-02     -0.31349834E-03      0.85972858E-11     -0.93122649E-08      0.25537680E-15      0.23386378E-03     -0.70989895E-15
    2.226078626795         0.10554899E-02     -0.30176230E-03      0.86388654E-11     -0.88679095E-08      0.25387093E-15      0.23386372E-03     -0.70830701E-15
    2.232349270814         0.10466537E-02     -0.26926971E-03      0.86830355E-11     -0.78247601E-08      0.25232199E-15      0.23386367E-03     -0.70672479E-15
    2.238619914833         0.10373842E-02     -0.23837178E-03      0.87305429E-11     -0.68463136E-08      0.25075130E-15      0.23386363E-03     -0.70515242E-15
    2.244890558853         0.10276945E-02     -0.21174126E-03      0.87813457E-11     -0.60078216E-08      0.24915673E-15      0.23386359E-03     -0.70359005E-15
    2.251161202872         0.10175980E-02     -0.21061095E-03      0.88348360E-11     -0.59005608E-08      0.24752030E-15      0.23386355E-03     -0.70203794E-15
    2.257431846891         0.10071084E-02     -0.23014216E-03      0.88917048E-11     -0.63635645E-08      0.24586081E-15      0.23386351E-03     -0.70049623E-15
    2.263702490910         0.99623989E-03     -0.23943132E-03      0.89513405E-11     -0.65308276E-08      0.24416046E-15      0.23386347E-03     -0.69896519E-15
    2.269973134929         0.98500679E-03     -0.24445987E-03      0.90147629E-11     -0.65745914E-08      0.24244626E-15      0.23386343E-03     -0.69744489E-15
    2.276243778948         0.97342387E-03     -0.23241990E-03      0.90821953E-11     -0.61602624E-08      0.24072252E-15      0.23386339E-03     -0.69593541E-15
    2.282514422967         0.96150611E-03     -0.18460645E-03      0.91525785E-11     -0.48197895E-08      0.23895970E-15      0.23386336E-03     -0.69443698E-15
    2.288785066987         0.94926875E-03     -0.15467081E-03      0.92269185E-11     -0.39758979E-08      0.23718299E-15      0.23386334E-03     -0.69294969E-15
    2.295055711006         0.93672724E-03     -0.15063894E-03      0.93046030E-11     -0.38106569E-08      0.23537506E-15      0.23386331E-03     -0.69147373E-15
    2.301326355025         0.92389720E-03     -0.13922434E-03      0.93867195E-11     -0.34642027E-08      0.23356188E-15      0.23386329E-03     -0.69000915E-15
    2.307596999044         0.91079443E-03     -0.11952413E-03      0.94724820E-11     -0.29238741E-08      0.23172178E-15      0.23386327E-03     -0.68855610E-15
    2.313867643063         0.89743486E-03     -0.89243423E-04      0.95628116E-11     -0.21452767E-08      0.22987551E-15      0.23386326E-03     -0.68711464E-15
    2.320138287082         0.88383453E-03     -0.61787264E-04      0.96565383E-11     -0.14588100E-08      0.22799286E-15      0.23386325E-03     -0.68568498E-15
    2.326408931101         0.87000955E-03     -0.65529839E-04      0.97554973E-11     -0.15188670E-08      0.22611535E-15      0.23386324E-03     -0.68426709E-15
    2.332679575121         0.85597609E-03     -0.86168263E-04      0.98580984E-11     -0.19597314E-08      0.22420349E-15      0.23386323E-03     -0.68286119E-15
    2.338950219140         0.84175034E-03     -0.89831037E-04      0.99655661E-11     -0.20036941E-08      0.22228337E-15      0.23386322E-03     -0.68146733E-15
    2.345220863159         0.82734851E-03     -0.77255074E-04      0.10078302E-10     -0.16891742E-08      0.22036103E-15      0.23386321E-03     -0.68008552E-15
    2.351491507178         0.81278676E-03     -0.67009302E-04      0.10194881E-10     -0.14355257E-08      0.21840272E-15      0.23386320E-03     -0.67871599E-15
    2.357762151197         0.79808122E-03     -0.60268266E-04      0.10317275E-10     -0.12643825E-08      0.21644860E-15      0.23386319E-03     -0.67735872E-15
    2.364032795216         0.78324792E-03     -0.54133322E-04      0.10445441E-10     -0.11116117E-08      0.21449404E-15      0.23386318E-03     -0.67601371E-15
    2.370303439235         0.76830282E-03     -0.56097949E-04      0.10579146E-10     -0.11269850E-08      0.21253074E-15      0.23386317E-03     -0.67468100E-15
    2.376574083255         0.75326174E-03     -0.60798413E-04      0.10718271E-10     -0.11943441E-08      0.21055326E-15      0.23386317E-03     -0.67336070E-15
    2.382844727274         0.73814035E-03     -0.62549426E-04      0.10862855E-10     -0.12009065E-08      0.20855943E-15      0.23386316E-03     -0.67205290E-15
    2.389115371293         0.72295415E-03     -0.61156368E-04      0.11013779E-10     -0.11469857E-08      0.20656306E-15      0.23386315E-03     -0.67075761E-15
    2.395386015312         0.70771846E-03     -0.56417312E-04      0.11171603E-10     -0.10330946E-08      0.20457059E-15      0.23386315E-03     -0.66947482E-15
    2.401656659331         0.69244838E-03     -0.52905766E-04      0.11335266E-10     -0.94541429E-09      0.20255868E-15      0.23386314E-03     -0.66820465E-15
    2.407927303350         0.67715875E-03     -0.50450396E-04      0.11504787E-10     -0.87933504E-09      0.20052493E-15      0.23386313E-03     -0.66694723E-15
    2.414197947369         0.66186420E-03     -0.48381610E-04      0.11682650E-10     -0.82208931E-09      0.19850893E-15      0.23386313E-03     -0.66570245E-15
    2.420468591389         0.64657905E-03     -0.46912016E-04      0.11867527E-10     -0.77669221E-09      0.19648304E-15      0.23386312E-03     -0.66447038E-15
    2.426739235408         0.63131734E-03     -0.45432333E-04      0.12063788E-10     -0.73254165E-09      0.19451405E-15      0.23386312E-03     -0.66325065E-15
    2.433009879427         0.61609280E-03     -0.46582475E-04      0.12265116E-10     -0.73108435E-09      0.19249373E-15      0.23386312E-03     -0.66204359E-15
    2.439280523446         0.60091883E-03     -0.49018835E-04      0.12475247E-10     -0.74844471E-09      0.19047847E-15      0.23386311E-03     -0.66084916E-15
    2.445551167465         0.58580849E-03     -0.50209495E-04      0.12692456E-10     -0.74543098E-09      0.18843747E-15      0.23386311E-03     -0.65966754E-15
    2.451821811484         0.57077448E-03     -0.52770920E-04      0.12920009E-10     -0.76140020E-09      0.18641512E-15      0.23386310E-03     -0.65849860E-15
    2.458092455503         0.55582913E-03     -0.56711402E-04      0.13157350E-10     -0.79479687E-09      0.18439714E-15      0.23386310E-03     -0.65734231E-15
    2.464363099523         0.54098437E-03     -0.58541818E-04      0.13403088E-10     -0.79650573E-09      0.18235915E-15      0.23386309E-03     -0.65619880E-15
    2.470633743542         0.52625176E-03     -0.58798199E-04      0.13659164E-10     -0.77623262E-09      0.18032335E-15      0.23386309E-03     -0.65506806E-15
    2.476904387561         0.51164243E-03     -0.62586905E-04      0.13928284E-10     -0.80127844E-09      0.17831899E-15      0.23386308E-03     -0.65394988E-15
    2.483175031580         0.49716709E-03     -0.70067531E-04      0.14207189E-10     -0.86946987E-09      0.17629739E-15      0.23386308E-03     -0.65284438E-15
    2.489445675599         0.48283605E-03     -0.74837762E-04      0.14497191E-10     -0.89962289E-09      0.17427037E-15      0.23386307E-03     -0.65175160E-15
    2.495716319618         0.46865914E-03     -0.78211156E-04      0.14801092E-10     -0.91027633E-09      0.17226550E-15      0.23386306E-03     -0.65067138E-15
    2.501986963637         0.45464578E-03     -0.80816284E-04      0.15118594E-10     -0.91018501E-09      0.17027160E-15      0.23386306E-03     -0.64960367E-15
    2.508257607657         0.44080494E-03     -0.81640885E-04      0.15446920E-10     -0.88925169E-09      0.16825148E-15      0.23386305E-03     -0.64854862E-15
    2.514528251676         0.42714512E-03     -0.80358512E-04      0.15791194E-10     -0.84604506E-09      0.16625571E-15      0.23386305E-03     -0.64750609E-15
    2.520798895695         0.41367437E-03     -0.76352553E-04      0.16149737E-10     -0.77658081E-09      0.16425876E-15      0.23386304E-03     -0.64647608E-15
    2.527069539714         0.40040028E-03     -0.79556357E-04      0.16523545E-10     -0.78125848E-09      0.16226434E-15      0.23386304E-03     -0.64545858E-15
    2.533340183733         0.38732997E-03     -0.92181297E-04      0.16912931E-10     -0.87352046E-09      0.16026886E-15      0.23386303E-03     -0.64445359E-15
    2.539610827752         0.37447010E-03     -0.94298030E-04      0.17320683E-10     -0.86177774E-09      0.15829152E-15      0.23386303E-03     -0.64346100E-15
    2.545881471771         0.36182686E-03     -0.85483701E-04      0.17746263E-10     -0.75298897E-09      0.15631916E-15      0.23386302E-03     -0.64248078E-15
    2.552152115791         0.34940598E-03     -0.80096807E-04      0.18187707E-10     -0.67964426E-09      0.15432788E-15      0.23386302E-03     -0.64151305E-15
    2.558422759810         0.33721273E-03     -0.73108208E-04      0.18651275E-10     -0.59722842E-09      0.15236417E-15      0.23386301E-03     -0.64055762E-15
    2.564693403829         0.32525191E-03     -0.69868421E-04      0.19134237E-10     -0.54917152E-09      0.15039668E-15      0.23386301E-03     -0.63961454E-15
    2.570964047848         0.31352788E-03     -0.73722761E-04      0.19638273E-10     -0.55721710E-09      0.14843152E-15      0.23386301E-03     -0.63868378E-15
    2.577234691867         0.30204453E-03     -0.77667931E-04      0.20164261E-10     -0.56415887E-09      0.14646774E-15      0.23386300E-03     -0.63776533E-15
    2.583505335886         0.29080531E-03     -0.80964213E-04      0.20715186E-10     -0.56484428E-09      0.14451884E-15      0.23386300E-03     -0.63685911E-15
    2.589775979905         0.27981322E-03     -0.80414425E-04      0.21291627E-10     -0.53849622E-09      0.14257965E-15      0.23386300E-03     -0.63596504E-15
    2.596046623924         0.26907084E-03     -0.76299412E-04      0.21898221E-10     -0.49013759E-09      0.14067135E-15      0.23386299E-03     -0.63508294E-15
    2.602317267944         0.25858031E-03     -0.71645661E-04      0.22528407E-10     -0.44123280E-09      0.13874214E-15      0.23386299E-03     -0.63421294E-15
    2.608587911963         0.24834337E-03     -0.69387215E-04      0.23188160E-10     -0.40942016E-09      0.13682204E-15      0.23386299E-03     -0.63335497E-15
    2.614858555982         0.23836132E-03     -0.72441338E-04      0.23876551E-10     -0.40927641E-09      0.13489686E-15      0.23386299E-03     -0.63250908E-15
    2.621129200001         0.22863508E-03     -0.74595938E-04      0.24600107E-10     -0.40328520E-09      0.13299463E-15      0.23386298E-03     -0.63167512E-15
    2.627399844020         0.21916516E-03     -0.70928464E-04      0.25357347E-10     -0.36669804E-09      0.13109673E-15      0.23386298E-03     -0.63085306E-15
    2.633670488039         0.20995173E-03     -0.66702634E-04      0.26151285E-10     -0.32956696E-09      0.12920928E-15      0.23386298E-03     -0.63004284E-15
    2.639941132058         0.20099453E-03     -0.67468213E-04      0.26981218E-10     -0.31836981E-09      0.12731929E-15      0.23386298E-03     -0.62924446E-15
    2.646211776078         0.19229300E-03     -0.69550982E-04      0.27851914E-10     -0.31324548E-09      0.12544016E-15      0.23386298E-03     -0.62845787E-15
    2.652482420097         0.18384620E-03     -0.64311634E-04      0.28772637E-10     -0.27627040E-09      0.12360171E-15      0.23386297E-03     -0.62768281E-15
    2.658753064116         0.17565286E-03     -0.58203905E-04      0.29732698E-10     -0.23832633E-09      0.12174587E-15      0.23386297E-03     -0.62691938E-15
    2.665023708135         0.16771141E-03     -0.64998484E-04      0.30736485E-10     -0.25351720E-09      0.11988322E-15      0.23386297E-03     -0.62616764E-15
    2.671294352154         0.16001994E-03     -0.73244546E-04      0.31785566E-10     -0.27193827E-09      0.11801168E-15      0.23386297E-03     -0.62542763E-15
    2.677564996173         0.15257628E-03     -0.70039956E-04      0.32894575E-10     -0.24736346E-09      0.11617534E-15      0.23386297E-03     -0.62469914E-15
    2.683835640192         0.14537797E-03     -0.68803111E-04      0.34056395E-10     -0.23099013E-09      0.11433627E-15      0.23386297E-03     -0.62398217E-15
    2.690106284212         0.13842226E-03     -0.68470002E-04      0.35287251E-10     -0.21836323E-09      0.11253743E-15      0.23386296E-03     -0.62327649E-15
    2.696376928231         0.13170617E-03     -0.64569373E-04      0.36574510E-10     -0.19547660E-09      0.11072526E-15      0.23386296E-03     -0.62258217E-15
    2.702647572250         0.12522650E-03     -0.66853414E-04      0.37922889E-10     -0.19198756E-09      0.10890577E-15      0.23386296E-03     -0.62189926E-15
    2.708918216269         0.11897978E-03     -0.69325919E-04      0.39344839E-10     -0.18871898E-09      0.10710450E-15      0.23386296E-03     -0.62122765E-15
    2.715188860288         0.11296238E-03     -0.68668189E-04      0.40843373E-10     -0.17706472E-09      0.10531690E-15      0.23386296E-03     -0.62056724E-15
    2.721459504307         0.10717043E-03     -0.67506802E-04      0.42417258E-10     -0.16476438E-09      0.10352813E-15      0.23386296E-03     -0.61991806E-15
    2.727730148326         0.10159992E-03     -0.65757816E-04      0.44064912E-10     -0.15180359E-09      0.10172497E-15      0.23386296E-03     -0.61928018E-15
    2.734000792346         0.96246660E-04     -0.64742493E-04      0.45811409E-10     -0.14125998E-09      0.99954731E-16      0.23386296E-03     -0.61865339E-15
    2.740271436365         0.91106293E-04     -0.64545284E-04      0.47651641E-10     -0.13300317E-09      0.98191824E-16      0.23386296E-03     -0.61803767E-15
    2.746542080384         0.86174343E-04     -0.65759899E-04      0.49609667E-10     -0.12787791E-09      0.96471874E-16      0.23386296E-03     -0.61743273E-15
    2.752812724403         0.81446204E-04     -0.69928321E-04      0.51653393E-10     -0.12823009E-09      0.94718696E-16      0.23386295E-03     -0.61683878E-15
    2.759083368422         0.76917163E-04     -0.75390182E-04      0.53809859E-10     -0.13026145E-09      0.92974309E-16      0.23386295E-03     -0.61625577E-15
    2.765354012441         0.72582407E-04     -0.78637212E-04      0.56098222E-10     -0.12792382E-09      0.91258305E-16      0.23386295E-03     -0.61568352E-15
    2.771624656460         0.68437043E-04     -0.80086537E-04      0.58501503E-10     -0.12256290E-09      0.89529574E-16      0.23386295E-03     -0.61512212E-15
    2.777895300480         0.64476108E-04     -0.91880650E-04      0.61042579E-10     -0.13217511E-09      0.87812935E-16      0.23386295E-03     -0.61457147E-15
    2.784165944499         0.60694581E-04     -0.11173760E-03      0.63738922E-10     -0.15097214E-09      0.86119637E-16      0.23386295E-03     -0.61403145E-15
    2.790436588518         0.57087396E-04     -0.10674122E-03      0.66574259E-10     -0.13534522E-09      0.84414509E-16      0.23386295E-03     -0.61350211E-15
    2.796707232537         0.53649455E-04     -0.87622982E-04      0.69569092E-10     -0.10417872E-09      0.82713676E-16      0.23386295E-03     -0.61298345E-15
    2.802977876556         0.50375638E-04     -0.80770698E-04      0.72752806E-10     -0.89969934E-10      0.81038859E-16      0.23386295E-03     -0.61247528E-15
    2.809248520575         0.47260816E-04     -0.82018435E-04      0.76111164E-10     -0.85519512E-10      0.79360080E-16      0.23386295E-03     -0.61197764E-15
    2.815519164594         0.44299860E-04     -0.98131290E-04      0.79666221E-10     -0.95696059E-10      0.77689220E-16      0.23386295E-03     -0.61149048E-15
    2.821789808614         0.41487653E-04     -0.12352625E-03      0.83441130E-10     -0.11256313E-09      0.76035615E-16      0.23386295E-03     -0.61101369E-15
    2.828060452633         0.38819099E-04     -0.11871146E-03      0.87419517E-10     -0.10099319E-09      0.74371722E-16      0.23386295E-03     -0.61054733E-15
    2.834331096652         0.36289132E-04     -0.91670876E-04      0.91646092E-10     -0.72744482E-10      0.72724815E-16      0.23386295E-03     -0.61009130E-15
    2.840601740671         0.33892727E-04     -0.97757573E-04      0.96097823E-10     -0.72291834E-10      0.71064447E-16      0.23386295E-03     -0.60964568E-15
    2.846872384690         0.31624906E-04     -0.12549584E-03      0.10084816E-09     -0.86403876E-10      0.69433952E-16      0.23386294E-03     -0.60921028E-15
    2.853143028709         0.29480748E-04     -0.15270202E-03      0.10586422E-09     -0.97791791E-10      0.67796430E-16      0.23386294E-03     -0.60878515E-15
    2.859413672728         0.27455397E-04     -0.16257635E-03      0.11124436E-09     -0.96749957E-10      0.66202048E-16      0.23386294E-03     -0.60837002E-15
    2.865684316748         0.25544067E-04     -0.16395259E-03      0.11690317E-09     -0.90577987E-10      0.64584852E-16      0.23386294E-03     -0.60796504E-15
    2.871954960767         0.23742049E-04     -0.18327375E-03      0.12291042E-09     -0.93903879E-10      0.62975546E-16      0.23386294E-03     -0.60757014E-15
    2.878225604786         0.22044721E-04     -0.18246740E-03      0.12929951E-09     -0.86617915E-10      0.61378933E-16      0.23386294E-03     -0.60718525E-15
    2.884496248805         0.20447546E-04     -0.16945674E-03      0.13607781E-09     -0.74451377E-10      0.59786234E-16      0.23386294E-03     -0.60681035E-15
    2.890766892824         0.18946084E-04     -0.16609763E-03      0.14325670E-09     -0.67470277E-10      0.58192098E-16      0.23386294E-03     -0.60644545E-15
    2.897037536843         0.17535997E-04     -0.17270150E-03      0.15095925E-09     -0.64791063E-10      0.56634195E-16      0.23386294E-03     -0.60609032E-15
    2.903308180862         0.16213045E-04     -0.22815783E-03      0.15908120E-09     -0.78967703E-10      0.55059593E-16      0.23386294E-03     -0.60574506E-15
    2.909578824882         0.14973100E-04     -0.29141545E-03      0.16768724E-09     -0.92947316E-10      0.53484051E-16      0.23386294E-03     -0.60540968E-15
    2.915849468901         0.13812143E-04     -0.30451560E-03      0.17689610E-09     -0.89402199E-10      0.51934614E-16      0.23386294E-03     -0.60508402E-15
    2.922120112920         0.12726269E-04     -0.31083819E-03      0.18659755E-09     -0.83903501E-10      0.50367647E-16      0.23386294E-03     -0.60476818E-15
    2.928390756939         0.11711688E-04     -0.34971252E-03      0.19693285E-09     -0.86685076E-10      0.48814778E-16      0.23386294E-03     -0.60446208E-15
    2.934661400958         0.10764730E-04     -0.51621406E-03      0.20802408E-09     -0.11735933E-09      0.47293497E-16      0.23386294E-03     -0.60416552E-15
    2.940932044977         0.98818426E-05     -0.80790694E-03      0.21971666E-09     -0.16825073E-09      0.45757112E-16      0.23386294E-03     -0.60387859E-15
    2.947202688996         0.90595963E-05     -0.88935677E-03      0.23217278E-09     -0.16944062E-09      0.44233654E-16      0.23386293E-03     -0.60360122E-15
    2.953473333016         0.82946828E-05     -0.73351753E-03      0.24553001E-09     -0.12767913E-09      0.42737979E-16      0.23386293E-03     -0.60333323E-15
    2.959743977035         0.75839168E-05     -0.73601866E-03      0.25952812E-09     -0.11688827E-09      0.41216063E-16      0.23386293E-03     -0.60307477E-15
    2.966014621054         0.69242356E-05     -0.84983879E-03      0.27442940E-09     -0.12296394E-09      0.39707437E-16      0.23386293E-03     -0.60282578E-15
    2.972285265073         0.63126995E-05     -0.80588233E-03      0.29024863E-09     -0.10608133E-09      0.38206520E-16      0.23386293E-03     -0.60258620E-15
    2.978555909092         0.57464915E-05     -0.76898215E-03      0.30702415E-09     -0.91950892E-10      0.36712353E-16      0.23386293E-03     -0.60235599E-15
    2.984826553111         0.52229165E-05     -0.89241008E-03      0.32477081E-09     -0.96783456E-10      0.35221970E-16      0.23386293E-03     -0.60213513E-15
    2.991097197130         0.47394007E-05     -0.10251388E-02      0.34347160E-09     -0.10067421E-09      0.33730782E-16      0.23386293E-03     -0.60192361E-15
    2.997367841150         0.42934906E-05     -0.10703316E-02      0.36330030E-09     -0.95023606E-10      0.32253652E-16      0.23386293E-03     -0.60172136E-15
    3.003638485169         0.38828517E-05     -0.11555831E-02      0.38411741E-09     -0.92586361E-10      0.30775832E-16      0.23386293E-03     -0.60152838E-15
    3.009909129188         0.35052673E-05     -0.12951369E-02      0.40642570E-09     -0.93481591E-10      0.29335372E-16      0.23386293E-03     -0.60134443E-15
    3.016179773207         0.31586369E-05     -0.14436965E-02      0.42947014E-09     -0.93704630E-10      0.27875209E-16      0.23386293E-03     -0.60116963E-15
    3.022450417226         0.28409746E-05     -0.17068250E-02      0.45344518E-09     -0.99435129E-10      0.26416521E-16      0.23386293E-03     -0.60100398E-15
    3.028721061245         0.25504072E-05     -0.20987402E-02      0.47866518E-09     -0.10953467E-09      0.24981860E-16      0.23386293E-03     -0.60084733E-15
    3.034991705264         0.22851729E-05     -0.25091804E-02      0.50452814E-09     -0.11709440E-09      0.23544508E-16      0.23386293E-03     -0.60069969E-15
    3.041262349284         0.20436188E-05     -0.28716263E-02      0.53054259E-09     -0.11959599E-09      0.22095759E-16      0.23386292E-03     -0.60056114E-15
    3.047532993303         0.18241995E-05     -0.30296373E-02      0.55746171E-09     -0.11239765E-09      0.20681481E-16      0.23386292E-03     -0.60043145E-15
    3.053803637322         0.16254751E-05     -0.34057101E-02      0.58381298E-09     -0.11235426E-09      0.19259971E-16      0.23386292E-03     -0.60031068E-15
    3.060074281341         0.14461090E-05     -0.38822759E-02      0.60887568E-09     -0.11370986E-09      0.17833655E-16      0.23386292E-03     -0.60019885E-15
    3.066344925360         0.12848664E-05     -0.43880775E-02      0.63266499E-09     -0.11396039E-09      0.16430601E-16      0.23386292E-03     -0.60009582E-15
    3.072615569379         0.11406125E-05     -0.49597125E-02      0.65292426E-09     -0.11411141E-09      0.15022264E-16      0.23386292E-03     -0.60000162E-15
    3.078886213398         0.10123102E-05     -0.54932132E-02      0.66801088E-09     -0.11194098E-09      0.13612760E-16      0.23386292E-03     -0.59991626E-15
    3.085156857418         0.89901904E-06     -0.61424191E-02      0.67714542E-09     -0.11093632E-09      0.12229713E-16      0.23386292E-03     -0.59983957E-15
    3.091427501437         0.79989324E-06     -0.72230898E-02      0.67534281E-09     -0.11583469E-09      0.10830286E-16      0.23386292E-03     -0.59977166E-15
    3.097698145456         0.71418031E-06     -0.78855292E-02      0.66028258E-09     -0.11267882E-09      0.94349866E-17      0.23386292E-03     -0.59971250E-15
    3.103968789475         0.64121969E-06     -0.10410719E-01      0.62897371E-09     -0.13329471E-09      0.80531292E-17      0.23386292E-03     -0.59966200E-15
    3.110239433494         0.58044149E-06     -0.12423337E-01      0.57667428E-09     -0.14369630E-09      0.66701851E-17      0.23386292E-03     -0.59962017E-15
    3.116510077513         0.53136541E-06     -0.18094374E-01      0.49793249E-09     -0.19121016E-09      0.52618430E-17      0.23386292E-03     -0.59958718E-15
    3.122780721532         0.49359979E-06     -0.20565697E-01      0.39862091E-09     -0.20147426E-09      0.39051365E-17      0.23386291E-03     -0.59956269E-15
    3.129051365552         0.46684081E-06     -0.60956467E-01      0.24237951E-09     -0.56366177E-09      0.22412727E-17      0.23386291E-03     -0.59954863E-15
    3.135322009571         0.45087192E-06     -0.51164689E-01      0.51524110E-10     -0.45602017E-09      0.45922361E-18      0.23386291E-03     -0.59954575E-15
