 
 # Omega; pulse ft; proj flux t=    500.250000000000     
    0.000000000000         0.13366901E-05      0.00000000E+00      0.00000000E+00      0.00000000E+00      0.00000000E+00      0.00000000E+00      0.00000000E+00
    0.006270644019         0.13526158E-05      0.70764256E-01      0.23298752E-11      0.94606052E-06      0.31148535E-16      0.59324087E-08      0.19532138E-18
    0.012541288038         0.14005224E-05      0.17432963E+00      0.10124846E-10      0.12065958E-05      0.70077568E-16      0.13498542E-07      0.63475286E-18
    0.018811932057         0.14807994E-05      0.26336864E-01      0.17196262E-10      0.12849007E-06      0.83895668E-16      0.14304257E-07      0.11608327E-17
    0.025082576077         0.15940962E-05      0.13097796E-01      0.21482520E-10      0.51592111E-07      0.84619470E-16      0.14627773E-07      0.16914513E-17
    0.031353220096         0.17413245E-05     -0.57895188E-02      0.24495688E-10     -0.19928871E-07      0.84319859E-16      0.14502806E-07      0.22201911E-17
    0.037623864115         0.19236591E-05     -0.11713819E-01      0.27308906E-10     -0.37119822E-07      0.86538962E-16      0.14270041E-07      0.27628461E-17
    0.043894508134         0.21425409E-05     -0.17237114E-01      0.28667400E-10     -0.52146620E-07      0.86726120E-16      0.13943048E-07      0.33066748E-17
    0.050165152153         0.23996797E-05     -0.19831280E-01      0.29020924E-10     -0.58795565E-07      0.86040922E-16      0.13574362E-07      0.38462068E-17
    0.056435796172         0.26970571E-05     -0.21636268E-01      0.28865023E-10     -0.64085610E-07      0.85496841E-16      0.13172504E-07      0.43823270E-17
    0.062706440191         0.30369306E-05     -0.21981249E-01      0.28573359E-10     -0.65980829E-07      0.85768278E-16      0.12758761E-07      0.49201494E-17
    0.068977084211         0.34218375E-05     -0.21838421E-01      0.27721437E-10     -0.67145737E-07      0.85234019E-16      0.12337714E-07      0.54546215E-17
    0.075247728230         0.38545993E-05     -0.21685637E-01      0.26860496E-10     -0.68849487E-07      0.85279088E-16      0.11905984E-07      0.59893763E-17
    0.081518372249         0.43383269E-05     -0.21194379E-01      0.25908162E-10     -0.69908525E-07      0.85456687E-16      0.11467612E-07      0.65252448E-17
    0.087789016268         0.48764252E-05     -0.20260512E-01      0.24709535E-10     -0.69751648E-07      0.85068471E-16      0.11030225E-07      0.70586789E-17
    0.094059660287         0.54725985E-05     -0.19234026E-01      0.23776555E-10     -0.69359037E-07      0.85739665E-16      0.10595299E-07      0.75963218E-17
    0.100330304306         0.61308563E-05     -0.18429410E-01      0.22653667E-10     -0.69798020E-07      0.85796624E-16      0.10157620E-07      0.81343219E-17
    0.106600948325         0.68555186E-05     -0.17536961E-01      0.21412776E-10     -0.69899853E-07      0.85348304E-16      0.97193032E-08      0.86695107E-17
    0.112871592345         0.76512216E-05     -0.16603391E-01      0.20390984E-10     -0.69756649E-07      0.85669648E-16      0.92818840E-08      0.92067146E-17
    0.119142236364         0.85229237E-05     -0.15628016E-01      0.19330059E-10     -0.69289813E-07      0.85703527E-16      0.88473923E-08      0.97441309E-17
    0.125412880383         0.94759108E-05     -0.14674440E-01      0.18236706E-10     -0.68719980E-07      0.85401972E-16      0.84164738E-08      0.10279656E-16
    0.131683524402         0.10515802E-04     -0.13745826E-01      0.17312521E-10     -0.68033760E-07      0.85686802E-16      0.79898583E-08      0.10816968E-16
    0.137954168421         0.11648555E-04     -0.12945560E-01      0.16420746E-10     -0.67748664E-07      0.85935533E-16      0.75650305E-08      0.11355839E-16
    0.144224812440         0.12880472E-04     -0.12139420E-01      0.15448805E-10     -0.67194292E-07      0.85512451E-16      0.71436790E-08      0.11892057E-16
    0.150495456459         0.14218202E-04     -0.11368230E-01      0.14666471E-10     -0.66566667E-07      0.85879516E-16      0.67262632E-08      0.12430577E-16
    0.156766100479         0.15668749E-04     -0.10606280E-01      0.13876896E-10     -0.65703413E-07      0.85964111E-16      0.63142604E-08      0.12969627E-16
    0.163036744498         0.17239474E-04     -0.99250972E-02      0.13069792E-10     -0.65045307E-07      0.85654439E-16      0.59063845E-08      0.13506736E-16
    0.169307388517         0.18938099E-04     -0.92760669E-02      0.12389442E-10     -0.64308297E-07      0.85892430E-16      0.55031300E-08      0.14045337E-16
    0.175578032536         0.20772707E-04     -0.86781491E-02      0.11717705E-10     -0.63634509E-07      0.85922750E-16      0.51041007E-08      0.14584128E-16
    0.181848676555         0.22751750E-04     -0.80879194E-02      0.11049947E-10     -0.62716839E-07      0.85685544E-16      0.47108257E-08      0.15121431E-16
    0.188119320574         0.24884049E-04     -0.74975821E-02      0.10470654E-10     -0.61468348E-07      0.85842846E-16      0.43253796E-08      0.15659721E-16
    0.194389964593         0.27178789E-04     -0.69774289E-02      0.99120717E-11     -0.60463649E-07      0.85894107E-16      0.39462336E-08      0.16198332E-16
    0.200660608613         0.29645528E-04     -0.64487034E-02      0.93564389E-11     -0.59048945E-07      0.85674252E-16      0.35759587E-08      0.16735565E-16
    0.206931252632         0.32294190E-04     -0.59627411E-02      0.88817471E-11     -0.57674911E-07      0.85909142E-16      0.32142998E-08      0.17274271E-16
    0.213201896651         0.35135065E-04     -0.57016986E-02      0.84170874E-11     -0.58236683E-07      0.85971441E-16      0.28491183E-08      0.17813367E-16
    0.219472540670         0.38178807E-04     -0.52929205E-02      0.79589235E-11     -0.57066366E-07      0.85810251E-16      0.24912755E-08      0.18351453E-16
    0.225743184689         0.41436430E-04     -0.48001500E-02      0.75582778E-11     -0.54609119E-07      0.85987081E-16      0.21488411E-08      0.18890647E-16
    0.232013828708         0.44919301E-04     -0.44427966E-02      0.71661858E-11     -0.53311171E-07      0.85990378E-16      0.18145457E-08      0.19429862E-16
    0.238284472727         0.48639135E-04     -0.40070486E-02      0.67895230E-11     -0.50694097E-07      0.85895822E-16      0.14966611E-08      0.19968484E-16
    0.244555116747         0.52607990E-04     -0.36509939E-02      0.64455777E-11     -0.48677553E-07      0.85936858E-16      0.11914215E-08      0.20507364E-16
    0.250825760766         0.56838253E-04     -0.33356340E-02      0.61196379E-11     -0.46847849E-07      0.85948239E-16      0.89765530E-09      0.21046314E-16
    0.257096404785         0.61342637E-04     -0.29945729E-02      0.58055223E-11     -0.44283710E-07      0.85851998E-16      0.61996792E-09      0.21584662E-16
    0.263367048804         0.66134162E-04     -0.27087567E-02      0.55222208E-11     -0.42157718E-07      0.85945048E-16      0.35561188E-09      0.22123593E-16
    0.269637692823         0.71226148E-04     -0.23898909E-02      0.52513606E-11     -0.39127275E-07      0.85975235E-16      0.11025867E-09      0.22662713E-16
    0.275908336842         0.76632201E-04     -0.21206210E-02      0.49945758E-11     -0.36504987E-07      0.85978083E-16     -0.11865111E-09      0.23201851E-16
    0.282178980861         0.82366191E-04     -0.18376756E-02      0.47557558E-11     -0.33245729E-07      0.86037255E-16     -0.32712324E-09      0.23741360E-16
    0.288449624880         0.88442244E-04     -0.15905424E-02      0.45279332E-11     -0.30225793E-07      0.86046351E-16     -0.51665843E-09      0.24280926E-16
    0.294720268900         0.94874717E-04     -0.13418757E-02      0.43122753E-11     -0.26772902E-07      0.86037868E-16     -0.68454176E-09      0.24820438E-16
    0.300990912919         0.10167818E-03     -0.11226692E-02      0.41114598E-11     -0.23505465E-07      0.86082149E-16     -0.83193616E-09      0.25360229E-16
    0.307261556938         0.10886740E-03     -0.91152811E-03      0.39184475E-11     -0.20017155E-07      0.86049097E-16     -0.95745662E-09      0.25899812E-16
    0.313532200957         0.11645730E-03     -0.71368896E-03      0.37347432E-11     -0.16429949E-07      0.85978126E-16     -0.10604830E-08      0.26438950E-16
    0.319802844976         0.12446296E-03     -0.52565457E-03      0.35664907E-11     -0.12679465E-07      0.86028345E-16     -0.11399914E-08      0.26978404E-16
    0.326073488995         0.13289958E-03     -0.33487747E-03      0.34045210E-11     -0.84593448E-08      0.86001658E-16     -0.11930369E-08      0.27517689E-16
    0.332344133014         0.14178245E-03     -0.16138272E-03      0.32496877E-11     -0.42671132E-08      0.85924846E-16     -0.12197945E-08      0.28056493E-16
    0.338614777034         0.15112692E-03      0.16066347E-04      0.31080508E-11      0.44442219E-09      0.85973914E-16     -0.12170077E-08      0.28595605E-16
    0.344885421053         0.16094837E-03      0.17835141E-03      0.29701859E-11      0.51585894E-08      0.85908878E-16     -0.11846600E-08      0.29134309E-16
    0.351156065072         0.17126219E-03      0.34861110E-03      0.28393881E-11      0.10537685E-07      0.85827951E-16     -0.11185819E-08      0.29672506E-16
    0.357426709091         0.18208374E-03      0.50410736E-03      0.27211417E-11      0.15916585E-07      0.85916781E-16     -0.10187747E-08      0.30211259E-16
    0.363697353110         0.19342833E-03      0.66656422E-03      0.26056987E-11      0.21971748E-07      0.85890830E-16     -0.88099767E-09      0.30749850E-16
    0.369967997129         0.20531113E-03      0.81793884E-03      0.24953914E-11      0.28132728E-07      0.85828138E-16     -0.70458735E-09      0.31288048E-16
    0.376238641148         0.21774722E-03      0.97815888E-03      0.23953815E-11      0.35086601E-07      0.85922436E-16     -0.48457176E-09      0.31826837E-16
    0.382509285168         0.23075149E-03      0.11328970E-02      0.22968686E-11      0.42358018E-07      0.85877888E-16     -0.21895971E-09      0.32365347E-16
    0.388779929187         0.24433861E-03      0.12927077E-02      0.22020118E-11      0.50353687E-07      0.85772997E-16      0.96790334E-10      0.32903198E-16
    0.395050573206         0.25852303E-03      0.14592675E-02      0.21180363E-11      0.59186699E-07      0.85905825E-16      0.46792906E-09      0.33441883E-16
    0.401321217225         0.27331888E-03      0.16377005E-02      0.20347506E-11      0.69128107E-07      0.85887777E-16      0.90140681E-09      0.33980455E-16
    0.407591861244         0.28873998E-03      0.18263706E-02      0.19551095E-11      0.80188667E-07      0.85841083E-16      0.14042414E-08      0.34518734E-16
    0.413862505263         0.30479977E-03      0.20300999E-02      0.18822805E-11      0.92665623E-07      0.85918282E-16      0.19853145E-08      0.35057497E-16
    0.420133149282         0.32151130E-03      0.22635058E-02      0.18102572E-11      0.10735779E-06      0.85860268E-16      0.26585170E-08      0.35595896E-16
    0.426403793302         0.33888713E-03      0.25291924E-02      0.17422428E-11      0.12458293E-06      0.85819378E-16      0.34397323E-08      0.36134039E-16
    0.432674437321         0.35693934E-03      0.28323270E-02      0.16801674E-11      0.14481690E-06      0.85906971E-16      0.43478275E-08      0.36672731E-16
    0.438945081340         0.37567949E-03      0.31857310E-02      0.16185852E-11      0.16898925E-06      0.85858945E-16      0.54074989E-08      0.37211122E-16
    0.445215725359         0.39511852E-03      0.36166303E-02      0.15593626E-11      0.19893156E-06      0.85772229E-16      0.66549279E-08      0.37748969E-16
    0.451486369378         0.41526677E-03      0.41601128E-02      0.15052678E-11      0.23715393E-06      0.85810211E-16      0.81420358E-08      0.38287054E-16
    0.457757013397         0.43613390E-03      0.48474436E-02      0.14516235E-11      0.28624656E-06      0.85719872E-16      0.99369860E-08      0.38824573E-16
    0.464027657416         0.45772885E-03      0.57908442E-02      0.14016128E-11      0.35403727E-06      0.85690989E-16      0.12157028E-07      0.39361911E-16
    0.470298301436         0.48005983E-03      0.70927014E-02      0.13576014E-11      0.44872091E-06      0.85888873E-16      0.14970797E-07      0.39900489E-16
    0.476568945455         0.50313422E-03      0.90406574E-02      0.13107297E-11      0.59156273E-06      0.85765758E-16      0.18680276E-07      0.40438296E-16
    0.482839589474         0.52695859E-03      0.12039377E-01      0.12684775E-11      0.81436726E-06      0.85802325E-16      0.23786883E-07      0.40976331E-16
    0.489110233493         0.55153859E-03      0.17769954E-01      0.12278671E-11      0.12419329E-05      0.85814997E-16      0.31574603E-07      0.41514447E-16
    0.495380877512         0.57687900E-03      0.29667242E-01      0.11877822E-11      0.21412400E-05      0.85728449E-16      0.45001556E-07      0.42052019E-16
    0.501651521531         0.60298360E-03      0.69393498E-01      0.11490345E-11      0.51696938E-05      0.85601054E-16      0.77418866E-07      0.42588793E-16
    0.507922165550         0.62985518E-03      0.48780883E+00      0.10947883E-11      0.37491764E-04      0.84142685E-16      0.31251637E-06      0.43116422E-16
    0.514192809570         0.65749549E-03      0.16434629E+01      0.10432597E-11      0.13024749E-03      0.82680272E-16      0.11292520E-05      0.43634880E-16
    0.520463453589         0.68590523E-03      0.25316068E+01      0.96883073E-12      0.20678203E-03      0.79134244E-16      0.24259085E-05      0.44131103E-16
    0.526734097608         0.71508395E-03      0.27942073E+01      0.90624606E-12      0.23510773E-03      0.76252556E-16      0.39001854E-05      0.44609256E-16
    0.533004741627         0.74503011E-03      0.43294222E+01      0.77759738E-12      0.37507263E-03      0.67365915E-16      0.62521323E-05      0.45031683E-16
    0.539275385646         0.77574094E-03      0.62239493E+01      0.60231156E-12      0.55490015E-03      0.53699469E-16      0.97317136E-05      0.45368414E-16
    0.545546029665         0.80721252E-03      0.59052188E+01      0.87833884E-12      0.54154576E-03      0.80549204E-16      0.13127554E-04      0.45873509E-16
    0.551816673684         0.83943965E-03      0.48433916E+01      0.82065132E-12      0.45665363E-03      0.77374171E-16      0.15991067E-04      0.46358695E-16
    0.558087317704         0.87241592E-03      0.46740171E+01      0.75977877E-12      0.45285003E-03      0.73612447E-16      0.18830728E-04      0.46820292E-16
    0.564357961723         0.90613359E-03      0.47078768E+01      0.69360170E-12      0.46849540E-03      0.69022454E-16      0.21768496E-04      0.47253108E-16
    0.570628605742         0.94058365E-03      0.45850632E+01      0.63643600E-12      0.46841618E-03      0.65019152E-16      0.24705767E-04      0.47660820E-16
    0.576899249761         0.97575574E-03      0.43716832E+01      0.58731546E-12      0.45828169E-03      0.61568029E-16      0.27579488E-04      0.48046891E-16
    0.583169893780         0.10116382E-02      0.41767398E+01      0.77775179E-12      0.44906605E-03      0.83620703E-16      0.30395422E-04      0.48571246E-16
    0.589440537799         0.10482179E-02      0.40249086E+01      0.72392565E-12      0.44361915E-03      0.79789957E-16      0.33177199E-04      0.49071581E-16
    0.595711181818         0.10854806E-02      0.38651171E+01      0.67442515E-12      0.43650743E-03      0.76166278E-16      0.35914382E-04      0.49549193E-16
    0.601981825838         0.11234103E-02      0.37187742E+01      0.62718465E-12      0.43012779E-03      0.72542599E-16      0.38611560E-04      0.50004081E-16
    0.608252469857         0.11619899E-02      0.35927468E+01      0.58236429E-12      0.42539048E-03      0.68953432E-16      0.41279033E-04      0.50436464E-16
    0.614523113876         0.12012008E-02      0.34829058E+01      0.54124503E-12      0.42195080E-03      0.65571331E-16      0.43924936E-04      0.50847638E-16
    0.620793757895         0.12410231E-02      0.33698977E+01      0.50109072E-12      0.41753407E-03      0.62085697E-16      0.46543143E-04      0.51236956E-16
    0.627064401914         0.12814354E-02      0.32616320E+01      0.64904517E-12      0.41310666E-03      0.82205743E-16      0.49133588E-04      0.51752438E-16
    0.633335045933         0.13224148E-02      0.31612343E+01      0.60828740E-12      0.40910384E-03      0.78720109E-16      0.51698933E-04      0.52246064E-16
    0.639605689952         0.13639374E-02      0.30620120E+01      0.56897456E-12      0.40469857E-03      0.75199964E-16      0.54236653E-04      0.52717616E-16
    0.645876333972         0.14059774E-02      0.29635995E+01      0.53256114E-12      0.39984453E-03      0.71852375E-16      0.56743936E-04      0.53168177E-16
    0.652146977991         0.14485081E-02      0.28668334E+01      0.49887914E-12      0.39465771E-03      0.68677342E-16      0.59218694E-04      0.53598828E-16
    0.658417622010         0.14915013E-02      0.27744914E+01      0.46605146E-12      0.38953658E-03      0.65433286E-16      0.61661339E-04      0.54009137E-16
    0.664688266029         0.15349273E-02      0.26875368E+01      0.43571859E-12      0.38465102E-03      0.62361787E-16      0.64073349E-04      0.54400186E-16
    0.670958910048         0.15787553E-02      0.26065461E+01      0.55469780E-12      0.38012547E-03      0.80894316E-16      0.66456980E-04      0.54907445E-16
    0.677229554067         0.16229531E-02      0.25302009E+01      0.52256114E-12      0.37580950E-03      0.77615750E-16      0.68813548E-04      0.55394146E-16
    0.683500198086         0.16674874E-02      0.24575723E+01      0.49231601E-12      0.37159759E-03      0.74440717E-16      0.71143704E-04      0.55860937E-16
    0.689770842106         0.17123234E-02      0.23875919E+01      0.46363609E-12      0.36735312E-03      0.71334706E-16      0.73447245E-04      0.56308252E-16
    0.696041486125         0.17574255E-02      0.23194349E+01      0.43621663E-12      0.36296659E-03      0.68263207E-16      0.75723279E-04      0.56736306E-16
    0.702312130144         0.18027565E-02      0.22533856E+01      0.41042325E-12      0.35849663E-03      0.65295242E-16      0.77971284E-04      0.57145749E-16
    0.708582774163         0.18482784E-02      0.21890096E+01      0.51083851E-12      0.35388907E-03      0.82585366E-16      0.80190396E-04      0.57663613E-16
    0.714853418182         0.18939520E-02      0.21265368E+01      0.48422614E-12      0.34919463E-03      0.79513867E-16      0.82380071E-04      0.58162216E-16
    0.721124062201         0.19397371E-02      0.20653593E+01      0.45893431E-12      0.34432708E-03      0.76511390E-16      0.84539224E-04      0.58641991E-16
    0.727394706220         0.19855926E-02      0.20062990E+01      0.43550746E-12      0.33943635E-03      0.73681470E-16      0.86667708E-04      0.59104022E-16
    0.733665350240         0.20314763E-02      0.19490836E+01      0.41285061E-12      0.33449288E-03      0.70851549E-16      0.88765194E-04      0.59548307E-16
    0.739935994259         0.20773451E-02      0.18943088E+01      0.39112010E-12      0.32961575E-03      0.68056140E-16      0.90832097E-04      0.59975062E-16
    0.746206638278         0.21231554E-02      0.18415076E+01      0.37124651E-12      0.32474231E-03      0.65467798E-16      0.92868441E-04      0.60385588E-16
    0.752477282297         0.21688625E-02      0.17905962E+01      0.35198769E-12      0.31987401E-03      0.62879456E-16      0.94874257E-04      0.60779882E-16
    0.758747926316         0.22144210E-02      0.17414225E+01      0.43252037E-12      0.31499924E-03      0.78236952E-16      0.96849505E-04      0.61270478E-16
    0.765018570335         0.22597852E-02      0.16938976E+01      0.41310839E-12      0.31011661E-03      0.75631354E-16      0.98794136E-04      0.61744736E-16
    0.771289214354         0.23049085E-02      0.16481054E+01      0.39343445E-12      0.30525591E-03      0.72870456E-16      0.10070829E-03      0.62201680E-16
    0.777559858374         0.23497438E-02      0.16034706E+01      0.37579826E-12      0.30032422E-03      0.70385647E-16      0.10259151E-03      0.62643044E-16
    0.783830502393         0.23942436E-02      0.15603520E+01      0.35911849E-12      0.29540064E-03      0.67987117E-16      0.10444387E-03      0.63069367E-16
    0.790101146412         0.24383603E-02      0.15182640E+01      0.42878577E-12      0.29040571E-03      0.82015931E-16      0.10626490E-03      0.63583659E-16
    0.796371790431         0.24820455E-02      0.14782263E+01      0.41171867E-12      0.28554692E-03      0.79531123E-16      0.10805546E-03      0.64082371E-16
    0.802642434450         0.25252510E-02      0.14391319E+01      0.39511794E-12      0.28062459E-03      0.77046314E-16      0.10981516E-03      0.64565501E-16
    0.808913078469         0.25679283E-02      0.14013838E+01      0.37913330E-12      0.27572796E-03      0.74596017E-16      0.11154415E-03      0.65033266E-16
    0.815183722488         0.26100287E-02      0.13641646E+01      0.36408343E-12      0.27070684E-03      0.72249254E-16      0.11324165E-03      0.65486315E-16
    0.821454366508         0.26515036E-02      0.13283026E+01      0.34984599E-12      0.26573483E-03      0.69988768E-16      0.11490798E-03      0.65925190E-16
    0.827725010527         0.26923046E-02      0.12928772E+01      0.33604691E-12      0.26063819E-03      0.67745539E-16      0.11654235E-03      0.66349998E-16
    0.833995654546         0.27323833E-02      0.12587001E+01      0.32334381E-12      0.25558937E-03      0.65657609E-16      0.11814506E-03      0.66761714E-16
    0.840266298565         0.27716916E-02      0.12250059E+01      0.31144842E-12      0.25044296E-03      0.63673214E-16      0.11971550E-03      0.67160986E-16
    0.846536942584         0.28101817E-02      0.11916533E+01      0.30008175E-12      0.24517776E-03      0.61740585E-16      0.12125292E-03      0.67548139E-16
    0.852807586603         0.28478063E-02      0.11590345E+01      0.35517136E-12      0.23988243E-03      0.73508914E-16      0.12275714E-03      0.68009087E-16
    0.859078230622         0.28845183E-02      0.11282343E+01      0.34344503E-12      0.23479160E-03      0.71472751E-16      0.12422943E-03      0.68457267E-16
    0.865348874641         0.29202716E-02      0.10988047E+01      0.33206385E-12      0.22982390E-03      0.69453844E-16      0.12567058E-03      0.68892788E-16
    0.871619518661         0.29550204E-02      0.10694754E+01      0.32158581E-12      0.22472273E-03      0.67572982E-16      0.12707974E-03      0.69316514E-16
    0.877890162680         0.29887197E-02      0.10409935E+01      0.37086856E-12      0.21965228E-03      0.78254207E-16      0.12845710E-03      0.69807218E-16
    0.884160806699         0.30213253E-02      0.10126494E+01      0.35987270E-12      0.21447073E-03      0.76218045E-16      0.12980197E-03      0.70285154E-16
    0.890431450718         0.30527941E-02      0.98623283E+00      0.34943150E-12      0.20956519E-03      0.74250905E-16      0.13111607E-03      0.70750755E-16
    0.896702094737         0.30830836E-02      0.96122517E+00      0.33968986E-12      0.20483536E-03      0.72387299E-16      0.13240052E-03      0.71204670E-16
    0.902972738756         0.31121526E-02      0.93902722E+00      0.33022684E-12      0.20058900E-03      0.70540948E-16      0.13365835E-03      0.71647007E-16
    0.909243382775         0.31399610E-02      0.91687496E+00      0.32119069E-12      0.19624423E-03      0.68746364E-16      0.13488892E-03      0.72078091E-16
    0.915514026795         0.31664698E-02      0.89815427E+00      0.31289017E-12      0.19253246E-03      0.67072570E-16      0.13609623E-03      0.72498680E-16
    0.921784670814         0.31916413E-02      0.88142801E+00      0.30418618E-12      0.18915338E-03      0.65277986E-16      0.13728234E-03      0.72908015E-16
    0.928055314833         0.32154391E-02      0.87092664E+00      0.29595318E-12      0.18702113E-03      0.63552425E-16      0.13845508E-03      0.73306529E-16
    0.934325958852         0.32378284E-02      0.86538419E+00      0.28761752E-12      0.18586904E-03      0.61775096E-16      0.13962060E-03      0.73693899E-16
    0.940596602871         0.32587757E-02      0.86738304E+00      0.32762526E-12      0.18625359E-03      0.70351136E-16      0.14078853E-03      0.74135046E-16
    0.946867246890         0.32782491E-02      0.87403579E+00      0.31852221E-12      0.18755332E-03      0.68349485E-16      0.14196461E-03      0.74563641E-16
    0.953137890909         0.32962182E-02      0.87429025E+00      0.31002808E-12      0.18739523E-03      0.66451368E-16      0.14313970E-03      0.74980334E-16
    0.959408534929         0.33126546E-02      0.85771904E+00      0.35091670E-12      0.18355250E-03      0.75096430E-16      0.14429069E-03      0.75451237E-16
    0.965679178948         0.33275313E-02      0.78938658E+00      0.34387458E-12      0.16858607E-03      0.73439891E-16      0.14534784E-03      0.75911752E-16
    0.971949822967         0.33408232E-02      0.70960934E+00      0.33841259E-12      0.15117210E-03      0.72093953E-16      0.14629578E-03      0.76363828E-16
    0.978220466986         0.33525073E-02      0.70990465E+00      0.33144763E-12      0.15079109E-03      0.70402903E-16      0.14724134E-03      0.76805299E-16
    0.984491111005         0.33625620E-02      0.13005379E+01      0.29915433E-12      0.27531139E-03      0.63328102E-16      0.14896772E-03      0.77202407E-16
    0.990761755024         0.33709681E-02      0.23986877E+01      0.23059151E-12      0.50582675E-03      0.48626319E-16      0.15213958E-03      0.77507326E-16
    0.997032399043         0.33777083E-02      0.25726386E+01      0.19887960E-12      0.54017480E-03      0.41758585E-16      0.15552682E-03      0.77769179E-16
    1.003303043063         0.33827671E-02      0.20027739E+01      0.21568549E-12      0.41851841E-03      0.45071662E-16      0.15815120E-03      0.78051807E-16
    1.009573687082         0.33861315E-02      0.19177649E+01      0.20519671E-12      0.39866107E-03      0.42655877E-16      0.16065106E-03      0.78319287E-16
    1.015844331101         0.33877903E-02      0.20073012E+01      0.18065735E-12      0.41490110E-03      0.37341148E-16      0.16325276E-03      0.78553440E-16
    1.022114975120         0.33877345E-02      0.19364739E+01      0.17001554E-12      0.39779923E-03      0.34925362E-16      0.16574722E-03      0.78772445E-16
    1.028385619139         0.33859574E-02      0.17655906E+01      0.27194324E-12      0.36029495E-03      0.55494053E-16      0.16800650E-03      0.79120428E-16
    1.034656263158         0.33824545E-02      0.13542337E+01      0.35623757E-12      0.27439245E-03      0.72180231E-16      0.16972712E-03      0.79573045E-16
    1.040926907177         0.33772236E-02      0.11218540E+01      0.28275062E-12      0.22558935E-03      0.56857247E-16      0.17114171E-03      0.79929576E-16
    1.047197551197         0.33702644E-02      0.19081179E+01      0.32509414E-12      0.38061268E-03      0.64846596E-16      0.17352839E-03      0.80336206E-16
    1.053468195216         0.33615794E-02      0.26778130E+01      0.13837861E-12      0.52959621E-03      0.27367403E-16      0.17684930E-03      0.80507817E-16
    1.059738839235         0.33511731E-02      0.20539751E+01      0.28824939E-12      0.40256485E-03      0.56494879E-16      0.17937365E-03      0.80862077E-16
    1.066009483254         0.33390522E-02      0.12406941E+01      0.23465484E-12      0.24086269E-03      0.45554820E-16      0.18088401E-03      0.81147735E-16
    1.072280127273         0.33252260E-02      0.10320185E+01      0.30551798E-12      0.19835495E-03      0.58720853E-16      0.18212782E-03      0.81515952E-16
    1.078550771292         0.33097058E-02      0.93551336E+00      0.24999962E-12      0.17792684E-03      0.47547843E-16      0.18324354E-03      0.81814108E-16
    1.084821415311         0.32925055E-02      0.86809730E+00      0.30078827E-12      0.16329742E-03      0.56581157E-16      0.18426752E-03      0.82168908E-16
    1.091092059331         0.32736410E-02      0.82700849E+00      0.34435708E-12      0.15378795E-03      0.64035582E-16      0.18523187E-03      0.82570452E-16
    1.097362703350         0.32531309E-02      0.79571415E+00      0.29400188E-12      0.14620125E-03      0.54018698E-16      0.18614864E-03      0.82909184E-16
    1.103633347369         0.32309955E-02      0.78626365E+00      0.33408297E-12      0.14266663E-03      0.60618970E-16      0.18704326E-03      0.83289304E-16
    1.109903991388         0.32072580E-02      0.81618471E+00      0.28085219E-12      0.14617719E-03      0.50300113E-16      0.18795988E-03      0.83604719E-16
    1.116174635407         0.31819433E-02      0.86974799E+00      0.31877011E-12      0.15367258E-03      0.56322322E-16      0.18892351E-03      0.83957896E-16
    1.122445279426         0.31550788E-02      0.95069077E+00      0.25375922E-12      0.16562541E-03      0.44208882E-16      0.18996208E-03      0.84235114E-16
    1.128715923445         0.31266940E-02      0.88995125E+00      0.30553473E-12      0.15279517E-03      0.52457065E-16      0.19092021E-03      0.84564054E-16
    1.134986567465         0.30968207E-02      0.61740598E+00      0.28616587E-12      0.10440922E-03      0.48393368E-16      0.19157492E-03      0.84867511E-16
    1.141257211484         0.30654926E-02      0.49945425E+00      0.32815718E-12      0.83148634E-04      0.54631272E-16      0.19209632E-03      0.85210084E-16
    1.147527855503         0.30327456E-02      0.52929630E+00      0.29285982E-12      0.86699037E-04      0.47970606E-16      0.19263998E-03      0.85510891E-16
    1.153798499522         0.29986176E-02      0.46568045E+00      0.32716410E-12      0.75010454E-04      0.52698644E-16      0.19311034E-03      0.85841345E-16
    1.160069143541         0.29631486E-02      0.39721921E+00      0.35549669E-12      0.62884334E-04      0.56279183E-16      0.19350467E-03      0.86194252E-16
    1.166339787560         0.29263804E-02      0.38208809E+00      0.37688917E-12      0.59417156E-04      0.58608691E-16      0.19387725E-03      0.86561766E-16
    1.172610431579         0.28883568E-02      0.37760765E+00      0.39752368E-12      0.57647510E-04      0.60687993E-16      0.19423874E-03      0.86942319E-16
    1.178881075599         0.28491234E-02      0.37226873E+00      0.37548920E-12      0.55762277E-04      0.56244672E-16      0.19458840E-03      0.87295009E-16
    1.185151719618         0.28087276E-02      0.36434935E+00      0.39586741E-12      0.53517565E-04      0.58147104E-16      0.19492399E-03      0.87659629E-16
    1.191422363637         0.27672184E-02      0.35195267E+00      0.37526761E-12      0.50664602E-04      0.54020855E-16      0.19524169E-03      0.87998375E-16
    1.197693007656         0.27246467E-02      0.33508631E+00      0.39482463E-12      0.47245890E-04      0.55668766E-16      0.19553795E-03      0.88347454E-16
    1.203963651675         0.26810648E-02      0.31989090E+00      0.37679143E-12      0.44150791E-04      0.52004105E-16      0.19581481E-03      0.88673553E-16
    1.210234295694         0.26365265E-02      0.30806344E+00      0.39535998E-12      0.41595421E-04      0.53382397E-16      0.19607564E-03      0.89008295E-16
    1.216504939713         0.25910872E-02      0.29704756E+00      0.37910107E-12      0.39213610E-04      0.50045593E-16      0.19632153E-03      0.89322113E-16
    1.222775583733         0.25448036E-02      0.28599192E+00      0.39664767E-12      0.36889601E-04      0.51162894E-16      0.19655285E-03      0.89642937E-16
    1.229046227752         0.24977337E-02      0.27612204E+00      0.38225478E-12      0.34779367E-04      0.48147476E-16      0.19677094E-03      0.89944853E-16
    1.235316871771         0.24499367E-02      0.26700238E+00      0.39938662E-12      0.32819676E-04      0.49092220E-16      0.19697674E-03      0.90252693E-16
    1.241587515790         0.24014729E-02      0.25860778E+00      0.38636718E-12      0.31001637E-04      0.46317302E-16      0.19717114E-03      0.90543132E-16
    1.247858159809         0.23524038E-02      0.25069332E+00      0.40293519E-12      0.29290857E-04      0.47078706E-16      0.19735482E-03      0.90838346E-16
    1.254128803828         0.23027917E-02      0.24317129E+00      0.41887778E-12      0.27673718E-04      0.47669711E-16      0.19752835E-03      0.91137266E-16
    1.260399447847         0.22527000E-02      0.23611895E+00      0.40722019E-12      0.26155840E-04      0.45109409E-16      0.19769236E-03      0.91420131E-16
    1.266670091867         0.22021927E-02      0.23026794E+00      0.42272577E-12      0.24812353E-04      0.45550506E-16      0.19784795E-03      0.91705762E-16
    1.272940735886         0.21513345E-02      0.22535051E+00      0.41215865E-12      0.23604836E-04      0.43172467E-16      0.19799597E-03      0.91976481E-16
    1.279211379905         0.21001910E-02      0.22070953E+00      0.42731707E-12      0.22458474E-04      0.43481989E-16      0.19813680E-03      0.92249141E-16
    1.285482023924         0.20488280E-02      0.21618709E+00      0.41758831E-12      0.21355607E-04      0.41250623E-16      0.19827071E-03      0.92507809E-16
    1.291752667943         0.19973119E-02      0.21279948E+00      0.43238427E-12      0.20392937E-04      0.41436120E-16      0.19839859E-03      0.92767640E-16
    1.298023311962         0.19457095E-02      0.21089179E+00      0.42324214E-12      0.19592861E-04      0.39321229E-16      0.19852145E-03      0.93014210E-16
    1.304293955981         0.18940877E-02      0.21149857E+00      0.43765649E-12      0.19035956E-04      0.39391330E-16      0.19864082E-03      0.93261219E-16
    1.310564600001         0.18425136E-02      0.21503097E+00      0.42778015E-12      0.18736824E-04      0.37274821E-16      0.19875831E-03      0.93494956E-16
    1.316835244020         0.17910545E-02      0.22055623E+00      0.44216359E-12      0.18592568E-04      0.37273743E-16      0.19887489E-03      0.93728686E-16
    1.323105888039         0.17397775E-02      0.22214588E+00      0.43190231E-12      0.18104230E-04      0.35198755E-16      0.19898842E-03      0.93949405E-16
    1.329376532058         0.16887497E-02      0.20896120E+00      0.44873272E-12      0.16452261E-04      0.35330329E-16      0.19909159E-03      0.94170949E-16
    1.335647176077         0.16380379E-02      0.19462855E+00      0.46421835E-12      0.14793857E-04      0.35285573E-16      0.19918435E-03      0.94392212E-16
    1.341917820096         0.15877086E-02      0.19614420E+00      0.47817470E-12      0.14383449E-04      0.35065024E-16      0.19927455E-03      0.94612093E-16
    1.348188464115         0.15378279E-02      0.19583189E+00      0.49197194E-12      0.13844690E-04      0.34780846E-16      0.19936136E-03      0.94830191E-16
    1.354459108135         0.14884615E-02      0.18480274E+00      0.48417807E-12      0.12587016E-04      0.32977634E-16      0.19944029E-03      0.95036982E-16
    1.360729752154         0.14396743E-02      0.17251606E+00      0.49730730E-12      0.11312656E-04      0.32610683E-16      0.19951123E-03      0.95241472E-16
    1.367000396173         0.13915308E-02      0.16117072E+00      0.49087543E-12      0.10168409E-04      0.30969782E-16      0.19957499E-03      0.95435672E-16
    1.373271040192         0.13440944E-02      0.15043020E+00      0.50289053E-12      0.91253856E-05      0.30506307E-16      0.19963221E-03      0.95626967E-16
    1.379541684211         0.12974278E-02      0.14048346E+00      0.49749181E-12      0.81887243E-05      0.28998598E-16      0.19968356E-03      0.95808806E-16
    1.385812328230         0.12515929E-02      0.13185061E+00      0.50788669E-12      0.73804610E-05      0.28429432E-16      0.19972984E-03      0.95987077E-16
    1.392082972249         0.12066503E-02      0.12432064E+00      0.50333823E-12      0.66788577E-05      0.27040760E-16      0.19977172E-03      0.96156640E-16
    1.398353616269         0.11626595E-02      0.11812363E+00      0.51243782E-12      0.60871642E-05      0.26407020E-16      0.19980989E-03      0.96322229E-16
    1.404624260288         0.11196790E-02      0.11284433E+00      0.50743755E-12      0.55751405E-05      0.25070249E-16      0.19984485E-03      0.96479436E-16
    1.410894904307         0.10777659E-02      0.10796938E+00      0.51466982E-12      0.51117905E-05      0.24366948E-16      0.19987691E-03      0.96632232E-16
    1.417165548326         0.10369757E-02      0.10357856E+00      0.52095495E-12      0.46974326E-05      0.23626036E-16      0.19990636E-03      0.96780383E-16
    1.423436192345         0.99736290E-03      0.99813842E-01      0.51450534E-12      0.43345963E-05      0.22343323E-16      0.19993354E-03      0.96920490E-16
    1.429706836364         0.95898007E-03      0.96256818E-01      0.51991215E-12      0.40016285E-05      0.21614004E-16      0.19995864E-03      0.97056024E-16
    1.435977480383         0.92187836E-03      0.92539758E-01      0.51235339E-12      0.36821123E-05      0.20386294E-16      0.19998173E-03      0.97183859E-16
    1.442248124402         0.88610723E-03      0.88409820E-01      0.51415997E-12      0.33665842E-05      0.19578853E-16      0.20000284E-03      0.97306631E-16
    1.448518768422         0.85171438E-03      0.83739077E-01      0.50570480E-12      0.30516920E-05      0.18429332E-16      0.20002197E-03      0.97422195E-16
    1.454789412441         0.81874568E-03      0.78404765E-01      0.50468126E-12      0.27348532E-05      0.17603894E-16      0.20003912E-03      0.97532582E-16
    1.461060056460         0.78724515E-03      0.72566004E-01      0.49351033E-12      0.24233593E-05      0.16480897E-16      0.20005432E-03      0.97635928E-16
    1.467330700479         0.75725486E-03      0.66597283E-01      0.48842138E-12      0.21301651E-05      0.15622531E-16      0.20006767E-03      0.97733891E-16
    1.473601344498         0.72881489E-03      0.60812371E-01      0.47374973E-12      0.18641113E-05      0.14522082E-16      0.20007936E-03      0.97824954E-16
    1.479871988517         0.70196324E-03      0.55375806E-01      0.46416642E-12      0.16279946E-05      0.13646039E-16      0.20008957E-03      0.97910524E-16
    1.486142632536         0.67673583E-03      0.50339957E-01      0.44657112E-12      0.14207386E-05      0.12603524E-16      0.20009848E-03      0.97989556E-16
    1.492413276556         0.65316640E-03      0.45689259E-01      0.43169583E-12      0.12393430E-05      0.11709956E-16      0.20010625E-03      0.98062985E-16
    1.498683920575         0.63128649E-03      0.41173450E-01      0.41410193E-12      0.10749206E-05      0.10811013E-16      0.20011299E-03      0.98130777E-16
    1.504954564594         0.61112539E-03      0.36366958E-01      0.38878833E-12      0.91528550E-06      0.97850450E-17      0.20011873E-03      0.98192135E-16
    1.511225208613         0.59271009E-03      0.31113498E-01      0.36499684E-12      0.75631837E-06      0.88724775E-17      0.20012348E-03      0.98247772E-16
    1.517495852632         0.57606526E-03      0.26220874E-01      0.33749910E-12      0.61692732E-06      0.79407123E-17      0.20012734E-03      0.98297565E-16
    1.523766496651         0.56121319E-03      0.22042125E-01      0.30708648E-12      0.50315940E-06      0.70099160E-17      0.20013050E-03      0.98341522E-16
    1.530037140670         0.54817378E-03      0.18204740E-01      0.27145368E-12      0.40424386E-06      0.60277426E-17      0.20013303E-03      0.98379320E-16
    1.536307784690         0.53696452E-03      0.14575792E-01      0.23505730E-12      0.31574916E-06      0.50919458E-17      0.20013501E-03      0.98411249E-16
    1.542578428709         0.52760041E-03      0.11243855E-01      0.19571476E-12      0.23835033E-06      0.41488155E-17      0.20013651E-03      0.98437265E-16
    1.548849072728         0.52009401E-03      0.82344922E-02      0.15432259E-12      0.17137689E-06      0.32117737E-17      0.20013758E-03      0.98457405E-16
    1.555119716747         0.51445539E-03      0.55637750E-02      0.11062310E-12      0.11407648E-06      0.22681532E-17      0.20013830E-03      0.98471628E-16
    1.561390360766         0.51069210E-03      0.31684021E-02      0.68605458E-13      0.64228920E-07      0.13907498E-17      0.20013870E-03      0.98480349E-16
    1.567661004785         0.50880920E-03      0.98928494E-03      0.22709113E-13      0.19900632E-07      0.45682057E-18      0.20013883E-03      0.98483213E-16
    1.573931648804         0.50880920E-03     -0.91247112E-03     -0.22398569E-13     -0.18282302E-07     -0.44877848E-18      0.20013871E-03      0.98480399E-16
    1.580202292824         0.51069210E-03     -0.25512035E-02     -0.67960425E-13     -0.51101569E-07     -0.13612730E-17      0.20013839E-03      0.98471863E-16
    1.586472936843         0.51445539E-03     -0.39447661E-02     -0.11281161E-12     -0.79282800E-07     -0.22673133E-17      0.20013789E-03      0.98457645E-16
    1.592743580862         0.52009401E-03     -0.50119612E-02     -0.15584901E-12     -0.10143466E-06     -0.31541527E-17      0.20013726E-03      0.98437867E-16
    1.599014224881         0.52760041E-03     -0.58668475E-02     -0.19669340E-12     -0.11997763E-06     -0.40224000E-17      0.20013651E-03      0.98412644E-16
    1.605284868900         0.53696452E-03     -0.66330373E-02     -0.23718540E-12     -0.13751453E-06     -0.49172706E-17      0.20013564E-03      0.98381809E-16
    1.611555512919         0.54817378E-03     -0.71892946E-02     -0.27417902E-12     -0.15156605E-06     -0.57802935E-17      0.20013469E-03      0.98345563E-16
    1.617826156938         0.56121319E-03     -0.73206875E-02     -0.30766265E-12     -0.15739486E-06     -0.66147505E-17      0.20013371E-03      0.98304084E-16
    1.624096800958         0.57606526E-03     -0.72030575E-02     -0.33963086E-12     -0.15835046E-06     -0.74663715E-17      0.20013271E-03      0.98257266E-16
    1.630367444977         0.59271009E-03     -0.71181994E-02     -0.36852854E-12     -0.16038718E-06     -0.83036805E-17      0.20013171E-03      0.98205196E-16
    1.636638088996         0.61112539E-03     -0.70422049E-02     -0.39221266E-12     -0.16297801E-06     -0.90769919E-17      0.20013068E-03      0.98148278E-16
    1.642908733015         0.63128649E-03     -0.68790225E-02     -0.41628470E-12     -0.16382586E-06     -0.99139376E-17      0.20012966E-03      0.98086111E-16
    1.649179377034         0.65316640E-03     -0.66418388E-02     -0.43604705E-12     -0.16303729E-06     -0.10703652E-16      0.20012864E-03      0.98018992E-16
    1.655450021053         0.67673583E-03     -0.63373429E-02     -0.45444890E-12     -0.16056577E-06     -0.11514122E-16      0.20012763E-03      0.97946791E-16
    1.661720665072         0.70196324E-03     -0.59526796E-02     -0.46983910E-12     -0.15585169E-06     -0.12301220E-16      0.20012665E-03      0.97869654E-16
    1.667991309092         0.72881489E-03     -0.55085859E-02     -0.48270769E-12     -0.14917851E-06     -0.13072250E-16      0.20012572E-03      0.97787683E-16
    1.674261953111         0.75725486E-03     -0.51142432E-02     -0.49313953E-12     -0.14336486E-06     -0.13823918E-16      0.20012482E-03      0.97700998E-16
    1.680532597130         0.78724515E-03     -0.47674559E-02     -0.50246564E-12     -0.13841795E-06     -0.14588549E-16      0.20012395E-03      0.97609519E-16
    1.686803241149         0.81874568E-03     -0.44161258E-02     -0.50901647E-12     -0.13285219E-06     -0.15312958E-16      0.20012312E-03      0.97513496E-16
    1.693073885168         0.85171438E-03     -0.40863468E-02     -0.51402480E-12     -0.12740778E-06     -0.16026726E-16      0.20012232E-03      0.97412999E-16
    1.699344529187         0.88610723E-03     -0.38114421E-02     -0.51915950E-12     -0.12317905E-06     -0.16778314E-16      0.20012154E-03      0.97307788E-16
    1.705615173206         0.92187836E-03     -0.36052628E-02     -0.52077143E-12     -0.12077365E-06     -0.17445459E-16      0.20012079E-03      0.97198393E-16
    1.711885817226         0.95898007E-03     -0.34189458E-02     -0.52277979E-12     -0.11870518E-06     -0.18150820E-16      0.20012004E-03      0.97084576E-16
    1.718156461245         0.99736290E-03     -0.31796676E-02     -0.52328128E-12     -0.11439707E-06     -0.18826447E-16      0.20011933E-03      0.96966522E-16
    1.724427105264         0.10369757E-02     -0.28728355E-02     -0.52277377E-12     -0.10707231E-06     -0.19484094E-16      0.20011865E-03      0.96844344E-16
    1.730697749283         0.10777659E-02     -0.25041725E-02     -0.52119625E-12     -0.96651836E-07     -0.20116256E-16      0.20011805E-03      0.96718202E-16
    1.736968393302         0.11196790E-02     -0.21603353E-02     -0.52002699E-12     -0.86310866E-07     -0.20776395E-16      0.20011751E-03      0.96587921E-16
    1.743239037321         0.11626595E-02     -0.19938463E-02     -0.51714689E-12     -0.82419498E-07     -0.21377268E-16      0.20011699E-03      0.96453872E-16
    1.749509681340         0.12066503E-02     -0.19818357E-02     -0.51449773E-12     -0.84717940E-07     -0.21993341E-16      0.20011646E-03      0.96315959E-16
    1.755780325360         0.12515929E-02     -0.19498114E-02     -0.51168181E-12     -0.86144625E-07     -0.22606617E-16      0.20011592E-03      0.96174201E-16
    1.762050969379         0.12974278E-02     -0.18390968E-02     -0.50767046E-12     -0.83928991E-07     -0.23168041E-16      0.20011539E-03      0.96028923E-16
    1.768321613398         0.13440944E-02     -0.17189115E-02     -0.50418706E-12     -0.80977563E-07     -0.23752148E-16      0.20011488E-03      0.95879982E-16
    1.774592257417         0.13915308E-02     -0.17866512E-02     -0.50028901E-12     -0.86831376E-07     -0.24314082E-16      0.20011434E-03      0.95727517E-16
    1.780862901436         0.14396743E-02     -0.22694930E-02     -0.49585370E-12     -0.11371174E-06     -0.24844486E-16      0.20011363E-03      0.95571726E-16
    1.787133545455         0.14884615E-02     -0.29311812E-02     -0.49085662E-12     -0.15130941E-06     -0.25338327E-16      0.20011268E-03      0.95412838E-16
    1.793404189474         0.15378279E-02     -0.32566980E-02     -0.48698014E-12     -0.17308113E-06     -0.25881145E-16      0.20011159E-03      0.95250547E-16
    1.799674833494         0.15877086E-02     -0.31840063E-02     -0.48205660E-12     -0.17409782E-06     -0.26358304E-16      0.20011050E-03      0.95085263E-16
    1.805945477513         0.16380379E-02     -0.29762990E-02     -0.47747808E-12     -0.16731641E-06     -0.26842034E-16      0.20010945E-03      0.94916946E-16
    1.812216121532         0.16887497E-02     -0.27658355E-02     -0.47311849E-12     -0.15974391E-06     -0.27325486E-16      0.20010845E-03      0.94745598E-16
    1.818486765551         0.17397775E-02     -0.26137904E-02     -0.46861967E-12     -0.15498762E-06     -0.27787326E-16      0.20010748E-03      0.94571353E-16
    1.824757409570         0.17910545E-02     -0.26359662E-02     -0.46398615E-12     -0.16035636E-06     -0.28226131E-16      0.20010647E-03      0.94394357E-16
    1.831028053589         0.18425136E-02     -0.29332229E-02     -0.45995902E-12     -0.18293780E-06     -0.28686497E-16      0.20010533E-03      0.94214475E-16
    1.837298697608         0.18940877E-02     -0.33031770E-02     -0.45553609E-12     -0.21105461E-06     -0.29106218E-16      0.20010400E-03      0.94031960E-16
    1.843569341628         0.19457095E-02     -0.32725832E-02     -0.45056203E-12     -0.21406807E-06     -0.29472419E-16      0.20010266E-03      0.93847149E-16
    1.849839985647         0.19973119E-02     -0.26935230E-02     -0.44670415E-12     -0.18024993E-06     -0.29893337E-16      0.20010153E-03      0.93659698E-16
    1.856110629666         0.20488280E-02     -0.19864735E-02     -0.44224551E-12     -0.13590239E-06     -0.30255738E-16      0.20010068E-03      0.93469975E-16
    1.862381273685         0.21001910E-02     -0.15394811E-02     -0.43821481E-12     -0.10759875E-06     -0.30628090E-16      0.20010000E-03      0.93277918E-16
    1.868651917704         0.21513345E-02     -0.13123074E-02     -0.43410583E-12     -0.93639221E-07     -0.30975465E-16      0.20009942E-03      0.93083681E-16
    1.874922561723         0.22021927E-02     -0.11591355E-02     -0.43033120E-12     -0.84381814E-07     -0.31326905E-16      0.20009889E-03      0.92887242E-16
    1.881193205742         0.22527000E-02     -0.10372641E-02     -0.42630892E-12     -0.76984265E-07     -0.31640042E-16      0.20009840E-03      0.92688838E-16
    1.887463849762         0.23027917E-02     -0.10081713E-02     -0.42270976E-12     -0.76234759E-07     -0.31963989E-16      0.20009793E-03      0.92488403E-16
    1.893734493781         0.23524038E-02     -0.10909958E-02     -0.41902570E-12     -0.83995990E-07     -0.32260873E-16      0.20009740E-03      0.92286107E-16
    1.900005137800         0.24014729E-02     -0.12013490E-02     -0.41513313E-12     -0.94109787E-07     -0.32520184E-16      0.20009681E-03      0.92082184E-16
    1.906275781819         0.24499367E-02     -0.14499760E-02     -0.41177634E-12     -0.11549751E-06     -0.32799951E-16      0.20009608E-03      0.91876508E-16
    1.912546425838         0.24977337E-02     -0.17646078E-02     -0.40837578E-12     -0.14283184E-06     -0.33054973E-16      0.20009519E-03      0.91669232E-16
    1.918817069857         0.25448036E-02     -0.18530574E-02     -0.40518908E-12     -0.15231836E-06     -0.33305895E-16      0.20009423E-03      0.91460382E-16
    1.925087713876         0.25910872E-02     -0.18286170E-02     -0.40207210E-12     -0.15254464E-06     -0.33541163E-16      0.20009328E-03      0.91250057E-16
    1.931358357896         0.26365265E-02     -0.18736050E-02     -0.39907403E-12     -0.15852216E-06     -0.33764896E-16      0.20009228E-03      0.91038330E-16
    1.937629001915         0.26810648E-02     -0.19706930E-02     -0.39599393E-12     -0.16900453E-06     -0.33960016E-16      0.20009122E-03      0.90825379E-16
    1.943899645934         0.27246467E-02     -0.21304439E-02     -0.39333667E-12     -0.18507559E-06     -0.34169881E-16      0.20009006E-03      0.90611111E-16
    1.950170289953         0.27672184E-02     -0.24059548E-02     -0.39035669E-12     -0.21159288E-06     -0.34330110E-16      0.20008874E-03      0.90395840E-16
    1.956440933972         0.28087276E-02     -0.29578603E-02     -0.38749474E-12     -0.26318626E-06     -0.34478738E-16      0.20008709E-03      0.90179636E-16
    1.962711577991         0.28491234E-02     -0.38086365E-02     -0.38474986E-12     -0.34266281E-06     -0.34615923E-16      0.20008494E-03      0.89962572E-16
    1.968982222010         0.28883568E-02     -0.58479515E-02     -0.38224733E-12     -0.53168632E-06     -0.34753311E-16      0.20008160E-03      0.89744646E-16
    1.975252866030         0.29263804E-02     -0.91482955E-02     -0.37885252E-12     -0.84002254E-06     -0.34787317E-16      0.20007634E-03      0.89526507E-16
    1.981523510049         0.29631486E-02     -0.90549310E-02     -0.37720112E-12     -0.83923197E-06     -0.34959873E-16      0.20007107E-03      0.89307286E-16
    1.987794154068         0.29986176E-02     -0.52642805E-02     -0.37512546E-12     -0.49218840E-06     -0.35072675E-16      0.20006799E-03      0.89087358E-16
    1.994064798087         0.30327456E-02     -0.43167559E-02     -0.37320505E-12     -0.40690861E-06     -0.35179275E-16      0.20006543E-03      0.88866761E-16
    2.000335442106         0.30654926E-02     -0.58447759E-02     -0.37139382E-12     -0.55514697E-06     -0.35275630E-16      0.20006195E-03      0.88645560E-16
    2.006606086125         0.30968207E-02     -0.81616286E-02     -0.36886811E-12     -0.78068068E-06     -0.35283180E-16      0.20005706E-03      0.88424312E-16
    2.012876730144         0.31266940E-02     -0.15235747E-01     -0.36689476E-12     -0.14668126E-05     -0.35322578E-16      0.20004786E-03      0.88202817E-16
    2.019147374163         0.31550788E-02     -0.21236873E-01     -0.36342308E-12     -0.20567212E-05     -0.35196329E-16      0.20003496E-03      0.87982113E-16
    2.025418018183         0.31819433E-02     -0.18075018E-01     -0.36313531E-12     -0.17599454E-05     -0.35358100E-16      0.20002393E-03      0.87760395E-16
    2.031688662202         0.32072580E-02     -0.17563066E-01     -0.36099318E-12     -0.17183822E-05     -0.35319814E-16      0.20001315E-03      0.87538917E-16
    2.037959306221         0.32309955E-02     -0.23957419E-01     -0.35977354E-12     -0.23540927E-05     -0.35351899E-16      0.19999839E-03      0.87317238E-16
    2.044229950240         0.32531309E-02     -0.20512904E-01     -0.35750240E-12     -0.20232130E-05     -0.35260903E-16      0.19998570E-03      0.87096129E-16
    2.050500594259         0.32736410E-02     -0.92874493E-02     -0.35853830E-12     -0.91898895E-06     -0.35477204E-16      0.19997994E-03      0.86873664E-16
    2.056771238278         0.32925055E-02     -0.41432738E-02     -0.35862113E-12     -0.41108045E-06     -0.35581075E-16      0.19997736E-03      0.86650548E-16
    2.063041882297         0.33097058E-02     -0.37874805E-02     -0.35776068E-12     -0.37659490E-06     -0.35572683E-16      0.19997500E-03      0.86427484E-16
    2.069312526317         0.33252260E-02     -0.43136998E-02     -0.35727777E-12     -0.42962314E-06     -0.35583097E-16      0.19997231E-03      0.86204355E-16
    2.075583170336         0.33390522E-02     -0.44442128E-02     -0.35584797E-12     -0.44311922E-06     -0.35480541E-16      0.19996953E-03      0.85981870E-16
    2.081853814355         0.33511731E-02     -0.29759682E-02     -0.35544172E-12     -0.29690505E-06     -0.35461550E-16      0.19996767E-03      0.85759503E-16
    2.088124458374         0.33615794E-02     -0.12208197E-02     -0.35497498E-12     -0.12180951E-06     -0.35418276E-16      0.19996690E-03      0.85537407E-16
    2.094395102393         0.33702644E-02     -0.73433112E-03     -0.35486614E-12     -0.73238590E-07     -0.35392611E-16      0.19996644E-03      0.85315473E-16
    2.100665746412         0.33772236E-02     -0.13434598E-02     -0.35454764E-12     -0.13386598E-06     -0.35328088E-16      0.19996560E-03      0.85093943E-16
    2.106936390431         0.33824545E-02     -0.15072321E-02     -0.35400349E-12     -0.14996964E-06     -0.35223358E-16      0.19996466E-03      0.84873070E-16
    2.113207034451         0.33859574E-02     -0.82727012E-03     -0.35391504E-12     -0.82154141E-07     -0.35146424E-16      0.19996415E-03      0.84652679E-16
    2.119477678470         0.33877345E-02     -0.41107858E-03     -0.35393514E-12     -0.40723776E-07     -0.35062823E-16      0.19996389E-03      0.84432813E-16
    2.125748322489         0.33877903E-02     -0.57185395E-03     -0.35392949E-12     -0.56484914E-07     -0.34959410E-16      0.19996354E-03      0.84213595E-16
    2.132018966508         0.33861315E-02     -0.79172172E-03     -0.35382931E-12     -0.77934183E-07     -0.34829660E-16      0.19996305E-03      0.83995190E-16
    2.138289610527         0.33827671E-02     -0.84931754E-03     -0.35432390E-12     -0.83275710E-07     -0.34741511E-16      0.19996253E-03      0.83777339E-16
    2.144560254546         0.33777083E-02     -0.91550334E-03     -0.35414009E-12     -0.89368917E-07     -0.34570181E-16      0.19996197E-03      0.83560561E-16
    2.150830898565         0.33709681E-02     -0.98715261E-03     -0.35511370E-12     -0.95890448E-07     -0.34495185E-16      0.19996137E-03      0.83344254E-16
    2.157101542585         0.33625620E-02     -0.11053072E-02     -0.35556405E-12     -0.10678872E-06     -0.34352649E-16      0.19996070E-03      0.83128841E-16
    2.163372186604         0.33525073E-02     -0.14928204E-02     -0.35574881E-12     -0.14338004E-06     -0.34168398E-16      0.19995980E-03      0.82914583E-16
    2.169642830623         0.33408232E-02     -0.21053480E-02     -0.35655434E-12     -0.20092401E-06     -0.34027783E-16      0.19995854E-03      0.82701207E-16
    2.175913474642         0.33275313E-02     -0.24580517E-02     -0.35753456E-12     -0.23297762E-06     -0.33887632E-16      0.19995708E-03      0.82488710E-16
    2.182184118661         0.33126546E-02     -0.19719327E-02     -0.35849233E-12     -0.18553230E-06     -0.33729298E-16      0.19995591E-03      0.82277206E-16
    2.188454762680         0.32962182E-02     -0.95323045E-03     -0.35958725E-12     -0.88985442E-07     -0.33567990E-16      0.19995536E-03      0.82066713E-16
    2.194725406699         0.32782491E-02     -0.27802069E-03     -0.36084239E-12     -0.25738400E-07     -0.33405808E-16      0.19995519E-03      0.81857237E-16
    2.200996050719         0.32587757E-02     -0.10608049E-03     -0.36242718E-12     -0.97344939E-08     -0.33258192E-16      0.19995513E-03      0.81648686E-16
    2.207266694738         0.32378284E-02     -0.95768461E-04     -0.36385427E-12     -0.87069129E-08     -0.33080280E-16      0.19995508E-03      0.81441252E-16
    2.213537338757         0.32154391E-02     -0.98786607E-04     -0.36537967E-12     -0.88939398E-08     -0.32895803E-16      0.19995502E-03      0.81234974E-16
    2.219807982776         0.31916413E-02     -0.11259984E-03     -0.36709723E-12     -0.10034116E-07     -0.32713156E-16      0.19995496E-03      0.81029841E-16
    2.226078626795         0.31664698E-02     -0.11334243E-03     -0.36890273E-12     -0.99924051E-08     -0.32522909E-16      0.19995490E-03      0.80825902E-16
    2.232349270814         0.31399610E-02     -0.60891460E-04     -0.37079026E-12     -0.53083698E-08     -0.32324596E-16      0.19995486E-03      0.80623206E-16
    2.238619914833         0.31121526E-02     -0.14519045E-04     -0.37251455E-12     -0.12510114E-08     -0.32097148E-16      0.19995486E-03      0.80421936E-16
    2.244890558853         0.30830836E-02     -0.28580951E-04     -0.37475350E-12     -0.24328172E-08     -0.31899105E-16      0.19995484E-03      0.80221908E-16
    2.251161202872         0.30527941E-02     -0.51259774E-04     -0.37708187E-12     -0.43083431E-08     -0.31693430E-16      0.19995481E-03      0.80023170E-16
    2.257431846891         0.30213253E-02     -0.27371510E-04     -0.37945400E-12     -0.22705145E-08     -0.31476371E-16      0.19995480E-03      0.79825793E-16
    2.263702490910         0.29887197E-02      0.27310835E-04     -0.38206274E-12      0.22348248E-08     -0.31263903E-16      0.19995481E-03      0.79629748E-16
    2.269973134929         0.29550204E-02      0.57755307E-04     -0.38497345E-12      0.46598757E-08     -0.31060841E-16      0.19995484E-03      0.79434976E-16
    2.276243778948         0.29202716E-02      0.69643974E-04     -0.38743916E-12      0.55377162E-08     -0.30807089E-16      0.19995488E-03      0.79241796E-16
    2.282514422967         0.28845183E-02      0.79859316E-04     -0.39061051E-12      0.62550104E-08     -0.30594712E-16      0.19995492E-03      0.79049948E-16
    2.288785066987         0.28478063E-02      0.84985279E-04     -0.39384485E-12      0.65537793E-08     -0.30371992E-16      0.19995496E-03      0.78859496E-16
    2.295055711006         0.28101817E-02      0.90752950E-04     -0.39688810E-12      0.68872301E-08     -0.30119789E-16      0.19995500E-03      0.78670625E-16
    2.301326355025         0.27716916E-02      0.95185798E-04     -0.40057757E-12      0.71052854E-08     -0.29901708E-16      0.19995505E-03      0.78483122E-16
    2.307596999044         0.27323833E-02      0.10387737E-03     -0.40418499E-12      0.76233401E-08     -0.29662278E-16      0.19995509E-03      0.78297121E-16
    2.313867643063         0.26923046E-02      0.11440784E-03     -0.40780242E-12      0.82505736E-08     -0.29408858E-16      0.19995515E-03      0.78112708E-16
    2.320138287082         0.26515036E-02      0.11114525E-03     -0.41187436E-12      0.78724868E-08     -0.29173315E-16      0.19995520E-03      0.77929773E-16
    2.326408931101         0.26100287E-02      0.11006295E-03     -0.41608918E-12      0.76531994E-08     -0.28932657E-16      0.19995524E-03      0.77748346E-16
    2.332679575121         0.25679283E-02      0.13135577E-03     -0.42052149E-12      0.89623030E-08     -0.28691858E-16      0.19995530E-03      0.77568430E-16
    2.338950219140         0.25252510E-02      0.15986119E-03     -0.42509767E-12      0.10697180E-07     -0.28445592E-16      0.19995537E-03      0.77390058E-16
    2.345220863159         0.24820455E-02      0.17704707E-03     -0.42989525E-12      0.11613347E-07     -0.28198845E-16      0.19995544E-03      0.77213233E-16
    2.351491507178         0.24383603E-02      0.18230241E-03     -0.43517403E-12      0.11716274E-07     -0.27967916E-16      0.19995551E-03      0.77037856E-16
    2.357762151197         0.23942436E-02      0.18013646E-03     -0.44034770E-12      0.11337379E-07     -0.27714482E-16      0.19995558E-03      0.76864068E-16
    2.364032795216         0.23497438E-02      0.17543785E-03     -0.44604430E-12      0.10807692E-07     -0.27478162E-16      0.19995565E-03      0.76691762E-16
    2.370303439235         0.23049085E-02      0.17536914E-03     -0.45128367E-12      0.10569284E-07     -0.27198317E-16      0.19995572E-03      0.76521211E-16
    2.376574083255         0.22597852E-02      0.17713752E-03     -0.45736247E-12      0.10439244E-07     -0.26953738E-16      0.19995578E-03      0.76352194E-16
    2.382844727274         0.22144210E-02      0.17090829E-03     -0.46368190E-12      0.98439696E-08     -0.26707134E-16      0.19995584E-03      0.76184723E-16
    2.389115371293         0.21688625E-02      0.16643170E-03     -0.46990725E-12      0.93642635E-08     -0.26439285E-16      0.19995590E-03      0.76018932E-16
    2.395386015312         0.21231554E-02      0.17301955E-03     -0.47680161E-12      0.95048251E-08     -0.26193086E-16      0.19995596E-03      0.75854684E-16
    2.401656659331         0.20773451E-02      0.17636449E-03     -0.48394344E-12      0.94547826E-08     -0.25943885E-16      0.19995602E-03      0.75691999E-16
    2.407927303350         0.20314763E-02      0.17723907E-03     -0.49161689E-12      0.92676690E-08     -0.25706198E-16      0.19995608E-03      0.75530805E-16
    2.414197947369         0.19855926E-02      0.17966565E-03     -0.49929316E-12      0.91585137E-08     -0.25451628E-16      0.19995614E-03      0.75371207E-16
    2.420468591389         0.19397371E-02      0.18139849E-03     -0.50712651E-12      0.90098960E-08     -0.25188506E-16      0.19995619E-03      0.75213259E-16
    2.426739235408         0.18939520E-02      0.20159107E-03     -0.51459789E-12      0.97512398E-08     -0.24891813E-16      0.19995626E-03      0.75057171E-16
    2.433009879427         0.18482784E-02      0.22908585E-03     -0.52325356E-12      0.10786100E-07     -0.24636464E-16      0.19995632E-03      0.74902685E-16
    2.439280523446         0.18027565E-02      0.23991106E-03     -0.53253368E-12      0.10989255E-07     -0.24392992E-16      0.19995639E-03      0.74749725E-16
    2.445551167465         0.17574255E-02      0.24980161E-03     -0.54158069E-12      0.11125975E-07     -0.24121594E-16      0.19995646E-03      0.74598467E-16
    2.451821811484         0.17123234E-02      0.26199389E-03     -0.55142279E-12      0.11340462E-07     -0.23868453E-16      0.19995653E-03      0.74448796E-16
    2.458092455503         0.16674874E-02      0.26662231E-03     -0.56156246E-12      0.11209945E-07     -0.23610495E-16      0.19995660E-03      0.74300743E-16
    2.464363099523         0.16229531E-02      0.26543322E-03     -0.57209446E-12      0.10834259E-07     -0.23351334E-16      0.19995667E-03      0.74154315E-16
    2.470633743542         0.15787553E-02      0.26577752E-03     -0.58299096E-12      0.10526097E-07     -0.23089309E-16      0.19995674E-03      0.74009531E-16
    2.476904387561         0.15349273E-02      0.28092260E-03     -0.59479491E-12      0.10789664E-07     -0.22844859E-16      0.19995681E-03      0.73866279E-16
    2.483175031580         0.14915013E-02      0.29946819E-03     -0.60665669E-12      0.11148326E-07     -0.22584057E-16      0.19995687E-03      0.73724662E-16
    2.489445675599         0.14485081E-02      0.30610702E-03     -0.61902824E-12      0.11039115E-07     -0.22323970E-16      0.19995694E-03      0.73584676E-16
    2.495716319618         0.14059774E-02      0.31129471E-03     -0.63239254E-12      0.10869199E-07     -0.22080685E-16      0.19995701E-03      0.73446216E-16
    2.501986963637         0.13639374E-02      0.32460266E-03     -0.64537049E-12      0.10967411E-07     -0.21805254E-16      0.19995708E-03      0.73309483E-16
    2.508257607657         0.13224148E-02      0.33799425E-03     -0.65926987E-12      0.11044538E-07     -0.21542767E-16      0.19995715E-03      0.73174396E-16
    2.514528251676         0.12814354E-02      0.34420829E-03     -0.67382595E-12      0.10871868E-07     -0.21282890E-16      0.19995722E-03      0.73040939E-16
    2.520798895695         0.12410231E-02      0.35135234E-03     -0.68899603E-12      0.10720800E-07     -0.21023309E-16      0.19995729E-03      0.72909109E-16
    2.527069539714         0.12012008E-02      0.36357139E-03     -0.70515728E-12      0.10711019E-07     -0.20774334E-16      0.19995735E-03      0.72778841E-16
    2.533340183733         0.11619899E-02      0.37572082E-03     -0.72138161E-12      0.10681120E-07     -0.20507683E-16      0.19995742E-03      0.72650244E-16
    2.539610827752         0.11234103E-02      0.38663313E-03     -0.73879108E-12      0.10600173E-07     -0.20255154E-16      0.19995749E-03      0.72523231E-16
    2.545881471771         0.10854806E-02      0.39442501E-03     -0.75701632E-12      0.10422958E-07     -0.20004688E-16      0.19995755E-03      0.72397789E-16
    2.552152115791         0.10482179E-02      0.40113676E-03     -0.77598134E-12      0.10211280E-07     -0.19753269E-16      0.19995762E-03      0.72273923E-16
    2.558422759810         0.10116382E-02      0.41517484E-03     -0.79596229E-12      0.10174817E-07     -0.19506892E-16      0.19995768E-03      0.72151603E-16
    2.564693403829         0.97575574E-03      0.44104963E-03     -0.81671608E-12      0.10400059E-07     -0.19258366E-16      0.19995774E-03      0.72030840E-16
    2.570964047848         0.94058365E-03      0.46510990E-03     -0.83812792E-12      0.10546289E-07     -0.19004411E-16      0.19995781E-03      0.71911670E-16
    2.577234691867         0.90613359E-03      0.47672314E-03     -0.86109070E-12      0.10388364E-07     -0.18764191E-16      0.19995788E-03      0.71794007E-16
    2.583505335886         0.87241592E-03      0.49036127E-03     -0.88477723E-12      0.10262970E-07     -0.18517862E-16      0.19995794E-03      0.71677888E-16
    2.589775979905         0.83943965E-03      0.50494428E-03     -0.90940089E-12      0.10144097E-07     -0.18269444E-16      0.19995800E-03      0.71563327E-16
    2.596046623924         0.80721252E-03      0.50977546E-03     -0.93366186E-12      0.98241957E-08     -0.17993170E-16      0.19995807E-03      0.71450498E-16
    2.602317267944         0.77574094E-03      0.51736002E-03     -0.96076630E-12      0.95585498E-08     -0.17750758E-16      0.19995813E-03      0.71339189E-16
    2.608587911963         0.74503011E-03      0.53361884E-03     -0.98889497E-12      0.94458747E-08     -0.17504963E-16      0.19995818E-03      0.71229422E-16
    2.614858555982         0.71508395E-03      0.55007425E-03     -0.10196761E-11      0.93233679E-08     -0.17282787E-16      0.19995824E-03      0.71121048E-16
    2.621129200001         0.68590523E-03      0.56767406E-03     -0.10506948E-11      0.92069845E-08     -0.17040995E-16      0.19995830E-03      0.71014190E-16
    2.627399844020         0.65749549E-03      0.60394851E-03     -0.10823212E-11      0.93671872E-08     -0.16786705E-16      0.19995836E-03      0.70908926E-16
    2.633670488039         0.62985518E-03      0.63842102E-03     -0.11165907E-11      0.94630060E-08     -0.16550685E-16      0.19995842E-03      0.70805143E-16
    2.639941132058         0.60298360E-03      0.66571129E-03     -0.11524097E-11      0.94240993E-08     -0.16314014E-16      0.19995848E-03      0.70702843E-16
    2.646211776078         0.57687900E-03      0.71076680E-03     -0.11895961E-11      0.96035089E-08     -0.16073200E-16      0.19995854E-03      0.70602054E-16
    2.652482420097         0.55153859E-03      0.74812910E-03     -0.12263636E-11      0.96414559E-08     -0.15804666E-16      0.19995860E-03      0.70502949E-16
    2.658753064116         0.52695859E-03      0.76782279E-03     -0.12678174E-11      0.94319645E-08     -0.15573917E-16      0.19995866E-03      0.70405290E-16
    2.665023708135         0.50313422E-03      0.79376264E-03     -0.13112962E-11      0.92878696E-08     -0.15343564E-16      0.19995872E-03      0.70309076E-16
    2.671294352154         0.48005983E-03      0.82928813E-03     -0.13575054E-11      0.92368044E-08     -0.15120211E-16      0.19995877E-03      0.70214263E-16
    2.677564996173         0.45772885E-03      0.86303361E-03     -0.14060525E-11      0.91440512E-08     -0.14897469E-16      0.19995883E-03      0.70120846E-16
    2.683835640192         0.43613390E-03      0.90193909E-03     -0.14546322E-11      0.90841399E-08     -0.14650748E-16      0.19995889E-03      0.70028976E-16
    2.690106284212         0.41526677E-03      0.94659040E-03     -0.15054484E-11      0.90565442E-08     -0.14403442E-16      0.19995895E-03      0.69938657E-16
    2.696376928231         0.39511852E-03      0.98472020E-03     -0.15609183E-11      0.89433929E-08     -0.14176520E-16      0.19995900E-03      0.69849762E-16
    2.702647572250         0.37567949E-03      0.10275338E-02     -0.16179571E-11      0.88525185E-08     -0.13939197E-16      0.19995906E-03      0.69762354E-16
    2.708918216269         0.35693934E-03      0.10781240E-02     -0.16799700E-11      0.88046058E-08     -0.13719640E-16      0.19995911E-03      0.69676323E-16
    2.715188860288         0.33888713E-03      0.11243814E-02     -0.17441807E-11      0.86978385E-08     -0.13492399E-16      0.19995917E-03      0.69591717E-16
    2.721459504307         0.32151130E-03      0.11682640E-02     -0.18113986E-11      0.85541729E-08     -0.13263284E-16      0.19995922E-03      0.69508547E-16
    2.727730148326         0.30479977E-03      0.12267606E-02     -0.18858788E-11      0.84960240E-08     -0.13060797E-16      0.19995927E-03      0.69426648E-16
    2.734000792346         0.28873998E-03      0.12882005E-02     -0.19603374E-11      0.84320746E-08     -0.12831629E-16      0.19995933E-03      0.69346185E-16
    2.740271436365         0.27331888E-03      0.13403347E-02     -0.20391151E-11      0.82857531E-08     -0.12605511E-16      0.19995938E-03      0.69267141E-16
    2.746542080384         0.25852303E-03      0.13984397E-02     -0.21188339E-11      0.81582949E-08     -0.12360970E-16      0.19995943E-03      0.69189629E-16
    2.752812724403         0.24433861E-03      0.14653724E-02     -0.22055706E-11      0.80613191E-08     -0.12133304E-16      0.19995948E-03      0.69113546E-16
    2.759083368422         0.23075149E-03      0.15321868E-02     -0.22986584E-11      0.79420767E-08     -0.11915075E-16      0.19995953E-03      0.69038831E-16
    2.765354012441         0.21774722E-03      0.16015231E-02     -0.23967878E-11      0.78158778E-08     -0.11696990E-16      0.19995958E-03      0.68965483E-16
    2.771624656460         0.20531113E-03      0.16732171E-02     -0.24982454E-11      0.76819776E-08     -0.11469800E-16      0.19995963E-03      0.68893560E-16
    2.777895300480         0.19342833E-03      0.17497782E-02     -0.26079520E-11      0.75514416E-08     -0.11255025E-16      0.19995967E-03      0.68822984E-16
    2.784165944499         0.18208374E-03      0.18322537E-02     -0.27198994E-11      0.74268448E-08     -0.11024821E-16      0.19995972E-03      0.68753851E-16
    2.790436588518         0.17126219E-03      0.19219818E-02     -0.28420946E-11      0.73110758E-08     -0.10811116E-16      0.19995977E-03      0.68686058E-16
    2.796707232537         0.16094837E-03      0.20138981E-02     -0.29718821E-11      0.71832294E-08     -0.10600194E-16      0.19995981E-03      0.68619588E-16
    2.802977876556         0.15112692E-03      0.21132531E-02     -0.31032827E-11      0.70618150E-08     -0.10370177E-16      0.19995986E-03      0.68554560E-16
    2.809248520575         0.14178245E-03      0.22109453E-02     -0.32488814E-11      0.69159682E-08     -0.10162694E-16      0.19995990E-03      0.68490834E-16
    2.815519164594         0.13289958E-03      0.23099745E-02     -0.34004057E-11      0.67579502E-08     -0.99480631E-17      0.19995994E-03      0.68428453E-16
    2.821789808614         0.12446296E-03      0.24241076E-02     -0.35603060E-11      0.66268941E-08     -0.97329717E-17      0.19995998E-03      0.68367421E-16
    2.828060452633         0.11645730E-03      0.25372883E-02     -0.37292851E-11      0.64757565E-08     -0.95180127E-17      0.19996002E-03      0.68307737E-16
    2.834331096652         0.10886740E-03      0.26522625E-02     -0.39112402E-11      0.63140271E-08     -0.93111734E-17      0.19996006E-03      0.68249350E-16
    2.840601740671         0.10167818E-03      0.27830045E-02     -0.41127782E-11      0.61741049E-08     -0.91242121E-17      0.19996010E-03      0.68192135E-16
    2.846872384690         0.94874717E-04      0.29186367E-02     -0.43172620E-11      0.60284436E-08     -0.89173041E-17      0.19996014E-03      0.68136218E-16
    2.853143028709         0.88442244E-04      0.30830755E-02     -0.45321860E-11      0.59232908E-08     -0.87073623E-17      0.19996018E-03      0.68081617E-16
    2.859413672728         0.82366191E-04      0.32567048E-02     -0.47500206E-11      0.58142415E-08     -0.84802794E-17      0.19996021E-03      0.68028440E-16
    2.865684316748         0.76632201E-04      0.34202389E-02     -0.49930903E-11      0.56686816E-08     -0.82755154E-17      0.19996025E-03      0.67976548E-16
    2.871954960767         0.71226148E-04      0.35928077E-02     -0.52465099E-11      0.55225351E-08     -0.80644548E-17      0.19996028E-03      0.67925978E-16
    2.878225604786         0.66134162E-04      0.37622356E-02     -0.55279092E-11      0.53578392E-08     -0.78723536E-17      0.19996032E-03      0.67876614E-16
    2.884496248805         0.61342637E-04      0.39203467E-02     -0.58150141E-11      0.51672517E-08     -0.76645367E-17      0.19996035E-03      0.67828552E-16
    2.890766892824         0.56838253E-04      0.40829297E-02     -0.61276237E-11      0.49755629E-08     -0.74672796E-17      0.19996038E-03      0.67781727E-16
    2.897037536843         0.52607990E-04      0.42821900E-02     -0.64412382E-11      0.48195467E-08     -0.72495261E-17      0.19996041E-03      0.67736268E-16
    2.903308180862         0.48639135E-04      0.45359215E-02     -0.67904688E-11      0.47097831E-08     -0.70507471E-17      0.19996044E-03      0.67692055E-16
    2.909578824882         0.44919301E-04      0.47861738E-02     -0.71601046E-11      0.45796681E-08     -0.68511725E-17      0.19996047E-03      0.67649094E-16
    2.915849468901         0.41436430E-04      0.50394166E-02     -0.75587060E-11      0.44385403E-08     -0.66574415E-17      0.19996050E-03      0.67607348E-16
    2.922120112920         0.38178807E-04      0.52979789E-02     -0.79733640E-11      0.42901966E-08     -0.64566695E-17      0.19996052E-03      0.67566860E-16
    2.928390756939         0.35135065E-04      0.55341208E-02     -0.84155284E-11      0.41153146E-08     -0.62580034E-17      0.19996055E-03      0.67527619E-16
    2.934661400958         0.32294190E-04      0.57821322E-02     -0.88914662E-11      0.39436383E-08     -0.60643247E-17      0.19996057E-03      0.67489591E-16
    2.940932044977         0.29645528E-04      0.60702862E-02     -0.93824339E-11      0.37925039E-08     -0.58618187E-17      0.19996060E-03      0.67452834E-16
    2.947202688996         0.27178789E-04      0.63557241E-02     -0.99241109E-11      0.36326856E-08     -0.56722371E-17      0.19996062E-03      0.67417265E-16
    2.953473333016         0.24884049E-04      0.66651825E-02     -0.10461415E-10      0.34805086E-08     -0.54628729E-17      0.19996064E-03      0.67383010E-16
    2.959743977035         0.22751750E-04      0.69830355E-02     -0.11050497E-10      0.33269601E-08     -0.52648398E-17      0.19996066E-03      0.67349996E-16
    2.966014621054         0.20772707E-04      0.72758937E-02     -0.11674196E-10      0.31582669E-08     -0.50674498E-17      0.19996068E-03      0.67318219E-16
    2.972285265073         0.18938099E-04      0.75648668E-02     -0.12377030E-10      0.29873757E-08     -0.48877051E-17      0.19996070E-03      0.67287570E-16
    2.978555909092         0.17239474E-04      0.79143267E-02     -0.13083589E-10      0.28390622E-08     -0.46934029E-17      0.19996072E-03      0.67258140E-16
    2.984826553111         0.15668749E-04      0.82468184E-02     -0.13853367E-10      0.26831462E-08     -0.45072666E-17      0.19996074E-03      0.67229876E-16
    2.991097197130         0.14218202E-04      0.85220810E-02     -0.14697340E-10      0.25107443E-08     -0.43300764E-17      0.19996075E-03      0.67202724E-16
    2.997367841150         0.12880472E-04      0.87765173E-02     -0.15546489E-10      0.23375269E-08     -0.41406328E-17      0.19996077E-03      0.67176760E-16
    3.003638485169         0.11648555E-04      0.90863125E-02     -0.16458775E-10      0.21840106E-08     -0.39560755E-17      0.19996078E-03      0.67151952E-16
    3.009909129188         0.10515802E-04      0.94141026E-02     -0.17360881E-10      0.20384995E-08     -0.37592693E-17      0.19996079E-03      0.67128379E-16
    3.016179773207         0.94759108E-05      0.96923908E-02     -0.18321331E-10      0.18872843E-08     -0.35674955E-17      0.19996081E-03      0.67106009E-16
    3.022450417226         0.85229237E-05      0.98664872E-02     -0.19370202E-10      0.17243866E-08     -0.33853707E-17      0.19996082E-03      0.67084780E-16
    3.028721061245         0.76512216E-05      0.99495569E-02     -0.20443019E-10      0.15578223E-08     -0.32008050E-17      0.19996083E-03      0.67064709E-16
    3.034991705264         0.68555186E-05      0.99840236E-02     -0.21529841E-10      0.13977551E-08     -0.30141601E-17      0.19996084E-03      0.67045809E-16
    3.041262349284         0.61308563E-05      0.99063039E-02     -0.22672037E-10      0.12377176E-08     -0.28326993E-17      0.19996084E-03      0.67028046E-16
    3.047532993303         0.54725985E-05      0.96510472E-02     -0.23805268E-10      0.10741435E-08     -0.26494817E-17      0.19996085E-03      0.67011432E-16
    3.053803637322         0.48764252E-05      0.91041990E-02     -0.24901774E-10      0.90104167E-09     -0.24645261E-17      0.19996086E-03      0.66995978E-16
    3.060074281341         0.43383269E-05      0.83460063E-02     -0.26054656E-10      0.73335066E-09     -0.22893823E-17      0.19996086E-03      0.66981622E-16
    3.066344925360         0.38545993E-05      0.69417533E-02     -0.27045068E-10      0.54084160E-09     -0.21071187E-17      0.19996086E-03      0.66968409E-16
    3.072615569379         0.34218375E-05      0.52303218E-02     -0.27909756E-10      0.36101250E-09     -0.19264151E-17      0.19996087E-03      0.66956329E-16
    3.078886213398         0.30369306E-05      0.28019428E-02     -0.28637743E-10      0.17129440E-09     -0.17507442E-17      0.19996087E-03      0.66945351E-16
    3.085156857418         0.26970571E-05     -0.62220194E-04     -0.28913714E-10     -0.33712187E-11     -0.15666048E-17      0.19996087E-03      0.66935527E-16
    3.091427501437         0.23996797E-05     -0.56523314E-02     -0.28744128E-10     -0.27193462E-09     -0.13828849E-17      0.19996087E-03      0.66926855E-16
    3.097698145456         0.21425409E-05     -0.11349095E-01     -0.28346524E-10     -0.48651243E-09     -0.12151574E-17      0.19996086E-03      0.66919236E-16
    3.103968789475         0.19236591E-05     -0.21795780E-01     -0.27060832E-10     -0.83719351E-09     -0.10394284E-17      0.19996086E-03      0.66912718E-16
    3.110239433494         0.17413245E-05     -0.30833305E-01     -0.24879534E-10     -0.10699134E-08     -0.86331801E-18      0.19996085E-03      0.66907304E-16
    3.116510077513         0.15940962E-05     -0.56777084E-01     -0.21839667E-10     -0.17999555E-08     -0.69236434E-18      0.19996084E-03      0.66902962E-16
    3.122780721532         0.14807994E-05     -0.71042140E-01     -0.17325290E-10     -0.20879180E-08     -0.50918771E-18      0.19996083E-03      0.66899770E-16
    3.129051365552         0.14005224E-05     -0.24536003E+00     -0.10798086E-10     -0.68065002E-08     -0.29954828E-18      0.19996078E-03      0.66897891E-16
    3.135322009571         0.13526158E-05     -0.12778355E+00     -0.30116110E-11     -0.34167242E-08     -0.80525577E-19      0.19996076E-03      0.66897386E-16
