 
 # Omega; pulse ft; projected flux at t=    200.250000000000     
    0.000000000000         0.32424486E-08      0.00000000E+00      0.00000000E+00     -0.59002460E-02     -0.11752752E-15
    0.015668791290         0.10964870E-06     -0.13120882E+04     -0.43246333E-10     -0.35756381E-02     -0.11785278E-15
    0.031337582579         0.43337014E-06     -0.16182215E+03     -0.21864979E-10     -0.87147314E-03     -0.11775113E-15
    0.047006373869         0.98799011E-06     -0.45042614E+02     -0.14343584E-10     -0.36867355E-03     -0.11740215E-15
    0.062675165159         0.17963946E-05     -0.17088422E+02     -0.10612139E-10     -0.19073516E-03     -0.11844909E-15
    0.078343956449         0.28911298E-05     -0.74024293E+01     -0.81974208E-11     -0.10637973E-03     -0.11780450E-15
    0.094012747738         0.43148763E-05     -0.32646306E+01     -0.65764771E-11     -0.58349641E-04     -0.11754319E-15
    0.109681539028         0.61210155E-05     -0.12372467E+01     -0.54112029E-11     -0.26888636E-04     -0.11759973E-15
    0.125350330318         0.83742565E-05     -0.12923901E+00     -0.45217268E-11     -0.33623037E-05     -0.11763800E-15
    0.141019121608         0.11151287E-04      0.55009655E+00     -0.38257975E-11      0.16939807E-04     -0.11781254E-15
    0.156687912897         0.14541411E-04      0.10546883E+01     -0.32557392E-11      0.38116914E-04     -0.11766389E-15
    0.172356704187         0.18647120E-04      0.16813026E+01     -0.27982507E-11      0.70835671E-04     -0.11789428E-15
    0.188025495477         0.23584570E-04      0.30314988E+01     -0.24039060E-11      0.14807821E-03     -0.11742248E-15
    0.203694286766         0.29483904E-04      0.57073702E+01     -0.20809358E-11      0.32171012E-03     -0.11729712E-15
    0.219363078056         0.36489373E-04      0.95662282E+01     -0.17793820E-11      0.61967811E-03     -0.11526424E-15
    0.235031869346         0.44759239E-04      0.13360176E+02     -0.15973604E-11      0.99081061E-03     -0.11846264E-15
    0.250700660636         0.54465379E-04      0.15838575E+02     -0.13625676E-11      0.13399966E-02     -0.11527780E-15
    0.266369451925         0.65792604E-04      0.17416656E+02     -0.11533917E-11      0.16752513E-02     -0.11094099E-15
    0.282038243215         0.78937621E-04      0.18969029E+02     -0.10977009E-11      0.20674912E-02     -0.11964171E-15
    0.297707034505         0.94107649E-04      0.20193138E+02     -0.92566665E-12      0.24857770E-02     -0.11394965E-15
    0.313375825794         0.11151866E-03      0.20862545E+02     -0.76905816E-12      0.28911585E-02     -0.10657707E-15
    0.329044617084         0.13139326E-03      0.21293175E+02     -0.92869620E-12      0.33111683E-02     -0.14441573E-15
    0.344713408374         0.15395814E-03      0.21512197E+02     -0.79977883E-12      0.37415520E-02     -0.13910314E-15
    0.360382199664         0.17944129E-03      0.21483214E+02     -0.67880866E-12      0.41656314E-02     -0.13162214E-15
    0.376050990953         0.20806873E-03      0.21257146E+02     -0.56910220E-12      0.45802329E-02     -0.12262327E-15
    0.391719782243         0.24006107E-03      0.20813713E+02     -0.46747337E-12      0.49672766E-02     -0.11156440E-15
    0.407388573533         0.27562974E-03      0.20293421E+02     -0.37446556E-12      0.53468137E-02     -0.98662398E-16
    0.423057364823         0.31497306E-03      0.19683025E+02     -0.29018523E-12      0.57067458E-02     -0.84134089E-16
    0.438726156112         0.35827208E-03      0.18968868E+02     -0.21478742E-12      0.60323066E-02     -0.68304737E-16
    0.454394947402         0.40568646E-03      0.18278690E+02     -0.40539096E-12      0.63551328E-02     -0.14094628E-15
    0.470063738692         0.45735023E-03      0.17443732E+02     -0.33479691E-12      0.66092793E-02     -0.12685165E-15
    0.485732529981         0.51336767E-03      0.16732206E+02     -0.26974684E-12      0.68866351E-02     -0.11102230E-15
    0.501401321271         0.57380931E-03      0.15880373E+02     -0.21213977E-12      0.70772635E-02     -0.94542429E-16
    0.517070112561         0.63870815E-03      0.14409172E+02     -0.16498550E-12      0.69312984E-02     -0.79363599E-16
    0.532738903851         0.70805623E-03      0.13374016E+02     -0.12065821E-12      0.69220974E-02     -0.62450045E-16
    0.548407695140         0.78180143E-03      0.12879920E+02     -0.80071629E-13      0.71503717E-02     -0.44452289E-16
    0.564076486430         0.85984493E-03      0.12239100E+02     -0.21771174E-12      0.72653101E-02     -0.12923690E-15
    0.579745277720         0.94203900E-03      0.11651515E+02     -0.17750714E-12      0.73728704E-02     -0.11232335E-15
    0.595414069010         0.10281855E-02      0.11076703E+02     -0.14058916E-12      0.74487851E-02     -0.94542429E-16
    0.611082860299         0.11180349E-02      0.10519030E+02     -0.10895458E-12      0.74946870E-02     -0.77628876E-16
    0.626751651589         0.12112861E-02      0.10005797E+02     -0.79519854E-13      0.75305285E-02     -0.59847960E-16
    0.642420442879         0.13075868E-02      0.94838364E+01     -0.18876247E-12      0.75172288E-02     -0.14961990E-15
    0.658089234168         0.14065349E-02      0.90108683E+01     -0.28657921E-12      0.74998903E-02     -0.23852448E-15
    0.673758025458         0.15076802E-02      0.85404934E+01     -0.13238052E-12      0.74423619E-02     -0.11535911E-15
    0.689426816748         0.16105273E-02      0.81115009E+01     -0.22310723E-12      0.73791049E-02     -0.20296265E-15
    0.705095608038         0.17145389E-02      0.76959406E+01     -0.86100610E-13      0.72875843E-02     -0.81532003E-16
    0.720764399327         0.18191400E-02      0.73042741E+01     -0.16943618E-12      0.71791396E-02     -0.16653345E-15
    0.736433190617         0.19237225E-02      0.69385234E+01     -0.48600808E-13      0.70582767E-02     -0.49439619E-16
    0.752101981907         0.20276510E-02      0.65835936E+01     -0.12681471E-12      0.69119730E-02     -0.13314003E-15
    0.767770773197         0.21302682E-02      0.62625231E+01     -0.19707271E-12      0.67666639E-02     -0.21293731E-15
    0.783439564486         0.22309019E-02      0.59434199E+01     -0.91514226E-13      0.65907361E-02     -0.10148132E-15
    0.799108355776         0.23288711E-02      0.56579082E+01     -0.15667215E-12      0.64212299E-02     -0.17780916E-15
    0.814777147066         0.24234939E-02      0.53760348E+01     -0.63274880E-13      0.62271269E-02     -0.73292067E-16
    0.830445938355         0.25140943E-02      0.51157360E+01     -0.12470309E-12      0.60311601E-02     -0.14701781E-15
    0.846114729645         0.26000094E-02      0.48694972E+01     -0.41314919E-13      0.58270980E-02     -0.49439619E-16
    0.861783520935         0.26805976E-02      0.46340125E+01     -0.97741035E-13      0.56132345E-02     -0.11839488E-15
    0.877452312225         0.27552450E-02      0.44342623E+01     -0.23762155E-13      0.54222635E-02     -0.29056618E-16
    0.893121103514         0.28233730E-02      0.42327034E+01     -0.76092799E-13      0.52107267E-02     -0.93675068E-16
    0.908789894804         0.28844451E-02      0.40807564E+01     -0.12561224E-12      0.50438481E-02     -0.15525775E-15
    0.924458686094         0.29379726E-02      0.39018342E+01     -0.17047878E-12      0.48289374E-02     -0.21098574E-15
    0.940127477383         0.29835211E-02      0.37229920E+01     -0.10492441E-12      0.46010507E-02     -0.12967058E-15
    0.955796268673         0.30207155E-02      0.33068413E+01     -0.14394457E-12      0.40698687E-02     -0.17715863E-15
    0.971465059963         0.30492444E-02      0.29945279E+01     -0.90296405E-13      0.36602939E-02     -0.11037178E-15
    0.987133851253         0.30688638E-02      0.38080340E+01     -0.13504779E-12      0.46102549E-02     -0.16349769E-15
    1.002802642542         0.30794005E-02      0.45319302E+01     -0.68179665E-13      0.54194656E-02     -0.81532003E-16
    1.018471433832         0.30807537E-02      0.39362199E+01     -0.12075731E-12      0.46367111E-02     -0.14224733E-15
    1.034140225122         0.30728968E-02      0.29430681E+01     -0.68210395E-13      0.34055825E-02     -0.78929918E-16
    1.049809016412         0.30558772E-02      0.22039161E+01     -0.10501817E-12      0.24982920E-02     -0.11904540E-15
    1.065477807701         0.30298164E-02      0.18570649E+01     -0.76563642E-13      0.20564660E-02     -0.84784610E-16
    1.081146598991         0.29949078E-02      0.17719805E+01     -0.10241488E-12      0.19115266E-02     -0.11048020E-15
    1.096815390281         0.29514152E-02      0.17059933E+01     -0.77080979E-13      0.17877083E-02     -0.80773062E-16
    1.112484181570         0.28996694E-02      0.16269908E+01     -0.14804588E-12      0.16514380E-02     -0.15027042E-15
    1.128152972860         0.28400639E-02      0.16402199E+01     -0.12485949E-12      0.16079952E-02     -0.12240643E-15
    1.143821764150         0.27730509E-02      0.17141969E+01     -0.15066837E-12      0.16183883E-02     -0.14224733E-15
    1.159490555440         0.26991358E-02      0.16214245E+01     -0.12725411E-12      0.14698628E-02     -0.11535911E-15
    1.175159346729         0.26188713E-02      0.14991178E+01     -0.15154134E-12      0.13009952E-02     -0.13151372E-15
    1.190828138019         0.25328511E-02      0.14349779E+01     -0.13259789E-12      0.11885798E-02     -0.10982968E-15
    1.206496929309         0.24417034E-02      0.13696657E+01     -0.15765424E-12      0.10794531E-02     -0.12424957E-15
    1.222165720599         0.23460834E-02      0.12885173E+01     -0.14329509E-12      0.96322143E-03     -0.10711917E-15
    1.237834511888         0.22466669E-02      0.11961648E+01     -0.16789100E-12      0.84545334E-03     -0.11866593E-15
    1.253503303178         0.21441421E-02      0.11236383E+01     -0.15918367E-12      0.74847478E-03     -0.10603497E-15
    1.269172094468         0.20392031E-02      0.10529320E+01     -0.18436963E-12      0.65881402E-03     -0.11535911E-15
    1.284840885757         0.19325423E-02      0.99933465E+00     -0.20879359E-12      0.58534666E-03     -0.12229801E-15
    1.300509677047         0.18248433E-02      0.94016683E+00     -0.18125262E-12      0.51373536E-03     -0.99041868E-16
    1.316178468337         0.17167746E-02      0.87827354E+00     -0.25949770E-12      0.44611912E-03     -0.13181188E-15
    1.331847259627         0.16089830E-02      0.84502054E+00     -0.23944526E-12      0.39754550E-03     -0.11264861E-15
    1.347516050916         0.15020878E-02      0.87409744E+00     -0.26949320E-12      0.37944057E-03     -0.11698541E-15
    1.363184842206         0.13966754E-02      0.90713983E+00     -0.30549907E-12      0.36194077E-03     -0.12189143E-15
    1.378853633496         0.12932946E-02      0.89866701E+00     -0.34231971E-12      0.32824690E-03     -0.12503562E-15
    1.394522424785         0.11924522E-02      0.87386714E+00     -0.33283530E-12      0.29099359E-03     -0.11083257E-15
    1.410191216075         0.10946098E-02      0.83113912E+00     -0.37975178E-12      0.25123353E-03     -0.11478991E-15
    1.425860007365         0.10001807E-02      0.78003767E+00     -0.43337021E-12      0.21307855E-03     -0.11838132E-15
    1.441528798655         0.90952796E-03      0.72260461E+00     -0.48858563E-12      0.17754809E-03     -0.12004829E-15
    1.457197589944         0.82296262E-03      0.69106902E+00     -0.51380458E-12      0.15198672E-03     -0.11300097E-15
    1.472866381234         0.74074333E-03      0.67282150E+00     -0.58797513E-12      0.13177311E-03     -0.11515582E-15
    1.488535172524         0.66307610E-03      0.66113160E+00     -0.67574754E-12      0.11468714E-03     -0.11722258E-15
    1.504203963814         0.59011483E-03      0.65503019E+00     -0.77487357E-12      0.10007225E-03     -0.11838132E-15
    1.519872755103         0.52196262E-03      0.65024639E+00     -0.89221654E-12      0.86962630E-04     -0.11932323E-15
    1.535541546393         0.45867341E-03      0.63938747E+00     -0.10262025E-11      0.74375288E-04     -0.11937066E-15
    1.551210337683         0.40025437E-03      0.62734647E+00     -0.11625575E-11      0.63036979E-04     -0.11681601E-15
    1.566879128972         0.34666855E-03      0.62718915E+00     -0.13528670E-11      0.54038095E-04     -0.11656190E-15
    1.582547920262         0.29783814E-03      0.63185907E+00     -0.16113111E-11      0.46309085E-04     -0.11809333E-15
    1.598216711552         0.25364785E-03      0.65477103E+00     -0.19132321E-11      0.40467607E-04     -0.11824580E-15
    1.613885502842         0.21394880E-03      0.67982830E+00     -0.22653413E-11      0.35096105E-04     -0.11694814E-15
    1.629554294131         0.17856242E-03      0.71912356E+00     -0.27343522E-11      0.30686495E-04     -0.11668048E-15
    1.645223085421         0.14728458E-03      0.78012605E+00     -0.34150797E-11      0.27196926E-04     -0.11905726E-15
    1.660891876711         0.11988983E-03      0.87601953E+00     -0.41974728E-11      0.24625061E-04     -0.11799169E-15
    1.676560668001         0.96135559E-04      0.97652095E+00     -0.53016164E-11      0.21805643E-04     -0.11838471E-15
    1.692229459290         0.75766166E-04      0.10807113E+01     -0.67246057E-11      0.18842924E-04     -0.11724799E-15
    1.707898250580         0.58517107E-04      0.12319323E+01     -0.88182857E-11      0.16437291E-04     -0.11765965E-15
    1.723567041870         0.44118776E-04      0.14774243E+01     -0.11779339E-10      0.14727297E-04     -0.11741910E-15
    1.739235833159         0.32300184E-04      0.18779429E+01     -0.16346094E-10      0.13581616E-04     -0.11821785E-15
    1.754904624449         0.22792383E-04      0.24818839E+01     -0.23165697E-10      0.12552789E-04     -0.11716668E-15
    1.770573415739         0.15331613E-04      0.35228908E+01     -0.34871573E-10      0.11879431E-04     -0.11758935E-15
    1.786242207029         0.96621339E-05      0.53501756E+01     -0.55777104E-10      0.11269984E-04     -0.11749279E-15
    1.801910998318         0.55387214E-05      0.87228230E+01     -0.98423907E-10      0.10441329E-04     -0.11781466E-15
    1.817579789608         0.27288170E-05      0.16523357E+02     -0.20181534E-09      0.96605481E-05     -0.11799338E-15
    1.833248580898         0.10143196E-05      0.42914857E+02     -0.54605837E-09      0.92466337E-05     -0.11765626E-15
    1.848917372188         0.19301761E-06      0.21871389E+03     -0.28907009E-08      0.88915674E-05     -0.11751820E-15
    1.864586163477         0.79666251E-07      0.51430196E+03     -0.70844558E-08      0.85572191E-05     -0.11787480E-15
    1.880254954767         0.50671812E-06      0.80764147E+02     -0.11127748E-08      0.84759979E-05     -0.11678297E-15
    1.895923746057         0.13247231E-05      0.32126390E+02     -0.43093327E-09      0.87415550E-05     -0.11725646E-15
    1.911592537346         0.24024158E-05      0.18342158E+02     -0.24130978E-09      0.89768880E-05     -0.11810011E-15
    1.927261328636         0.36265145E-05      0.11865562E+02     -0.16073227E-09      0.86948014E-05     -0.11778078E-15
    1.942930119926         0.49012571E-05      0.90242634E+01     -0.11954593E-09      0.88651197E-05     -0.11743773E-15
    1.958598911216         0.61477036E-05      0.77008000E+01     -0.95841008E-10      0.94129510E-05     -0.11714974E-15
    1.974267702505         0.73028364E-05      0.64266606E+01     -0.81477252E-10      0.92574939E-05     -0.11736658E-15
    1.989936493795         0.83184897E-05      0.57646472E+01     -0.72130208E-10      0.93842710E-05     -0.11742079E-15
    2.005605285085         0.91601420E-05      0.53449654E+01     -0.65733721E-10      0.95065773E-05     -0.11691426E-15
    2.021274076374         0.98056032E-05      0.47195482E+01     -0.62913238E-10      0.89160413E-05     -0.11885397E-15
    2.036942867664         0.10243630E-04      0.44205346E+01     -0.60263830E-10      0.86570985E-05     -0.11801964E-15
    2.052611658954         0.10472498E-04      0.41849413E+01     -0.59504272E-10      0.83148685E-05     -0.11822632E-15
    2.068280450244         0.10498564E-04      0.38944415E+01     -0.59138379E-10      0.76981824E-05     -0.11689944E-15
    2.083949241533         0.10334843E-04      0.37932227E+01     -0.61532966E-10      0.73256748E-05     -0.11883576E-15
    2.099618032823         0.99996220E-05      0.35989173E+01     -0.63464908E-10      0.66747914E-05     -0.11770624E-15
    2.115286824113         0.95151388E-05      0.33919096E+01     -0.67355351E-10      0.59417268E-05     -0.11798872E-15
    2.130955615403         0.89063415E-05      0.33784568E+01     -0.71579677E-10      0.54987738E-05     -0.11650303E-15
    2.146624406692         0.81997437E-05      0.35516504E+01     -0.79007461E-10      0.52831989E-05     -0.11752624E-15
    2.162293197982         0.74223908E-05      0.39487082E+01     -0.88016651E-10      0.52784550E-05     -0.11765669E-15
    2.177961989272         0.66009450E-05      0.44187882E+01     -0.10017064E-09      0.52153270E-05     -0.11822759E-15
    2.193630780561         0.57608965E-05      0.48217103E+01     -0.11508594E-09      0.49311725E-05     -0.11769862E-15
    2.209299571851         0.49259042E-05      0.54030681E+01     -0.13556292E-09      0.46913122E-05     -0.11770497E-15
    2.224968363141         0.41172657E-05      0.63496811E+01     -0.16377231E-09      0.45757207E-05     -0.11801795E-15
    2.240637154431         0.33535162E-05      0.75993673E+01     -0.20287079E-09      0.44292363E-05     -0.11824178E-15
    2.256305945720         0.26501495E-05      0.94324426E+01     -0.25690736E-09      0.43143870E-05     -0.11750909E-15
    2.271974737010         0.20194561E-05      0.12167965E+02     -0.34075608E-09      0.42118355E-05     -0.11794976E-15
    2.287643528300         0.14704692E-05      0.16348753E+02     -0.46978903E-09      0.40923689E-05     -0.11759613E-15
    2.303312319590         0.10090088E-05      0.23342877E+02     -0.68929832E-09      0.39821632E-05     -0.11759041E-15
    2.318981110879         0.63781185E-06      0.36338247E+02     -0.10990442E-08      0.38920812E-05     -0.11771535E-15
    2.334649902169         0.35673748E-06      0.64157289E+02     -0.19860865E-08      0.38176448E-05     -0.11818100E-15
    2.350318693459         0.16303377E-06      0.13863416E+03     -0.43589705E-08      0.37449291E-05     -0.11774901E-15
    2.365987484748         0.51653227E-07      0.43232590E+03     -0.13853834E-07      0.36755202E-05     -0.11778163E-15
    2.381656276038         0.15604243E-07      0.14130258E+04     -0.46192432E-07      0.36052571E-05     -0.11785743E-15
    2.397325067328         0.46325825E-07      0.47047666E+03     -0.15655259E-07      0.35404370E-05     -0.11780915E-15
    2.412993858618         0.13407364E-06      0.16085759E+03     -0.54480376E-08      0.34805774E-05     -0.11788263E-15
    2.428662649907         0.26830611E-06      0.79557108E+02     -0.27511443E-08      0.34226690E-05     -0.11835845E-15
    2.444331441197         0.43806030E-06      0.48225205E+02     -0.16871478E-08      0.33656614E-05     -0.11774690E-15
    2.460000232487         0.63230847E-06      0.33126212E+02     -0.11865058E-08      0.33157989E-05     -0.11876440E-15
    2.475669023776         0.84028743E-06      0.24787198E+02     -0.89381773E-09      0.32763121E-05     -0.11814267E-15
    2.491337815066         0.10517940E-05      0.19636081E+02     -0.72079950E-09      0.32283115E-05     -0.11850457E-15
    2.507006606356         0.12574416E-05      0.16253004E+02     -0.60391376E-09      0.31745964E-05     -0.11795866E-15
    2.522675397646         0.14488737E-05      0.13977714E+02     -0.52868943E-09      0.31262799E-05     -0.11824760E-15
    2.538344188935         0.16189324E-05      0.12405634E+02     -0.46979512E-09      0.30811987E-05     -0.11668345E-15
    2.554012980225         0.17617801E-05      0.11306868E+02     -0.43950838E-09      0.30373403E-05     -0.11806422E-15
    2.569681771515         0.18729750E-05      0.10549753E+02     -0.41356643E-09      0.29944527E-05     -0.11738712E-15
    2.585350562805         0.19495017E-05      0.10057081E+02     -0.40203684E-09      0.29532396E-05     -0.11805723E-15
    2.601019354094         0.19897592E-05      0.97749858E+01     -0.39038448E-09      0.29120285E-05     -0.11629794E-15
    2.616688145384         0.19935086E-05      0.96879627E+01     -0.39607882E-09      0.28742275E-05     -0.11750877E-15
    2.632356936674         0.19617860E-05      0.97763600E+01     -0.40386479E-09      0.28373087E-05     -0.11721020E-15
    2.648025727963         0.18967851E-05      0.10039757E+02     -0.42269937E-09      0.28005394E-05     -0.11790984E-15
    2.663694519253         0.18017127E-05      0.10496659E+02     -0.44577153E-09      0.27648701E-05     -0.11741835E-15
    2.679363310543         0.16806253E-05      0.11181581E+02     -0.48202382E-09      0.27312725E-05     -0.11774171E-15
    2.695032101833         0.15382506E-05      0.12142531E+02     -0.52701412E-09      0.26989505E-05     -0.11714074E-15
    2.710700893122         0.13798004E-05      0.13449243E+02     -0.59740721E-09      0.26659687E-05     -0.11842071E-15
    2.726369684412         0.12107796E-05      0.15234735E+02     -0.67453527E-09      0.26347402E-05     -0.11665613E-15
    2.742038475702         0.10367984E-05      0.17693240E+02     -0.79953704E-09      0.26052577E-05     -0.11772858E-15
    2.757707266992         0.86339043E-06      0.21128354E+02     -0.96109012E-09      0.25760084E-05     -0.11717790E-15
    2.773376058281         0.69584334E-06      0.26083255E+02     -0.12066852E-08      0.25485141E-05     -0.11790148E-15
    2.789044849571         0.53904467E-06      0.33500542E+02     -0.15481833E-08      0.25214110E-05     -0.11652368E-15
    2.804713640861         0.39734689E-06      0.45237424E+02     -0.21412537E-08      0.24957535E-05     -0.11813320E-15
    2.820382432150         0.27445440E-06      0.65219904E+02     -0.30925721E-08      0.24715244E-05     -0.11719378E-15
    2.836051223440         0.17333448E-06      0.10277471E+03     -0.49454837E-08      0.24461310E-05     -0.11770698E-15
    2.851720014730         0.96153530E-07      0.18435723E+03     -0.89251887E-08      0.24207005E-05     -0.11719209E-15
    2.867388806020         0.44239453E-07      0.39890282E+03     -0.19665609E-07      0.23966952E-05     -0.11815527E-15
    2.883057597309         0.18070056E-07      0.97259552E+03     -0.47959183E-07      0.23738921E-05     -0.11705784E-15
    2.898726388599         0.17286808E-07      0.10130081E+04     -0.50869286E-07      0.23525728E-05     -0.11813696E-15
    2.914395179889         0.40732707E-07      0.42849325E+03     -0.21418475E-07      0.23321762E-05     -0.11657513E-15
    2.930063971179         0.86512361E-07      0.20110690E+03     -0.10255450E-07      0.23123341E-05     -0.11791752E-15
    2.945732762468         0.15207195E-06      0.11403616E+03     -0.57980563E-08      0.22925611E-05     -0.11656301E-15
    2.961401553758         0.23429629E-06      0.73757931E+02     -0.38027474E-08      0.22724764E-05     -0.11716236E-15
    2.977070345048         0.32961975E-06      0.52256497E+02     -0.26874637E-08      0.22531337E-05     -0.11587487E-15
    2.992739136337         0.43414786E-06      0.39536412E+02     -0.20875159E-08      0.22335136E-05     -0.11792914E-15
    3.008407927627         0.54378569E-06      0.31462023E+02     -0.16598343E-08      0.22146252E-05     -0.11683644E-15
    3.024076718917         0.65436958E-06      0.26078252E+02     -0.14050831E-08      0.21975123E-05     -0.11840086E-15
    3.039745510207         0.76179852E-06      0.22361433E+02     -0.12016308E-08      0.21823534E-05     -0.11727259E-15
    3.055414301496         0.86216133E-06      0.19727473E+02     -0.10700646E-08      0.21677662E-05     -0.11758474E-15
    3.071083092786         0.95185662E-06      0.17817742E+02     -0.97634238E-09      0.21505778E-05     -0.11784323E-15
    3.086751884076         0.10277019E-05      0.16460633E+02     -0.90961884E-09      0.21341971E-05     -0.11793628E-15
    3.102420675365         0.10870294E-05      0.15525231E+02     -0.85588115E-09      0.21183671E-05     -0.11678219E-15
    3.118089466655         0.11277658E-05      0.14928168E+02     -0.83597238E-09      0.21026133E-05     -0.11774564E-15
    3.133758257945         0.11484936E-05      0.14631237E+02     -0.82213656E-09      0.20881741E-05     -0.11733555E-15
    3.149427049235         0.11484936E-05      0.14598111E+02     -0.82744458E-09      0.20730808E-05     -0.11750558E-15
    3.165095840524         0.11277658E-05      0.14839493E+02     -0.84613109E-09      0.20590821E-05     -0.11740653E-15
    3.180764631814         0.10870294E-05      0.15373598E+02     -0.88042827E-09      0.20460103E-05     -0.11717266E-15
    3.196433423104         0.10277019E-05      0.16235484E+02     -0.93727565E-09      0.20327749E-05     -0.11735224E-15
    3.212102214394         0.95185662E-06      0.17509682E+02     -0.10197073E-08      0.20206122E-05     -0.11767393E-15
    3.227771005683         0.86216133E-06      0.19309809E+02     -0.11283698E-08      0.20085672E-05     -0.11737073E-15
    3.243439796973         0.76179852E-06      0.21827195E+02     -0.12991596E-08      0.19964331E-05     -0.11882815E-15
    3.259108588263         0.65436958E-06      0.25387254E+02     -0.14920352E-08      0.19850093E-05     -0.11666105E-15
    3.274777379552         0.54378569E-06      0.30523691E+02     -0.18148370E-08      0.19738111E-05     -0.11735623E-15
    3.290446170842         0.43414786E-06      0.38206966E+02     -0.22823964E-08      0.19631251E-05     -0.11727259E-15
    3.306114962132         0.32961975E-06      0.50296203E+02     -0.30290434E-08      0.19527787E-05     -0.11760433E-15
    3.321783753422         0.23429629E-06      0.70726078E+02     -0.42327061E-08      0.19426572E-05     -0.11626117E-15
    3.337452544711         0.15207195E-06      0.10892807E+03     -0.65917817E-08      0.19328422E-05     -0.11696593E-15
    3.353121336001         0.86512361E-07      0.19142671E+03     -0.11732930E-07      0.19233307E-05     -0.11788483E-15
    3.368790127291         0.40732707E-07      0.40651754E+03     -0.24978741E-07      0.19141287E-05     -0.11761492E-15
    3.384458918581         0.17286808E-07      0.95785441E+03     -0.58959352E-07      0.19052309E-05     -0.11727375E-15
    3.400127709870         0.18070056E-07      0.91645205E+03     -0.56287880E-07      0.18966909E-05     -0.11649350E-15
    3.415796501160         0.44239453E-07      0.37441888E+03     -0.23235830E-07      0.18884176E-05     -0.11719214E-15
    3.431465292450         0.96153530E-07      0.17232877E+03     -0.10895789E-07      0.18804680E-05     -0.11889590E-15
    3.447134083739         0.17333448E-06      0.95642833E+02     -0.60520004E-08      0.18728447E-05     -0.11850817E-15
    3.462802875029         0.27445440E-06      0.60440101E+02     -0.37878287E-08      0.18654781E-05     -0.11691098E-15
    3.478471666319         0.39734689E-06      0.41776854E+02     -0.26458173E-08      0.18584018E-05     -0.11769655E-15
    3.494140457609         0.53904467E-06      0.30821246E+02     -0.19651741E-08      0.18516425E-05     -0.11806141E-15
    3.509809248898         0.69584334E-06      0.23898662E+02     -0.15179217E-08      0.18451178E-05     -0.11719251E-15
    3.525478040188         0.86339043E-06      0.19281302E+02     -0.12219763E-08      0.18388576E-05     -0.11653988E-15
    3.541146831478         0.10367984E-05      0.16075450E+02     -0.10213008E-08      0.18328886E-05     -0.11644654E-15
    3.556815622767         0.12107796E-05      0.13783128E+02     -0.89096932E-09      0.18271495E-05     -0.11811064E-15
    3.572484414057         0.13798004E-05      0.12111432E+02     -0.77942864E-09      0.18216459E-05     -0.11723164E-15
    3.588153205347         0.15382506E-05      0.10880160E+02     -0.69806375E-09      0.18164103E-05     -0.11653966E-15
    3.603821996637         0.16806253E-05      0.99741912E+01     -0.63951686E-09      0.18113726E-05     -0.11614008E-15
    3.619490787926         0.18017127E-05      0.93196232E+01     -0.61059665E-09      0.18065873E-05     -0.11836274E-15
    3.635159579216         0.18967851E-05      0.88684846E+01     -0.57781269E-09      0.18020490E-05     -0.11740978E-15
    3.650828370506         0.19617860E-05      0.85910399E+01     -0.56047517E-09      0.17977467E-05     -0.11728410E-15
    3.666497161796         0.19935086E-05      0.84712895E+01     -0.55104973E-09      0.17936546E-05     -0.11667561E-15
    3.682165953085         0.19897592E-05      0.85054281E+01     -0.55620239E-09      0.17898469E-05     -0.11704492E-15
    3.697834744375         0.19495017E-05      0.87001896E+01     -0.57447367E-09      0.17861889E-05     -0.11794209E-15
    3.713503535665         0.18729750E-05      0.90769188E+01     -0.59912664E-09      0.17828267E-05     -0.11767638E-15
    3.729172326954         0.17617801E-05      0.96730932E+01     -0.63425287E-09      0.17796195E-05     -0.11668747E-15
    3.744841118244         0.16189324E-05      0.10553359E+02     -0.69931277E-09      0.17766775E-05     -0.11773059E-15
    3.760509909534         0.14488737E-05      0.11823153E+02     -0.78355263E-09      0.17739430E-05     -0.11756404E-15
    3.776178700824         0.12574416E-05      0.13660627E+02     -0.90832401E-09      0.17714482E-05     -0.11778734E-15
    3.791847492113         0.10517940E-05      0.16378136E+02     -0.10776043E-08      0.17691589E-05     -0.11640234E-15
    3.807516283403         0.84028743E-06      0.20561437E+02     -0.13714450E-08      0.17671040E-05     -0.11786559E-15
    3.823185074693         0.63230847E-06      0.27408476E+02     -0.18300146E-08      0.17652699E-05     -0.11786389E-15
    3.838853865983         0.43806030E-06      0.39687890E+02     -0.26597848E-08      0.17636519E-05     -0.11819561E-15
    3.854522657272         0.26830611E-06      0.65011013E+02     -0.43046142E-08      0.17622578E-05     -0.11668546E-15
    3.870191448562         0.13407364E-06      0.13053961E+03     -0.87568124E-08      0.17610668E-05     -0.11813526E-15
    3.885860239852         0.46325825E-07      0.37911892E+03     -0.25435141E-07      0.17600864E-05     -0.11808444E-15
    3.901529031141         0.15604243E-07      0.11295826E+04     -0.75417953E-07      0.17593343E-05     -0.11746409E-15
    3.917197822431         0.51653227E-07      0.34250835E+03     -0.22563774E-07      0.17587968E-05     -0.11586606E-15
    3.932866613721         0.16303377E-06      0.10892991E+03     -0.72858057E-08      0.17584825E-05     -0.11761656E-15
    3.948535405011         0.35673748E-06      0.49978124E+02     -0.33255335E-08      0.17583900E-05     -0.11700288E-15
    3.964204196300         0.63781185E-06      0.28066243E+02     -0.18871228E-08      0.17585041E-05     -0.11823860E-15
    3.979872987590         0.10090088E-05      0.17814576E+02     -0.11825786E-08      0.17588297E-05     -0.11675576E-15
    3.995541778880         0.14704692E-05      0.12275955E+02     -0.82048501E-09      0.17593737E-05     -0.11759083E-15
    4.011210570170         0.20194561E-05      0.89777474E+01     -0.59809936E-09      0.17601468E-05     -0.11726134E-15
    4.026879361459         0.26501495E-05      0.68716853E+01     -0.45994266E-09      0.17611144E-05     -0.11787670E-15
    4.042548152749         0.33535162E-05      0.54552865E+01     -0.36658269E-09      0.17623222E-05     -0.11842399E-15
    4.058216944039         0.41172657E-05      0.44640603E+01     -0.29685967E-09      0.17637061E-05     -0.11728632E-15
    4.073885735328         0.49259042E-05      0.37490531E+01     -0.24876735E-09      0.17653111E-05     -0.11713672E-15
    4.089554526618         0.57608965E-05      0.32212978E+01     -0.21461754E-09      0.17671259E-05     -0.11773398E-15
    4.105223317908         0.66009450E-05      0.28254029E+01     -0.18853625E-09      0.17691810E-05     -0.11805564E-15
    4.120892109198         0.74223908E-05      0.25254575E+01     -0.16691029E-09      0.17713941E-05     -0.11707340E-15
    4.136560900487         0.81997437E-05      0.22977579E+01     -0.15124175E-09      0.17737306E-05     -0.11674952E-15
    4.152229691777         0.89063415E-05      0.21266914E+01     -0.14116515E-09      0.17764173E-05     -0.11791472E-15
    4.167898483067         0.95151388E-05      0.20013810E+01     -0.13321078E-09      0.17793046E-05     -0.11842950E-15
    4.183567274356         0.99996220E-05      0.19149216E+01     -0.12570158E-09      0.17824214E-05     -0.11700384E-15
    4.199236065646         0.10334843E-04      0.18631766E+01     -0.12198384E-09      0.17857068E-05     -0.11691183E-15
    4.214904856936         0.10498564E-04      0.18446878E+01     -0.12224609E-09      0.17893181E-05     -0.11857678E-15
    4.230573648226         0.10472498E-04      0.18602993E+01     -0.12203688E-09      0.17933141E-05     -0.11764261E-15
    4.246242439515         0.10243630E-04      0.19130998E+01     -0.12479707E-09      0.17972531E-05     -0.11724005E-15
    4.261911230805         0.98056032E-05      0.20104629E+01     -0.13075417E-09      0.18013103E-05     -0.11715154E-15
    4.277580022095         0.91601420E-05      0.21653566E+01     -0.14129442E-09      0.18057434E-05     -0.11782885E-15
    4.293248813385         0.83184897E-05      0.23992067E+01     -0.15583083E-09      0.18102920E-05     -0.11758024E-15
    4.308917604674         0.73028364E-05      0.27503903E+01     -0.17792150E-09      0.18152659E-05     -0.11742873E-15
    4.324586395964         0.61477036E-05      0.32886442E+01     -0.21193462E-09      0.18205717E-05     -0.11732560E-15
    4.340255187254         0.49012571E-05      0.41521527E+01     -0.26876998E-09      0.18259466E-05     -0.11819402E-15
    4.355923978543         0.36265145E-05      0.56492408E+01     -0.36169522E-09      0.18315626E-05     -0.11726663E-15
    4.371592769833         0.24024158E-05      0.85857672E+01     -0.54819310E-09      0.18374271E-05     -0.11731798E-15
    4.387261561123         0.13247231E-05      0.15678591E+02     -0.99821576E-09      0.18435764E-05     -0.11737579E-15
    4.402930352413         0.50671812E-06      0.41276176E+02     -0.26384559E-08      0.18498930E-05     -0.11824887E-15
    4.418599143702         0.79666251E-07      0.26439910E+03     -0.16706430E-07      0.18564032E-05     -0.11729945E-15
    4.434267934992         0.19301761E-06      0.10992062E+03     -0.69398533E-08      0.18632739E-05     -0.11763805E-15
    4.449936726282         0.10143196E-05      0.21071969E+02     -0.13256158E-08      0.18704609E-05     -0.11766876E-15
    4.465605517572         0.27288170E-05      0.78909142E+01     -0.49521385E-09      0.18777766E-05     -0.11784452E-15
    4.481274308861         0.55387214E-05      0.39169660E+01     -0.24439916E-09      0.18852994E-05     -0.11763329E-15
    4.496943100151         0.96621339E-05      0.22626025E+01     -0.14074171E-09      0.18931563E-05     -0.11776087E-15
    4.512611891441         0.15331613E-04      0.14369524E+01     -0.88452566E-10      0.19011868E-05     -0.11702882E-15
    4.528280682730         0.22792383E-04      0.97425273E+00     -0.59853016E-10      0.19096359E-05     -0.11731809E-15
    4.543949474020         0.32300184E-04      0.69299340E+00     -0.42521882E-10      0.19183292E-05     -0.11770815E-15
    4.559618265310         0.44118776E-04      0.51149037E+00     -0.31265447E-10      0.19273251E-05     -0.11781000E-15
    4.575287056600         0.58517107E-04      0.38882263E+00     -0.23632566E-10      0.19365940E-05     -0.11770582E-15
    4.590955847889         0.75766166E-04      0.30281931E+00     -0.18292140E-10      0.19461589E-05     -0.11755991E-15
    4.606624639179         0.96135559E-04      0.24068669E+00     -0.14411735E-10      0.19560315E-05     -0.11712242E-15
    4.622293430469         0.11988983E-03      0.19465781E+00     -0.11596990E-10      0.19661617E-05     -0.11713661E-15
    4.637962221758         0.14728458E-03      0.15983024E+00     -0.95121351E-11      0.19765671E-05     -0.11763339E-15
    4.653631013048         0.17856242E-03      0.13299973E+00     -0.79095525E-11      0.19873365E-05     -0.11818778E-15
    4.669299804338         0.21394880E-03      0.11199521E+00     -0.65826595E-11      0.19983893E-05     -0.11745785E-15
    4.684968595628         0.25364785E-03      0.95325558E-01     -0.55803942E-11      0.20098165E-05     -0.11765542E-15
    4.700637386917         0.29783814E-03      0.81928627E-01     -0.47604893E-11      0.20215374E-05     -0.11746208E-15
    4.716306178207         0.34666855E-03      0.71045127E-01     -0.41320079E-11      0.20336176E-05     -0.11827587E-15
    4.731974969497         0.40025437E-03      0.62114585E-01     -0.35768209E-11      0.20460195E-05     -0.11781847E-15
    4.747643760787         0.45867341E-03      0.54721806E-01     -0.31058770E-11      0.20587728E-05     -0.11685095E-15
    4.763312552076         0.52196262E-03      0.48554802E-01     -0.27474650E-11      0.20719776E-05     -0.11724249E-15
    4.778981343366         0.59011483E-03      0.43365110E-01     -0.24572713E-11      0.20852791E-05     -0.11816173E-15
    4.794650134656         0.66307610E-03      0.38970904E-01     -0.21692892E-11      0.20987923E-05     -0.11682787E-15
    4.810318925945         0.74074333E-03      0.35235934E-01     -0.19594488E-11      0.21130132E-05     -0.11750338E-15
    4.825987717235         0.82296262E-03      0.32038766E-01     -0.17735616E-11      0.21276109E-05     -0.11777760E-15
    4.841656508525         0.90952796E-03      0.29287984E-01     -0.16153783E-11      0.21425655E-05     -0.11817317E-15
    4.857325299815         0.10001807E-02      0.26910932E-01     -0.14674535E-11      0.21579063E-05     -0.11767066E-15
    4.872994091104         0.10946098E-02      0.24848539E-01     -0.13385890E-11      0.21736361E-05     -0.11709362E-15
    4.888662882394         0.11924522E-02      0.23052488E-01     -0.12337323E-11      0.21897334E-05     -0.11719103E-15
    4.904331673684         0.12932946E-02      0.21484086E-01     -0.11424483E-11      0.22062618E-05     -0.11732126E-15
    4.920000464974         0.13966754E-02      0.20110222E-01     -0.10599471E-11      0.22231550E-05     -0.11717557E-15
    4.935669256263         0.15020878E-02      0.18904699E-01     -0.98694530E-12      0.22404825E-05     -0.11696741E-15
    4.951338047553         0.16089830E-02      0.17844634E-01     -0.93291556E-12      0.22581827E-05     -0.11805755E-15
    4.967006838843         0.17167746E-02      0.16911981E-01     -0.87374833E-12      0.22763317E-05     -0.11760544E-15
    4.982675630132         0.18248433E-02      0.16090358E-01     -0.82002130E-12      0.22948336E-05     -0.11695280E-15
    4.998344421422         0.19325423E-02      0.15367742E-01     -0.77584158E-12      0.23138512E-05     -0.11681495E-15
    5.014013212712         0.20392031E-02      0.14731763E-01     -0.74474316E-12      0.23332016E-05     -0.11795167E-15
    5.029682004002         0.21441421E-02      0.14174509E-01     -0.70835151E-12      0.23531175E-05     -0.11759380E-15
    5.045350795291         0.22466669E-02      0.13686567E-01     -0.67630687E-12      0.23733643E-05     -0.11727722E-15
    5.061019586581         0.23460834E-02      0.13262606E-01     -0.65078075E-12      0.23941802E-05     -0.11747966E-15
    5.076688377871         0.24417034E-02      0.12895633E-01     -0.62439919E-12      0.24153362E-05     -0.11694920E-15
    5.092357169161         0.25328511E-02      0.12582060E-01     -0.60868616E-12      0.24370537E-05     -0.11789809E-15
    5.108025960450         0.26188713E-02      0.12316836E-01     -0.58551214E-12      0.24591372E-05     -0.11690135E-15
    5.123694751740         0.26991358E-02      0.12097054E-01     -0.57211528E-12      0.24816678E-05     -0.11736743E-15
    5.139363543030         0.27730509E-02      0.11919974E-01     -0.55506958E-12      0.25046461E-05     -0.11663220E-15
    5.155032334319         0.28400639E-02      0.11783656E-01     -0.54720463E-12      0.25281294E-05     -0.11740025E-15
    5.170701125609         0.28996694E-02      0.11685684E-01     -0.53487807E-12      0.25519710E-05     -0.11680902E-15
    5.186369916899         0.29514152E-02      0.11626151E-01     -0.53125793E-12      0.25764715E-05     -0.11773207E-15
    5.202038708189         0.29949078E-02      0.11602286E-01     -0.52034538E-12      0.26012135E-05     -0.11666058E-15
    5.217707499478         0.30298164E-02      0.11613671E-01     -0.52205461E-12      0.26262051E-05     -0.11805246E-15
    5.233376290768         0.30558772E-02      0.11656082E-01     -0.51451551E-12      0.26505077E-05     -0.11699706E-15
    5.249045082058         0.30728968E-02      0.11737481E-01     -0.51859813E-12      0.26758707E-05     -0.11822822E-15
    5.264713873347         0.30807537E-02      0.11860633E-01     -0.51683568E-12      0.27027920E-05     -0.11777612E-15
    5.280382664637         0.30794005E-02      0.12018155E-01     -0.51781937E-12      0.27293618E-05     -0.11759845E-15
    5.296051455927         0.30688638E-02      0.12217941E-01     -0.51768949E-12      0.27570585E-05     -0.11682003E-15
    5.311720247217         0.30492444E-02      0.12465199E-01     -0.52429534E-12      0.27866268E-05     -0.11720755E-15
    5.327389038506         0.30207155E-02      0.12750514E-01     -0.52921625E-12      0.28154359E-05     -0.11685603E-15
    5.343057829796         0.29835211E-02      0.13078637E-01     -0.54282362E-12      0.28439652E-05     -0.11803764E-15
    5.358726621086         0.29379726E-02      0.13456315E-01     -0.55127977E-12      0.28729947E-05     -0.11770116E-15
    5.374395412376         0.28844451E-02      0.13885344E-01     -0.56360477E-12      0.29020965E-05     -0.11779581E-15
    5.390064203665         0.28233730E-02      0.14371611E-01     -0.57668369E-12      0.29315839E-05     -0.11763445E-15
    5.405732994955         0.27552450E-02      0.14918677E-01     -0.59505508E-12      0.29611370E-05     -0.11810964E-15
    5.421401786245         0.26805976E-02      0.15534076E-01     -0.60856734E-12      0.29910798E-05     -0.11717938E-15
    5.437070577534         0.26000094E-02      0.16221923E-01     -0.63511331E-12      0.30208894E-05     -0.11827248E-15
    5.452739368824         0.25140943E-02      0.16991856E-01     -0.65311048E-12      0.30509154E-05     -0.11726705E-15
    5.468408160114         0.24234939E-02      0.17850832E-01     -0.68345616E-12      0.30807894E-05     -0.11795442E-15
    5.484076951404         0.23288711E-02      0.18810119E-01     -0.70332139E-12      0.31106848E-05     -0.11631033E-15
    5.499745742693         0.22309019E-02      0.19878668E-01     -0.74377472E-12      0.31401304E-05     -0.11749025E-15
    5.515414533983         0.21302682E-02      0.21071524E-01     -0.78153936E-12      0.31693822E-05     -0.11755187E-15
    5.531083325273         0.20276510E-02      0.22401512E-01     -0.82805283E-12      0.31980326E-05     -0.11821255E-15
    5.546752116563         0.19237225E-02      0.23886319E-01     -0.86676423E-12      0.32260824E-05     -0.11706504E-15
    5.562420907852         0.18191400E-02      0.25544931E-01     -0.91860689E-12      0.32533408E-05     -0.11699156E-15
    5.578089699142         0.17145389E-02      0.27398266E-01     -0.97414160E-12      0.32794987E-05     -0.11660213E-15
    5.593758490432         0.16105273E-02      0.29472512E-01     -0.10466283E-11      0.33044873E-05     -0.11734900E-15
    5.609427281721         0.15076802E-02      0.31793647E-01     -0.11188479E-11      0.33277723E-05     -0.11710739E-15
    5.625096073011         0.14065349E-02      0.34397657E-01     -0.11980319E-11      0.33494382E-05     -0.11665719E-15
    5.640764864301         0.13075868E-02      0.37316083E-01     -0.12960725E-11      0.33686130E-05     -0.11699960E-15
    5.656433655591         0.12112861E-02      0.40595302E-01     -0.14156284E-11      0.33853404E-05     -0.11805268E-15
    5.672102446880         0.11180349E-02      0.44275453E-01     -0.15296290E-11      0.33985749E-05     -0.11741401E-15
    5.687771238170         0.10281855E-02      0.48414162E-01     -0.16631697E-11      0.34081940E-05     -0.11708155E-15
    5.703440029460         0.94203900E-03      0.53057800E-01     -0.18261156E-11      0.34127446E-05     -0.11745806E-15
    5.719108820749         0.85984493E-03      0.58290831E-01     -0.20117887E-11      0.34128293E-05     -0.11778681E-15
    5.734777612039         0.78180143E-03      0.64152639E-01     -0.22149404E-11      0.34057828E-05     -0.11758840E-15
    5.750446403329         0.70805623E-03      0.70749344E-01     -0.24457827E-11      0.33924320E-05     -0.11727531E-15
    5.766115194619         0.63870815E-03      0.78108210E-01     -0.27209465E-11      0.33692899E-05     -0.11737124E-15
    5.781783985908         0.57380931E-03      0.86346721E-01     -0.30515634E-11      0.33371377E-05     -0.11793716E-15
    5.797452777198         0.51336767E-03      0.95448613E-01     -0.34024542E-11      0.32914212E-05     -0.11732920E-15
    5.813121568488         0.45735023E-03      0.10552945E+00     -0.37942375E-11      0.32332234E-05     -0.11624828E-15
    5.828790359778         0.40568646E-03      0.11646188E+00     -0.43206011E-11      0.31565917E-05     -0.11710590E-15
    5.844459151067         0.35827208E-03      0.12820896E+00     -0.49047905E-11      0.30606211E-05     -0.11708780E-15
    5.860127942357         0.31497306E-03      0.14038738E+00     -0.56164842E-11      0.29384407E-05     -0.11755833E-15
    5.875796733647         0.27562974E-03      0.15272385E+00     -0.64024366E-11      0.27899006E-05     -0.11695725E-15
    5.891465524936         0.24006107E-03      0.16412968E+00     -0.73679615E-11      0.26044022E-05     -0.11691448E-15
    5.907134316226         0.20806873E-03      0.17347124E+00     -0.85643829E-11      0.23794686E-05     -0.11747585E-15
    5.922803107516         0.17944129E-03      0.17811889E+00     -0.99332838E-11      0.21014913E-05     -0.11719537E-15
    5.938471898806         0.15395814E-03      0.17475903E+00     -0.11601367E-10      0.17643718E-05     -0.11712772E-15
    5.954140690095         0.13139326E-03      0.15699309E+00     -0.13627248E-10      0.13491401E-05     -0.11710749E-15
    5.969809481385         0.11151866E-03      0.11598758E+00     -0.16167505E-10      0.84376425E-06     -0.11761227E-15
    5.985478272675         0.94107649E-04      0.35909918E-01     -0.19165674E-10      0.21986850E-06     -0.11734719E-15
    6.001147063965         0.78937621E-04     -0.10648785E+00     -0.22874408E-10     -0.54547185E-06     -0.11717155E-15
    6.016815855254         0.65792604E-04     -0.35163939E+00     -0.27527111E-10     -0.14973745E-05     -0.11721779E-15
    6.032484646544         0.54465379E-04     -0.76217632E+00     -0.33417379E-10     -0.26797995E-05     -0.11749496E-15
    6.048153437834         0.44759239E-04     -0.14468427E+01     -0.40603664E-10     -0.41696900E-05     -0.11701665E-15
    6.063822229123         0.36489373E-04     -0.25834018E+01     -0.50019323E-10     -0.60538890E-05     -0.11721422E-15
    6.079491020413         0.29483904E-04     -0.44879728E+01     -0.61816575E-10     -0.84759916E-05     -0.11674687E-15
    6.095159811703         0.23584570E-04     -0.77106702E+01     -0.79145314E-10     -0.11618700E-04     -0.11925885E-15
    6.110828602993         0.18647120E-04     -0.13279200E+02     -0.97375965E-10     -0.15779967E-04     -0.11571402E-15
    6.126497394282         0.14541411E-04     -0.23134216E+02     -0.12458641E-09     -0.21383147E-04     -0.11515625E-15
    6.142166185572         0.11151287E-04     -0.41215387E+02     -0.16130402E-09     -0.29139720E-04     -0.11404367E-15
    6.157834976862         0.83742565E-05     -0.75889659E+02     -0.22855075E-09     -0.40190495E-04     -0.12103847E-15
    6.173503768152         0.61210155E-05     -0.14659560E+03     -0.31733827E-09     -0.56602452E-04     -0.12252840E-15
    6.189172559441         0.43148763E-05     -0.30292240E+03     -0.45646461E-09     -0.82241247E-04     -0.12392685E-15
    6.204841350731         0.28911298E-05     -0.69049006E+03     -0.69464241E-09     -0.12529014E-03     -0.12604358E-15
    6.220510142021         0.17963946E-05     -0.18249134E+04     -0.72354023E-09     -0.20522986E-03     -0.81369373E-16
    6.236178933310         0.98799011E-06     -0.61453371E+04     -0.21692336E-08     -0.37914234E-03     -0.13383290E-15
    6.251847724600         0.43337014E-06     -0.32524436E+05     -0.53720000E-08     -0.87797653E-03     -0.14501373E-15
    6.267516515890         0.10964870E-06     -0.52518168E+06     -0.27590922E-07     -0.35779980E-02     -0.18797355E-15
