 
 # Omega; pulse ft; projected flux at t=    200.250000000000     
    0.000000000000         0.32424486E-08      0.00000000E+00      0.00000000E+00     -0.58991739E-02     -0.54562474E-16
    0.015668791290         0.10964870E-06     -0.13116660E+04     -0.20158580E-10     -0.35744875E-02     -0.54935169E-16
    0.031337582579         0.43337014E-06     -0.16159106E+03     -0.10177212E-10     -0.87022861E-03     -0.54808114E-16
    0.047006373869         0.98799011E-06     -0.44877853E+02     -0.66651241E-11     -0.36732498E-03     -0.54554004E-16
    0.062675165159         0.17963946E-05     -0.16956352E+02     -0.49722392E-11     -0.18926104E-03     -0.55498446E-16
    0.078343956449         0.28911298E-05     -0.72892937E+01     -0.38179461E-11     -0.10475387E-03     -0.54867406E-16
    0.094012747738         0.43148763E-05     -0.31634131E+01     -0.30494944E-11     -0.56540553E-04     -0.54504453E-16
    0.109681539028         0.61210155E-05     -0.11430451E+01     -0.25186523E-11     -0.24841388E-04     -0.54736963E-16
    0.125350330318         0.83742565E-05     -0.37923524E-01     -0.21027717E-11     -0.98662475E-06     -0.54706060E-16
    0.141019121608         0.11151287E-04      0.64311620E+00     -0.17802019E-11      0.19804277E-04     -0.54819972E-16
    0.156687912897         0.14541411E-04      0.11582341E+01     -0.15102849E-11      0.41859104E-04     -0.54582380E-16
    0.172356704187         0.18647120E-04      0.18321448E+01     -0.13076798E-11      0.77190867E-04     -0.55094411E-16
    0.188025495477         0.23584570E-04      0.33443269E+01     -0.11160472E-11      0.16335879E-03     -0.54515040E-16
    0.203694286766         0.29483904E-04      0.63034989E+01     -0.95896157E-12      0.35531240E-03     -0.54054255E-16
    0.219363078056         0.36489373E-04      0.10391344E+02     -0.80401704E-12      0.67312717E-03     -0.52082362E-16
    0.235031869346         0.44759239E-04      0.14228603E+02     -0.74924812E-12      0.10552145E-02     -0.55565361E-16
    0.250700660636         0.54465379E-04      0.16646711E+02     -0.61961105E-12      0.14083676E-02     -0.52421175E-16
    0.266369451925         0.65792604E-04      0.18169265E+02     -0.49314329E-12      0.17476424E-02     -0.47433845E-16
    0.282038243215         0.78937621E-04      0.19682422E+02     -0.52025156E-12      0.21452460E-02     -0.56703774E-16
    0.297707034505         0.94107649E-04      0.20871078E+02     -0.41307104E-12      0.25692316E-02     -0.50849082E-16
    0.313375825794         0.11151866E-03      0.21507724E+02     -0.31176976E-12      0.29805682E-02     -0.43205457E-16
    0.329044617084         0.13139326E-03      0.21913458E+02     -0.52918950E-12      0.34076246E-02     -0.82290945E-16
    0.344713408374         0.15395814E-03      0.22118595E+02     -0.44259000E-12      0.38470210E-02     -0.76978354E-16
    0.360382199664         0.17944129E-03      0.22075484E+02     -0.35785630E-12      0.42804735E-02     -0.69388939E-16
    0.376050990953         0.20806873E-03      0.21836906E+02     -0.27775810E-12      0.47051527E-02     -0.59847960E-16
    0.391719782243         0.24006107E-03      0.21385795E+02     -0.20261722E-12      0.51038062E-02     -0.48355417E-16
    0.407388573533         0.27562974E-03      0.20859705E+02     -0.13332620E-12      0.54960155E-02     -0.35128150E-16
    0.423057364823         0.31497306E-03      0.20247834E+02     -0.69554707E-13      0.58705024E-02     -0.20166160E-16
    0.438726156112         0.35827208E-03      0.19530524E+02     -0.11591702E-13      0.62109192E-02     -0.36862874E-17
    0.454394947402         0.40568646E-03      0.18837545E+02     -0.22701894E-12      0.65494354E-02     -0.78929918E-16
    0.470063738692         0.45735023E-03      0.17999393E+02     -0.16882921E-12      0.68198142E-02     -0.63967928E-16
    0.485732529981         0.51336767E-03      0.17285333E+02     -0.11643369E-12      0.71142908E-02     -0.47921736E-16
    0.501401321271         0.57380931E-03      0.16430677E+02     -0.69091394E-13      0.73225125E-02     -0.30791342E-16
    0.517070112561         0.63870815E-03      0.14947574E+02     -0.30202264E-13      0.71902879E-02     -0.14528309E-16
    0.532738903851         0.70805623E-03      0.13897559E+02      0.54463776E-14      0.71930722E-02      0.28189256E-17
    0.548407695140         0.78180143E-03      0.13389782E+02      0.38668738E-13      0.74334251E-02      0.21467203E-16
    0.564076486430         0.85984493E-03      0.12737649E+02     -0.11177817E-12      0.75612562E-02     -0.66353173E-16
    0.579745277720         0.94203900E-03      0.12138303E+02     -0.77445199E-13      0.76809015E-02     -0.49005938E-16
    0.595414069010         0.10281855E-02      0.11552629E+02     -0.47078021E-13      0.77688325E-02     -0.31658703E-16
    0.611082860299         0.11180349E-02      0.10984200E+02     -0.18869229E-13      0.78261152E-02     -0.13444107E-16
    0.626751651589         0.12112861E-02      0.10459099E+02      0.74910007E-14      0.78716914E-02      0.56378513E-17
    0.642420442879         0.13075868E-02      0.99259478E+01     -0.11052179E-12      0.78676622E-02     -0.87603536E-16
    0.658089234168         0.14065349E-02      0.94397093E+01     -0.21727915E-12      0.78568215E-02     -0.18084492E-15
    0.673758025458         0.15076802E-02      0.89583096E+01     -0.59222863E-13      0.78064556E-02     -0.51608023E-16
    0.689426816748         0.16105273E-02      0.85166013E+01     -0.15827265E-12      0.77476285E-02     -0.14398205E-15
    0.705095608038         0.17145389E-02      0.80899165E+01     -0.17403315E-13      0.76606553E-02     -0.16479873E-16
    0.720764399327         0.18191400E-02      0.76868144E+01     -0.10854505E-12      0.75551264E-02     -0.10668549E-15
    0.736433190617         0.19237225E-02      0.73094051E+01      0.17052915E-13      0.74355595E-02      0.17347235E-16
    0.752101981907         0.20276510E-02      0.69444491E+01     -0.66918510E-13      0.72908274E-02     -0.70256301E-16
    0.767770773197         0.21302682E-02      0.66107475E+01     -0.14369049E-12      0.71429208E-02     -0.15525775E-15
    0.783439564486         0.22309019E-02      0.62810601E+01     -0.33633434E-13      0.69651497E-02     -0.37296555E-16
    0.799108355776         0.23288711E-02      0.59815948E+01     -0.10470285E-12      0.67885859E-02     -0.11882856E-15
    0.814777147066         0.24234939E-02      0.56876771E+01     -0.63649287E-14      0.65881060E-02     -0.73725748E-17
    0.830445938355         0.25140943E-02      0.54130300E+01     -0.72467580E-13      0.63816528E-02     -0.85435131E-16
    0.846114729645         0.26000094E-02      0.51533033E+01      0.15221286E-13      0.61667155E-02      0.18214596E-16
    0.861783520935         0.26805976E-02      0.49054700E+01     -0.45827298E-13      0.59420541E-02     -0.55511151E-16
    0.877452312225         0.27552450E-02      0.46916838E+01      0.32273972E-13      0.57370413E-02      0.39464959E-16
    0.893121103514         0.28233730E-02      0.44792365E+01     -0.24659703E-13      0.55142246E-02     -0.30357661E-16
    0.908789894804         0.28844451E-02      0.43108245E+01     -0.75788392E-13      0.53282141E-02     -0.93675068E-16
    0.924458686094         0.29379726E-02      0.41206565E+01     -0.12334744E-12      0.50997535E-02     -0.15265567E-15
    0.940127477383         0.29835211E-02      0.39166429E+01     -0.54392253E-13      0.48403737E-02     -0.67220535E-16
    0.955796268673         0.30207155E-02      0.34518203E+01     -0.95317028E-13      0.42483004E-02     -0.11731068E-15
    0.971465059963         0.30492444E-02      0.31657604E+01     -0.38495717E-13      0.38695961E-02     -0.47054374E-16
    0.987133851253         0.30688638E-02      0.41845115E+01     -0.87046722E-13      0.50660432E-02     -0.10538445E-15
    1.002802642542         0.30794005E-02      0.50460867E+01     -0.11967707E-13      0.60343147E-02     -0.14311469E-16
    1.018471433832         0.30807537E-02      0.42984516E+01     -0.69582718E-13      0.50634056E-02     -0.81965684E-16
    1.034140225122         0.30728968E-02      0.31409357E+01     -0.11993036E-13      0.36345457E-02     -0.13877788E-16
    1.049809016412         0.30558772E-02      0.23454589E+01     -0.49926673E-13      0.26587407E-02     -0.56595353E-16
    1.065477807701         0.30298164E-02      0.19691147E+01     -0.18308697E-13      0.21805470E-02     -0.20274581E-16
    1.081146598991         0.29949078E-02      0.18903036E+01     -0.43418279E-13      0.20391678E-02     -0.46837534E-16
    1.096815390281         0.29514152E-02      0.18330010E+01     -0.14278087E-13      0.19207995E-02     -0.14961990E-16
    1.112484181570         0.28996694E-02      0.17598133E+01     -0.88656623E-13      0.17862563E-02     -0.89988780E-16
    1.128152972860         0.28400639E-02      0.17675806E+01     -0.61268519E-13      0.17328537E-02     -0.60064800E-16
    1.143821764150         0.27730509E-02      0.18314430E+01     -0.85784504E-13      0.17290814E-02     -0.80989902E-16
    1.159490555440         0.26991358E-02      0.17211637E+01     -0.57527471E-13      0.15602790E-02     -0.52150124E-16
    1.175159346729         0.26188713E-02      0.15775902E+01     -0.79581068E-13      0.13690967E-02     -0.69063678E-16
    1.190828138019         0.25328511E-02      0.15101070E+01     -0.56547173E-13      0.12508085E-02     -0.46837534E-16
    1.206496929309         0.24417034E-02      0.14373524E+01     -0.78001708E-13      0.11327981E-02     -0.61474263E-16
    1.222165720599         0.23460834E-02      0.13455379E+01     -0.58666868E-13      0.10058468E-02     -0.43855978E-16
    1.237834511888         0.22466669E-02      0.12461859E+01     -0.78998504E-13      0.88080844E-03     -0.55836412E-16
    1.253503303178         0.21441421E-02      0.11704540E+01     -0.63640913E-13      0.77965952E-03     -0.42392305E-16
    1.269172094468         0.20392031E-02      0.10973997E+01     -0.83174269E-13      0.68663725E-03     -0.52041704E-16
    1.284840885757         0.19325423E-02      0.10405113E+01     -0.10189794E-12      0.60946534E-03     -0.59685330E-16
    1.300509677047         0.18248433E-02      0.97791784E+00     -0.64584267E-13      0.53436364E-03     -0.35290781E-16
    1.316178468337         0.17167746E-02      0.91136277E+00     -0.13681927E-12      0.46292680E-03     -0.69497359E-16
    1.331847259627         0.16089830E-02      0.87599551E+00     -0.10549188E-12      0.41211788E-03     -0.49629354E-16
    1.347516050916         0.15020878E-02      0.91008962E+00     -0.12475612E-12      0.39506456E-03     -0.54155899E-16
    1.363184842206         0.13966754E-02      0.95136702E+00     -0.14843573E-12      0.37958703E-03     -0.59224544E-16
    1.378853633496         0.12932946E-02      0.94555882E+00     -0.17171641E-12      0.34537459E-03     -0.62721096E-16
    1.394522424785         0.11924522E-02      0.92069922E+00     -0.14366698E-12      0.30658845E-03     -0.47840421E-16
    1.410191216075         0.10946098E-02      0.87578308E+00     -0.17010369E-12      0.26472833E-03     -0.51418288E-16
    1.425860007365         0.10001807E-02      0.82186037E+00     -0.20212367E-12      0.22450302E-03     -0.55212996E-16
    1.441528798655         0.90952796E-03      0.76041216E+00     -0.23414382E-12      0.18683762E-03     -0.57530478E-16
    1.457197589944         0.82296262E-03      0.72492241E+00     -0.22565991E-12      0.15943209E-03     -0.49629354E-16
    1.472866381234         0.74074333E-03      0.70372944E+00     -0.26585859E-12      0.13782648E-03     -0.52068809E-16
    1.488535172524         0.66307610E-03      0.68954284E+00     -0.31293217E-12      0.11961567E-03     -0.54284648E-16
    1.504203963814         0.59011483E-03      0.68178404E+00     -0.36370711E-12      0.10415957E-03     -0.55565361E-16
    1.519872755103         0.52196262E-03      0.67456418E+00     -0.41968480E-12      0.90214842E-04     -0.56127791E-16
    1.535541546393         0.45867341E-03      0.66210703E+00     -0.48624614E-12      0.77018089E-04     -0.56561472E-16
    1.551210337683         0.40025437E-03      0.64842220E+00     -0.53727567E-12      0.65154708E-04     -0.53986492E-16
    1.566879128972         0.34666855E-03      0.64859932E+00     -0.62320835E-12      0.55882778E-04     -0.53695113E-16
    1.582547920262         0.29783814E-03      0.65439763E+00     -0.75126716E-12      0.47960941E-04     -0.55060530E-16
    1.598216711552         0.25364785E-03      0.67798857E+00     -0.89582021E-12      0.41902549E-04     -0.55365462E-16
    1.613885502842         0.21394880E-03      0.70325885E+00     -0.10443659E-11      0.36305706E-04     -0.53915341E-16
    1.629554294131         0.17856242E-03      0.74364048E+00     -0.12577639E-11      0.31732683E-04     -0.53671396E-16
    1.645223085421         0.14728458E-03      0.80778490E+00     -0.16134877E-11      0.28161174E-04     -0.56249764E-16
    1.660891876711         0.11988983E-03      0.90951085E+00     -0.19553654E-11      0.25566508E-04     -0.54965662E-16
    1.676560668001         0.96135559E-04      0.10159102E+01     -0.24716144E-11      0.22685201E-04     -0.55190973E-16
    1.692229459290         0.75766166E-04      0.11239483E+01     -0.31140081E-11      0.19596790E-04     -0.54294812E-16
    1.707898250580         0.58517107E-04      0.12822292E+01     -0.41042979E-11      0.17108386E-04     -0.54762374E-16
    1.723567041870         0.44118776E-04      0.15388482E+01     -0.54629335E-11      0.15339585E-04     -0.54455748E-16
    1.739235833159         0.32300184E-04      0.19574502E+01     -0.76306054E-11      0.14156627E-04     -0.55185891E-16
    1.754904624449         0.22792383E-04      0.25876128E+01     -0.10711995E-10      0.13087540E-04     -0.54178768E-16
    1.770573415739         0.15331613E-04      0.36699805E+01     -0.16090785E-10      0.12375427E-04     -0.54259237E-16
    1.786242207029         0.96621339E-05      0.55712275E+01     -0.25831557E-10      0.11735623E-04     -0.54413397E-16
    1.801910998318         0.55387214E-05      0.91059828E+01     -0.45771140E-10      0.10899976E-04     -0.54788632E-16
    1.817579789608         0.27288170E-05      0.17286273E+02     -0.93753688E-10      0.10106595E-04     -0.54814043E-16
    1.833248580898         0.10143196E-05      0.44845314E+02     -0.25307838E-09      0.96625790E-05     -0.54529440E-16
    1.848917372188         0.19301761E-06      0.22862084E+03     -0.13417889E-08      0.92943236E-05     -0.54548922E-16
    1.864586163477         0.79666251E-07      0.53783843E+03     -0.32868735E-08      0.89488308E-05     -0.54688682E-16
    1.880254954767         0.50671812E-06      0.84200455E+02     -0.51447868E-09      0.88366300E-05     -0.53993268E-16
    1.895923746057         0.13247231E-05      0.33316250E+02     -0.19871580E-09      0.90653147E-05     -0.54070348E-16
    1.911592537346         0.24024158E-05      0.18961118E+02     -0.11244093E-09      0.92798153E-05     -0.55030037E-16
    1.927261328636         0.36265145E-05      0.12300475E+02     -0.74428734E-10      0.90134955E-05     -0.54539604E-16
    1.942930119926         0.49012571E-05      0.93814212E+01     -0.55318642E-10      0.92159790E-05     -0.54343093E-16
    1.958598911216         0.61477036E-05      0.80190054E+01     -0.44116134E-10      0.98019043E-05     -0.53924659E-16
    1.974267702505         0.73028364E-05      0.67026431E+01     -0.37588014E-10      0.96550420E-05     -0.54144887E-16
    1.989936493795         0.83184897E-05      0.59611216E+01     -0.33372956E-10      0.97041119E-05     -0.54327846E-16
    2.005605285085         0.91601420E-05      0.54825292E+01     -0.30186135E-10      0.97512488E-05     -0.53689183E-16
    2.021274076374         0.98056032E-05      0.48680972E+01     -0.29352009E-10      0.91966760E-05     -0.55451012E-16
    2.036942867664         0.10243630E-04      0.46189871E+01     -0.27927594E-10      0.90457444E-05     -0.54692917E-16
    2.052611658954         0.10472498E-04      0.44086629E+01     -0.27705167E-10      0.87593707E-05     -0.55046130E-16
    2.068280450244         0.10498564E-04      0.40901586E+01     -0.27129596E-10      0.80850584E-05     -0.53627350E-16
    2.083949241533         0.10334843E-04      0.39576522E+01     -0.28823190E-10      0.76432298E-05     -0.55664888E-16
    2.099618032823         0.99996220E-05      0.37671585E+01     -0.29427699E-10      0.69868228E-05     -0.54578568E-16
    2.115286824113         0.95151388E-05      0.35706905E+01     -0.31338191E-10      0.62549036E-05     -0.54896205E-16
    2.130955615403         0.89063415E-05      0.35595484E+01     -0.32690876E-10      0.57935182E-05     -0.53207645E-16
    2.146624406692         0.81997437E-05      0.37401505E+01     -0.36422735E-10      0.55635991E-05     -0.54180039E-16
    2.162293197982         0.74223908E-05      0.41568672E+01     -0.40677393E-10      0.55567125E-05     -0.54375704E-16
    2.177961989272         0.66009450E-05      0.46510268E+01     -0.46599442E-10      0.54894295E-05     -0.54999543E-16
    2.193630780561         0.57608965E-05      0.50764990E+01     -0.53022902E-10      0.51917455E-05     -0.54226626E-16
    2.209299571851         0.49259042E-05      0.56873875E+01     -0.62810823E-10      0.49381776E-05     -0.54536640E-16
    2.224968363141         0.41172657E-05      0.66791582E+01     -0.76113082E-10      0.48131492E-05     -0.54848771E-16
    2.240637154431         0.33535162E-05      0.80030581E+01     -0.94367921E-10      0.46645246E-05     -0.55001661E-16
    2.256305945720         0.26501495E-05      0.99380212E+01     -0.11869421E-09      0.45456380E-05     -0.54290577E-16
    2.271974737010         0.20194561E-05      0.12815468E+02     -0.15805580E-09      0.44359632E-05     -0.54709646E-16
    2.287643528300         0.14704692E-05      0.17238742E+02     -0.21779258E-09      0.43151482E-05     -0.54517158E-16
    2.303312319590         0.10090088E-05      0.24632551E+02     -0.31850807E-09      0.42021744E-05     -0.54335681E-16
    2.318981110879         0.63781185E-06      0.38361180E+02     -0.50776537E-09      0.41087515E-05     -0.54385233E-16
    2.334649902169         0.35673748E-06      0.67737501E+02     -0.92322519E-09      0.40306834E-05     -0.54936016E-16
    2.350318693459         0.16303377E-06      0.14630349E+03     -0.20246863E-08      0.39521009E-05     -0.54692917E-16
    2.365987484748         0.51653227E-07      0.45617116E+03     -0.64237327E-08      0.38782462E-05     -0.54612873E-16
    2.381656276038         0.15604243E-07      0.14909187E+04     -0.21418132E-07      0.38039966E-05     -0.54647178E-16
    2.397325067328         0.46325825E-07      0.49627354E+03     -0.72606118E-08      0.37345640E-05     -0.54637649E-16
    2.412993858618         0.13407364E-06      0.16961546E+03     -0.25313261E-08      0.36700770E-05     -0.54771903E-16
    2.428662649907         0.26830611E-06      0.83872788E+02     -0.12891983E-08      0.36083362E-05     -0.55463294E-16
    2.444331441197         0.43806030E-06      0.50844973E+02     -0.78126966E-09      0.35484964E-05     -0.54525205E-16
    2.460000232487         0.63230847E-06      0.34927116E+02     -0.55768093E-09      0.34960620E-05     -0.55821589E-16
    2.475669023776         0.84028743E-06      0.26128577E+02     -0.41593838E-09      0.34536123E-05     -0.54977732E-16
    2.491337815066         0.10517940E-05      0.20698588E+02     -0.33562614E-09      0.34029953E-05     -0.55179326E-16
    2.507006606356         0.12574416E-05      0.17134436E+02     -0.27989680E-09      0.33467611E-05     -0.54670471E-16
    2.522675397646         0.14488737E-05      0.14735537E+02     -0.24688114E-09      0.32957759E-05     -0.55217866E-16
    2.538344188935         0.16189324E-05      0.13078652E+02     -0.21611759E-09      0.32483569E-05     -0.53677325E-16
    2.554012980225         0.17617801E-05      0.11923308E+02     -0.20540937E-09      0.32029333E-05     -0.55178691E-16
    2.569681771515         0.18729750E-05      0.11127270E+02     -0.19189961E-09      0.31583759E-05     -0.54468983E-16
    2.585350562805         0.19495017E-05      0.10607125E+02     -0.18789476E-09      0.31147589E-05     -0.55174879E-16
    2.601019354094         0.19897592E-05      0.10309722E+02     -0.17862813E-09      0.30713299E-05     -0.53214421E-16
    2.616688145384         0.19935086E-05      0.10218951E+02     -0.18453384E-09      0.30317613E-05     -0.54747551E-16
    2.632356936674         0.19617860E-05      0.10313521E+02     -0.18665420E-09      0.29932044E-05     -0.54171039E-16
    2.648025727963         0.18967851E-05      0.10591472E+02     -0.19731034E-09      0.29544375E-05     -0.55038719E-16
    2.663694519253         0.18017127E-05      0.11073486E+02     -0.20649389E-09      0.29168091E-05     -0.54391480E-16
    2.679363310543         0.16806253E-05      0.11795864E+02     -0.22420474E-09      0.28813207E-05     -0.54765445E-16
    2.695032101833         0.15382506E-05      0.12809929E+02     -0.24452291E-09      0.28472948E-05     -0.54350716E-16
    2.710700893122         0.13798004E-05      0.14188762E+02     -0.28118710E-09      0.28125594E-05     -0.55738156E-16
    2.726369684412         0.12107796E-05      0.16072017E+02     -0.31067219E-09      0.27795422E-05     -0.53728570E-16
    2.742038475702         0.10367984E-05      0.18665729E+02     -0.37361224E-09      0.27484527E-05     -0.55012884E-16
    2.757707266992         0.86339043E-06      0.22287539E+02     -0.44478796E-09      0.27173384E-05     -0.54229379E-16
    2.773376058281         0.69584334E-06      0.27512425E+02     -0.56670150E-09      0.26881539E-05     -0.55370650E-16
    2.789044849571         0.53904467E-06      0.35336450E+02     -0.71532586E-09      0.26595902E-05     -0.53838843E-16
    2.804713640861         0.39734689E-06      0.47718107E+02     -0.99765974E-09      0.26326131E-05     -0.55040995E-16
    2.820382432150         0.27445440E-06      0.68801124E+02     -0.14332368E-08      0.26072356E-05     -0.54312864E-16
    2.836051223440         0.17333448E-06      0.10842141E+03     -0.23090025E-08      0.25805274E-05     -0.54956345E-16
    2.851720014730         0.96153530E-07      0.19448269E+03     -0.41318292E-08      0.25536528E-05     -0.54252937E-16
    2.867388806020         0.44239453E-07      0.42080565E+03     -0.92539798E-08      0.25282922E-05     -0.55599931E-16
    2.883057597309         0.18070056E-07      0.10259928E+04     -0.22178769E-07      0.25042231E-05     -0.54133505E-16
    2.898726388599         0.17286808E-07      0.10686462E+04     -0.23865260E-07      0.24817845E-05     -0.55423801E-16
    2.914395179889         0.40732707E-07      0.45202525E+03     -0.98617356E-08      0.24602547E-05     -0.53674837E-16
    2.930063971179         0.86512361E-07      0.21214403E+03     -0.47962784E-08      0.24392394E-05     -0.55147774E-16
    2.945732762468         0.15207195E-06      0.12029261E+03     -0.26518262E-08      0.24183396E-05     -0.53311804E-16
    2.961401553758         0.23429629E-06      0.77800270E+02     -0.17674965E-08      0.23970205E-05     -0.54456436E-16
    2.977070345048         0.32961975E-06      0.55116707E+02     -0.12347579E-08      0.23764569E-05     -0.53238827E-16
    2.992739136337         0.43414786E-06      0.41703581E+02     -0.97578094E-09      0.23559425E-05     -0.55124375E-16
    3.008407927627         0.54378569E-06      0.33188896E+02     -0.76976391E-09      0.23361805E-05     -0.54184009E-16
    3.024076718917         0.65436958E-06      0.27510246E+02     -0.66082529E-09      0.23181809E-05     -0.55685164E-16
    3.039745510207         0.76179852E-06      0.23588998E+02     -0.55585331E-09      0.23021570E-05     -0.54248238E-16
    3.055414301496         0.86216133E-06      0.20809499E+02     -0.49842926E-09      0.22866653E-05     -0.54770222E-16
    3.071083092786         0.95185662E-06      0.18794536E+02     -0.45669160E-09      0.22684756E-05     -0.55122072E-16
    3.086751884076         0.10277019E-05      0.17361902E+02     -0.42259096E-09      0.22510508E-05     -0.54790869E-16
    3.102420675365         0.10870294E-05      0.16376213E+02     -0.39445192E-09      0.22344809E-05     -0.53821678E-16
    3.118089466655         0.11277658E-05      0.15747194E+02     -0.39169669E-09      0.22179720E-05     -0.55169976E-16
    3.133758257945         0.11484936E-05      0.15433575E+02     -0.38209971E-09      0.22026840E-05     -0.54533372E-16
    3.149427049235         0.11484936E-05      0.15399466E+02     -0.38506793E-09      0.21868814E-05     -0.54683579E-16
    3.165095840524         0.11277658E-05      0.15654766E+02     -0.39494056E-09      0.21722068E-05     -0.54800729E-16
    3.180764631814         0.10870294E-05      0.16218933E+02     -0.40816458E-09      0.21585127E-05     -0.54320984E-16
    3.196433423104         0.10277019E-05      0.17128585E+02     -0.43452277E-09      0.21445962E-05     -0.54404721E-16
    3.212102214394         0.95185662E-06      0.18473036E+02     -0.47454115E-09      0.21317830E-05     -0.54761911E-16
    3.227771005683         0.86216133E-06      0.20372410E+02     -0.52699072E-09      0.21190967E-05     -0.54816505E-16
    3.243439796973         0.76179852E-06      0.23028483E+02     -0.61007823E-09      0.21063094E-05     -0.55801048E-16
    3.259108588263         0.65436958E-06      0.26785115E+02     -0.68892302E-09      0.20943070E-05     -0.53866346E-16
    3.274777379552         0.54378569E-06      0.32204294E+02     -0.84569710E-09      0.20824871E-05     -0.54686909E-16
    3.290446170842         0.43414786E-06      0.40311166E+02     -0.10618927E-08      0.20712417E-05     -0.54561468E-16
    3.306114962132         0.32961975E-06      0.53066761E+02     -0.14117925E-08      0.20603471E-05     -0.54813646E-16
    3.321783753422         0.23429629E-06      0.74623295E+02     -0.19494910E-08      0.20497034E-05     -0.53547332E-16
    3.337452544711         0.15207195E-06      0.11493143E+03     -0.30442489E-08      0.20393670E-05     -0.54017779E-16
    3.353121336001         0.86512361E-07      0.20197918E+03     -0.54643937E-08      0.20293551E-05     -0.54902664E-16
    3.368790127291         0.40732707E-07      0.42893578E+03     -0.11656292E-07      0.20196873E-05     -0.54884823E-16
    3.384458918581         0.17286808E-07      0.10106888E+04     -0.27362152E-07      0.20103218E-05     -0.54424990E-16
    3.400127709870         0.18070056E-07      0.96701120E+03     -0.25979472E-07      0.20013282E-05     -0.53767163E-16
    3.415796501160         0.44239453E-07      0.39507940E+03     -0.10875227E-07      0.19926210E-05     -0.54850254E-16
    3.431465292450         0.96153530E-07      0.18184085E+03     -0.51238465E-08      0.19842648E-05     -0.55911904E-16
    3.447134083739         0.17333448E-06      0.10092353E+03     -0.28464426E-08      0.19762494E-05     -0.55738050E-16
    3.462802875029         0.27445440E-06      0.63777924E+02     -0.17551922E-08      0.19684997E-05     -0.54173845E-16
    3.478471666319         0.39734689E-06      0.44084615E+02     -0.12343720E-08      0.19610602E-05     -0.54909811E-16
    3.494140457609         0.53904467E-06      0.32524273E+02     -0.92697510E-09      0.19539549E-05     -0.55689716E-16
    3.509809248898         0.69584334E-06      0.25219441E+02     -0.70492342E-09      0.19470898E-05     -0.54424249E-16
    3.525478040188         0.86339043E-06      0.20347224E+02     -0.56570005E-09      0.19405147E-05     -0.53950811E-16
    3.541146831478         0.10367984E-05      0.16964318E+02     -0.47272306E-09      0.19342354E-05     -0.53898877E-16
    3.556815622767         0.12107796E-05      0.14545461E+02     -0.41639658E-09      0.19282076E-05     -0.55199284E-16
    3.572484414057         0.13798004E-05      0.12781498E+02     -0.36233647E-09      0.19224287E-05     -0.54497994E-16
    3.588153205347         0.15382506E-05      0.11482282E+02     -0.32228289E-09      0.19169327E-05     -0.53804168E-16
    3.603821996637         0.16806253E-05      0.10526369E+02     -0.29372182E-09      0.19116514E-05     -0.53341635E-16
    3.619490787926         0.18017127E-05      0.98357039E+01     -0.28678837E-09      0.19066284E-05     -0.55593260E-16
    3.635159579216         0.18967851E-05      0.93597517E+01     -0.26812569E-09      0.19018730E-05     -0.54482324E-16
    3.650828370506         0.19617860E-05      0.90670805E+01     -0.26034297E-09      0.18973622E-05     -0.54478936E-16
    3.666497161796         0.19935086E-05      0.89408624E+01     -0.25297397E-09      0.18930789E-05     -0.53563028E-16
    3.682165953085         0.19897592E-05      0.89770374E+01     -0.25688973E-09      0.18890904E-05     -0.54058807E-16
    3.697834744375         0.19495017E-05      0.91827624E+01     -0.26872065E-09      0.18852633E-05     -0.55169585E-16
    3.713503535665         0.18729750E-05      0.95805614E+01     -0.28037753E-09      0.18817487E-05     -0.55069847E-16
    3.729172326954         0.17617801E-05      0.10210018E+02     -0.29192683E-09      0.18784008E-05     -0.53707606E-16
    3.744841118244         0.16189324E-05      0.11139361E+02     -0.32569973E-09      0.18753319E-05     -0.54832148E-16
    3.760509909534         0.14488737E-05      0.12479889E+02     -0.36321029E-09      0.18724795E-05     -0.54495982E-16
    3.776178700824         0.12574416E-05      0.14419715E+02     -0.42221672E-09      0.18698833E-05     -0.54751151E-16
    3.791847492113         0.10517940E-05      0.17288564E+02     -0.49544222E-09      0.18675029E-05     -0.53517447E-16
    3.807516283403         0.84028743E-06      0.21704844E+02     -0.63878980E-09      0.18653713E-05     -0.54899276E-16
    3.823185074693         0.63230847E-06      0.28933214E+02     -0.85161479E-09      0.18634721E-05     -0.54849089E-16
    3.838853865983         0.43806030E-06      0.41896572E+02     -0.12369820E-08      0.18618014E-05     -0.54969050E-16
    3.854522657272         0.26830611E-06      0.68630363E+02     -0.19770720E-08      0.18603678E-05     -0.53592622E-16
    3.870191448562         0.13407364E-06      0.13780998E+03     -0.40866527E-08      0.18591489E-05     -0.55131680E-16
    3.885860239852         0.46325825E-07      0.40024253E+03     -0.11860333E-07      0.18581543E-05     -0.55062436E-16
    3.901529031141         0.15604243E-07      0.11925457E+04     -0.34966501E-07      0.18574000E-05     -0.54460619E-16
    3.917197822431         0.51653227E-07      0.36160770E+03     -0.10278674E-07      0.18568729E-05     -0.52781482E-16
    3.932866613721         0.16303377E-06      0.11500666E+03     -0.33744837E-08      0.18565808E-05     -0.54475124E-16
    3.948535405011         0.35673748E-06      0.52767294E+02     -0.15315779E-08      0.18565219E-05     -0.53885801E-16
    3.964204196300         0.63781185E-06      0.29633241E+02     -0.88224140E-09      0.18566851E-05     -0.55277264E-16
    3.979872987590         0.10090088E-05      0.18809635E+02     -0.54242322E-09      0.18570717E-05     -0.53553340E-16
    3.995541778880         0.14704692E-05      0.12961956E+02     -0.37932880E-09      0.18576905E-05     -0.54364904E-16
    4.011210570170         0.20194561E-05      0.94796520E+01     -0.27678530E-09      0.18585485E-05     -0.54265589E-16
    4.026879361459         0.26501495E-05      0.72560275E+01     -0.21369114E-09      0.18596157E-05     -0.54765974E-16
    4.042548152749         0.33535162E-05      0.57605463E+01     -0.17175373E-09      0.18609359E-05     -0.55484787E-16
    4.058216944039         0.41172657E-05      0.47139783E+01     -0.13668985E-09      0.18624463E-05     -0.54004809E-16
    4.073885735328         0.49259042E-05      0.39590493E+01     -0.11467190E-09      0.18641917E-05     -0.53995386E-16
    4.089554526618         0.57608965E-05      0.34018238E+01     -0.99600637E-10      0.18661581E-05     -0.54638496E-16
    4.105223317908         0.66009450E-05      0.29838176E+01     -0.87810402E-10      0.18683754E-05     -0.54984191E-16
    4.120892109198         0.74223908E-05      0.26671336E+01     -0.76726592E-10      0.18707678E-05     -0.53817191E-16
    4.136560900487         0.81997437E-05      0.24267442E+01     -0.69245274E-10      0.18733002E-05     -0.53453179E-16
    4.152229691777         0.89063415E-05      0.22461407E+01     -0.65785163E-10      0.18761928E-05     -0.54950098E-16
    4.167898483067         0.95151388E-05      0.21138599E+01     -0.62039742E-10      0.18793027E-05     -0.55155715E-16
    4.183567274356         0.99996220E-05      0.20226026E+01     -0.57613518E-10      0.18826514E-05     -0.53627032E-16
    4.199236065646         0.10334843E-04      0.19680140E+01     -0.56025023E-10      0.18861851E-05     -0.53695536E-16
    4.214904856936         0.10498564E-04      0.19485386E+01     -0.56955160E-10      0.18900517E-05     -0.55245606E-16
    4.230573648226         0.10472498E-04      0.19650600E+01     -0.56426774E-10      0.18943026E-05     -0.54394974E-16
    4.246242439515         0.10243630E-04      0.20209108E+01     -0.57608227E-10      0.18985357E-05     -0.54119794E-16
    4.261911230805         0.98056032E-05      0.21238624E+01     -0.60218187E-10      0.19029125E-05     -0.53953564E-16
    4.277580022095         0.91601420E-05      0.22875728E+01     -0.65466028E-10      0.19076625E-05     -0.54593709E-16
    4.293248813385         0.83184897E-05      0.25347221E+01     -0.71897236E-10      0.19125435E-05     -0.54249178E-16
    4.308917604674         0.73028364E-05      0.29058426E+01     -0.82301227E-10      0.19178649E-05     -0.54319058E-16
    4.324586395964         0.61477036E-05      0.34746425E+01     -0.97703535E-10      0.19235391E-05     -0.54088030E-16
    4.340255187254         0.49012571E-05      0.43871493E+01     -0.12495478E-09      0.19292885E-05     -0.54949992E-16
    4.355923978543         0.36265145E-05      0.59691881E+01     -0.16650360E-09      0.19352939E-05     -0.53982786E-16
    4.371592769833         0.24024158E-05      0.90723766E+01     -0.25271947E-09      0.19415657E-05     -0.54084112E-16
    4.387261561123         0.13247231E-05      0.16567851E+02     -0.46051985E-09      0.19481405E-05     -0.54150499E-16
    4.402930352413         0.50671812E-06      0.43619040E+02     -0.12248350E-08      0.19548942E-05     -0.54893982E-16
    4.418599143702         0.79666251E-07      0.27941801E+03     -0.76507640E-08      0.19618542E-05     -0.53717665E-16
    4.434267934992         0.19301761E-06      0.11616951E+03     -0.32133533E-08      0.19691994E-05     -0.54469830E-16
    4.449936726282         0.10143196E-05      0.22270847E+02     -0.61382087E-09      0.19768797E-05     -0.54486030E-16
    4.465605517572         0.27288170E-05      0.83402451E+01     -0.23015357E-09      0.19847025E-05     -0.54768939E-16
    4.481274308861         0.55387214E-05      0.41402146E+01     -0.11296544E-09      0.19927526E-05     -0.54372104E-16
    4.496943100151         0.96621339E-05      0.23916709E+01     -0.65173045E-10      0.20011499E-05     -0.54531346E-16
    4.512611891441         0.15331613E-04      0.15189950E+01     -0.40757102E-10      0.20097348E-05     -0.53924447E-16
    4.528280682730         0.22792383E-04      0.10299275E+01     -0.27611821E-10      0.20187642E-05     -0.54122017E-16
    4.543949474020         0.32300184E-04      0.73263245E+00     -0.19674348E-10      0.20280572E-05     -0.54462101E-16
    4.559618265310         0.44118776E-04      0.54077473E+00     -0.14590752E-10      0.20376702E-05     -0.54978791E-16
    4.575287056600         0.58517107E-04      0.41110538E+00     -0.11007117E-10      0.20475768E-05     -0.54822725E-16
    4.590955847889         0.75766166E-04      0.32019064E+00     -0.84632793E-11      0.20578010E-05     -0.54391797E-16
    4.606624639179         0.96135559E-04      0.25450807E+00     -0.66441540E-11      0.20683562E-05     -0.53996233E-16
    4.622293430469         0.11988983E-03      0.20584793E+00     -0.53610411E-11      0.20791886E-05     -0.54149758E-16
    4.637962221758         0.14728458E-03      0.16902843E+00     -0.43916150E-11      0.20903181E-05     -0.54309635E-16
    4.653631013048         0.17856242E-03      0.14066247E+00     -0.36768423E-11      0.21018364E-05     -0.54940886E-16
    4.669299804338         0.21394880E-03      0.11845528E+00     -0.30360536E-11      0.21136598E-05     -0.54173898E-16
    4.684968595628         0.25364785E-03      0.10083071E+00     -0.25757342E-11      0.21258856E-05     -0.54306035E-16
    4.700637386917         0.29783814E-03      0.86665928E-01     -0.21880525E-11      0.21384273E-05     -0.53988821E-16
    4.716306178207         0.34666855E-03      0.75158428E-01     -0.19309785E-11      0.21513580E-05     -0.55272923E-16
    4.731974969497         0.40025437E-03      0.65715763E-01     -0.16590583E-11      0.21646403E-05     -0.54648448E-16
    4.747643760787         0.45867341E-03      0.57898694E-01     -0.14286304E-11      0.21782953E-05     -0.53748687E-16
    4.763312552076         0.52196262E-03      0.51377971E-01     -0.12672156E-11      0.21924506E-05     -0.54075854E-16
    4.778981343366         0.59011483E-03      0.45889940E-01     -0.11488298E-11      0.22066895E-05     -0.55243277E-16
    4.794650134656         0.66307610E-03      0.41243316E-01     -0.10008816E-11      0.22211740E-05     -0.53902847E-16
    4.810318925945         0.74074333E-03      0.37293477E-01     -0.90888120E-12      0.22363990E-05     -0.54503394E-16
    4.825987717235         0.82296262E-03      0.33912608E-01     -0.82141249E-12      0.22520479E-05     -0.54547863E-16
    4.841656508525         0.90952796E-03      0.31003478E-01     -0.75332623E-12      0.22680626E-05     -0.55109658E-16
    4.857325299815         0.10001807E-02      0.28489597E-01     -0.68116945E-12      0.22844947E-05     -0.54620920E-16
    4.872994091104         0.10946098E-02      0.26308692E-01     -0.61874751E-12      0.23013637E-05     -0.54125194E-16
    4.888662882394         0.11924522E-02      0.24409377E-01     -0.57138305E-12      0.23186229E-05     -0.54275118E-16
    4.904331673684         0.12932946E-02      0.22751006E-01     -0.52560533E-12      0.23363654E-05     -0.53975904E-16
    4.920000464974         0.13966754E-02      0.21298191E-01     -0.49202131E-12      0.23544832E-05     -0.54392221E-16
    4.935669256263         0.15020878E-02      0.20023689E-01     -0.45621583E-12      0.23730992E-05     -0.54068231E-16
    4.951338047553         0.16089830E-02      0.18902854E-01     -0.43503462E-12      0.23920970E-05     -0.55052271E-16
    4.967006838843         0.17167746E-02      0.17916997E-01     -0.40521082E-12      0.24116057E-05     -0.54540875E-16
    4.982675630132         0.18248433E-02      0.17048539E-01     -0.37847148E-12      0.24314910E-05     -0.53978233E-16
    4.998344421422         0.19325423E-02      0.16284858E-01     -0.35580731E-12      0.24519371E-05     -0.53572293E-16
    5.014013212712         0.20392031E-02      0.15612936E-01     -0.34739911E-12      0.24727610E-05     -0.55020719E-16
    5.029682004002         0.21441421E-02      0.15024219E-01     -0.32929255E-12      0.24941783E-05     -0.54666024E-16
    5.045350795291         0.22466669E-02      0.14509020E-01     -0.31357771E-12      0.25159843E-05     -0.54376974E-16
    5.061019586581         0.23460834E-02      0.14061455E-01     -0.30296422E-12      0.25383894E-05     -0.54691435E-16
    5.076688377871         0.24417034E-02      0.13674385E-01     -0.29042046E-12      0.25611955E-05     -0.54395397E-16
    5.092357169161         0.25328511E-02      0.13343810E-01     -0.28395143E-12      0.25845992E-05     -0.54999332E-16
    5.108025960450         0.26188713E-02      0.13064551E-01     -0.27125481E-12      0.26084234E-05     -0.54157804E-16
    5.123694751740         0.26991358E-02      0.12833503E-01     -0.26514983E-12      0.26327477E-05     -0.54394550E-16
    5.139363543030         0.27730509E-02      0.12647598E-01     -0.25527174E-12      0.26575356E-05     -0.53638150E-16
    5.155032334319         0.28400639E-02      0.12505139E-01     -0.25400673E-12      0.26829203E-05     -0.54495982E-16
    5.170701125609         0.28996694E-02      0.12403279E-01     -0.24771764E-12      0.27086825E-05     -0.54097665E-16
    5.186369916899         0.29514152E-02      0.12342449E-01     -0.24765039E-12      0.27352103E-05     -0.54881806E-16
    5.202038708189         0.29949078E-02      0.12319446E-01     -0.23922528E-12      0.27619995E-05     -0.53633914E-16
    5.217707499478         0.30298164E-02      0.12334269E-01     -0.24427294E-12      0.27891544E-05     -0.55237560E-16
    5.233376290768         0.30558772E-02      0.12382332E-01     -0.23652964E-12      0.28156517E-05     -0.53785110E-16
    5.249045082058         0.30728968E-02      0.12471618E-01     -0.24240729E-12      0.28432368E-05     -0.55263182E-16
    5.264713873347         0.30807537E-02      0.12605047E-01     -0.24112345E-12      0.28724285E-05     -0.54947027E-16
    5.280382664637         0.30794005E-02      0.12775004E-01     -0.24064009E-12      0.29012447E-05     -0.54650142E-16
    5.296051455927         0.30688638E-02      0.12990731E-01     -0.23893217E-12      0.29314437E-05     -0.53916612E-16
    5.311720247217         0.30492444E-02      0.13257013E-01     -0.24181655E-12      0.29636387E-05     -0.54058701E-16
    5.327389038506         0.30207155E-02      0.13563846E-01     -0.24472453E-12      0.29950274E-05     -0.54037526E-16
    5.343057829796         0.29835211E-02      0.13916717E-01     -0.25212093E-12      0.30262066E-05     -0.54823996E-16
    5.358726621086         0.29379726E-02      0.14322813E-01     -0.25431978E-12      0.30579965E-05     -0.54298624E-16
    5.374395412376         0.28844451E-02      0.14783996E-01     -0.26180785E-12      0.30899187E-05     -0.54718964E-16
    5.390064203665         0.28233730E-02      0.15306775E-01     -0.26704138E-12      0.31223426E-05     -0.54472265E-16
    5.405732994955         0.27552450E-02      0.15894961E-01     -0.27851962E-12      0.31549149E-05     -0.55282029E-16
    5.421401786245         0.26805976E-02      0.16556737E-01     -0.28306161E-12      0.31879927E-05     -0.54503394E-16
    5.437070577534         0.26000094E-02      0.17296678E-01     -0.29578755E-12      0.32210332E-05     -0.55082341E-16
    5.452739368824         0.25140943E-02      0.18125175E-01     -0.30311167E-12      0.32544047E-05     -0.54424196E-16
    5.468408160114         0.24234939E-02      0.19049962E-01     -0.31852347E-12      0.32877416E-05     -0.54972438E-16
    5.484076951404         0.23288711E-02      0.20083222E-01     -0.32257055E-12      0.33212215E-05     -0.53344441E-16
    5.499745742693         0.22309019E-02      0.21234937E-01     -0.34438483E-12      0.33543732E-05     -0.54400691E-16
    5.515414533983         0.21302682E-02      0.22521454E-01     -0.36364501E-12      0.33874673E-05     -0.54696094E-16
    5.531083325273         0.20276510E-02      0.23957056E-01     -0.38664953E-12      0.34201015E-05     -0.55197961E-16
    5.546752116563         0.19237225E-02      0.25561209E-01     -0.40000813E-12      0.34522927E-05     -0.54025032E-16
    5.562420907852         0.18191400E-02      0.27354717E-01     -0.42336488E-12      0.34838307E-05     -0.53918729E-16
    5.578089699142         0.17145389E-02      0.29361091E-01     -0.44976195E-12      0.35144437E-05     -0.53835297E-16
    5.593758490432         0.16105273E-02      0.31609071E-01     -0.48601976E-12      0.35440404E-05     -0.54493018E-16
    5.609427281721         0.15076802E-02      0.34128300E-01     -0.51672545E-12      0.35721354E-05     -0.54084536E-16
    5.625096073011         0.14065349E-02      0.36958365E-01     -0.55299955E-12      0.35987846E-05     -0.53847790E-16
    5.640764864301         0.13075868E-02      0.40135958E-01     -0.59662523E-12      0.36231700E-05     -0.53858802E-16
    5.656433655591         0.12112861E-02      0.43712367E-01     -0.66434649E-12      0.36452800E-05     -0.55401460E-16
    5.672102446880         0.11180349E-02      0.47735274E-01     -0.71178926E-12      0.36641501E-05     -0.54636801E-16
    5.687771238170         0.10281855E-02      0.52269541E-01     -0.76666163E-12      0.36795998E-05     -0.53970398E-16
    5.703440029460         0.94203900E-03      0.57372318E-01     -0.83870026E-12      0.36902598E-05     -0.53946258E-16
    5.719108820749         0.85984493E-03      0.63138882E-01     -0.93825903E-12      0.36966745E-05     -0.54933475E-16
    5.734777612039         0.78180143E-03      0.69624125E-01     -0.10283701E-11      0.36962571E-05     -0.54594873E-16
    5.750446403329         0.70805623E-03      0.76951270E-01     -0.11336283E-11      0.36898144E-05     -0.54357492E-16
    5.766115194619         0.63870815E-03      0.85170054E-01     -0.12600313E-11      0.36739109E-05     -0.54352940E-16
    5.781783985908         0.57380931E-03      0.94423986E-01     -0.14151593E-11      0.36493087E-05     -0.54693235E-16
    5.797452777198         0.51336767E-03      0.10473085E+00     -0.15773345E-11      0.36115070E-05     -0.54392327E-16
    5.813121568488         0.45735023E-03      0.11624769E+00     -0.17429591E-11      0.35616101E-05     -0.53400980E-16
    5.828790359778         0.40568646E-03      0.12890056E+00     -0.19907241E-11      0.34937306E-05     -0.53956740E-16
    5.844459151067         0.35827208E-03      0.14271037E+00     -0.22615438E-11      0.34068005E-05     -0.53987868E-16
    5.860127942357         0.31497306E-03      0.15737866E+00     -0.26021969E-11      0.32940842E-05     -0.54466442E-16
    5.875796733647         0.27562974E-03      0.17274154E+00     -0.29560359E-11      0.31555760E-05     -0.53999727E-16
    5.891465524936         0.24006107E-03      0.18783771E+00     -0.34069114E-11      0.29806002E-05     -0.54060713E-16
    5.907134316226         0.20806873E-03      0.20170685E+00     -0.39697518E-11      0.27667706E-05     -0.54452254E-16
    5.922803107516         0.17944129E-03      0.21193672E+00     -0.45956017E-11      0.25004825E-05     -0.54220061E-16
    5.938471898806         0.15395814E-03      0.21549664E+00     -0.53624705E-11      0.21756599E-05     -0.54139646E-16
    5.954140690095         0.13139326E-03      0.20636256E+00     -0.63060192E-11      0.17734030E-05     -0.54191580E-16
    5.969809481385         0.11151866E-03      0.17619630E+00     -0.75070298E-11      0.12817591E-05     -0.54610702E-16
    5.985478272675         0.94107649E-04      0.10981664E+00     -0.88937623E-11      0.67238308E-06     -0.54454544E-16
    6.001147063965         0.78937621E-04     -0.15135211E-01     -0.10574789E-10     -0.77528393E-07     -0.54168152E-16
    6.016815855254         0.65792604E-04     -0.23791103E+00     -0.12762675E-10     -0.10130887E-05     -0.54346878E-16
    6.032484646544         0.54465379E-04     -0.61947571E+00     -0.15509345E-10     -0.21780665E-05     -0.54530605E-16
    6.048153437834         0.44759239E-04     -0.12663228E+01     -0.18781680E-10     -0.36494454E-05     -0.54127364E-16
    6.063822229123         0.36489373E-04     -0.23529173E+01     -0.23224940E-10     -0.55137764E-05     -0.54424831E-16
    6.079491020413         0.29483904E-04     -0.41908317E+01     -0.28380864E-10     -0.79148106E-05     -0.53600139E-16
    6.095159811703         0.23584570E-04     -0.73229874E+01     -0.37265826E-10     -0.11034527E-04     -0.56153414E-16
    6.110828602993         0.18647120E-04     -0.12766980E+02     -0.44424385E-10     -0.15171286E-04     -0.52790481E-16
    6.126497394282         0.14541411E-04     -0.22447050E+02     -0.56587491E-10     -0.20747994E-04     -0.52304284E-16
    6.142166185572         0.11151287E-04     -0.40276862E+02     -0.72231528E-10     -0.28476172E-04     -0.51068463E-16
    6.157834976862         0.83742565E-05     -0.74578050E+02     -0.10951953E-09     -0.39495879E-04     -0.58000581E-16
    6.173503768152         0.61210155E-05     -0.14470991E+03     -0.15416867E-09     -0.55874364E-04     -0.59526511E-16
    6.189172559441         0.43148763E-05     -0.30010362E+03     -0.22379735E-09     -0.81475969E-04     -0.60759367E-16
    6.204841350731         0.28911298E-05     -0.68604826E+03     -0.34705979E-09     -0.12448417E-03     -0.62974359E-16
    6.220510142021         0.17963946E-05     -0.18173565E+04     -0.16403629E-09     -0.20438001E-03     -0.18447531E-16
    6.236178933310         0.98799011E-06     -0.61307733E+04     -0.11501186E-08     -0.37824381E-03     -0.70957644E-16
    6.251847724600         0.43337014E-06     -0.32489160E+05     -0.30390982E-08     -0.87702427E-03     -0.82038529E-16
    6.267516515890         0.10964870E-06     -0.52503341E+06     -0.18348858E-07     -0.35769879E-02     -0.12500851E-15
