 
 # Omega; pulse ft; proj flux t=    500.250000000000     
    0.000000000000         0.44556337E-06      0.00000000E+00      0.00000000E+00      0.00000000E+00      0.00000000E+00      0.00000000E+00      0.00000000E+00
    0.006270644019         0.45087192E-06      0.15096293E+00     -0.47322753E-10      0.67275049E-06     -0.21088890E-15      0.42185788E-08     -0.13224092E-17
    0.012541288038         0.46684081E-06      0.45874218E+00     -0.21458463E-09      0.10583712E-05     -0.49507153E-15      0.10855248E-07     -0.44268265E-17
    0.018811932057         0.49359979E-06      0.46898461E-01     -0.34467641E-09      0.76268082E-07     -0.56052604E-15      0.11333498E-07     -0.79416858E-17
    0.025082576077         0.53136541E-06      0.11374515E-01     -0.43374509E-09      0.14934707E-07     -0.56950611E-15      0.11427148E-07     -0.11512856E-16
    0.031353220096         0.58044149E-06     -0.35284268E-01     -0.50233176E-09     -0.40485554E-07     -0.57638094E-15      0.11173278E-07     -0.15127136E-16
    0.037623864115         0.64121969E-06     -0.24747366E-01     -0.54215805E-09     -0.26140573E-07     -0.57268002E-15      0.11009359E-07     -0.18718208E-16
    0.043894508134         0.71418031E-06     -0.93649237E-02     -0.57160028E-09     -0.94437526E-08     -0.57641171E-15      0.10950141E-07     -0.22332681E-16
    0.050165152153         0.79989324E-06     -0.66934441E-01     -0.58472243E-09     -0.66148836E-07     -0.57785959E-15      0.10535345E-07     -0.25956233E-16
    0.056435796172         0.89901904E-06     -0.12283954E+00     -0.58822475E-09     -0.12128165E-06     -0.58076469E-15      0.97748312E-08     -0.29598001E-16
    0.062706440191         0.10123102E-05     -0.87493822E-01     -0.58117786E-09     -0.87543021E-07     -0.58150467E-15      0.92258800E-08     -0.33244410E-16
    0.068977084211         0.11406125E-05     -0.54896024E-01     -0.56827200E-09     -0.56262219E-07     -0.58241456E-15      0.88730797E-08     -0.36896524E-16
    0.075247728230         0.12848664E-05     -0.60119461E-01     -0.55038941E-09     -0.63624202E-07     -0.58247506E-15      0.84741150E-08     -0.40549018E-16
    0.081518372249         0.14461090E-05     -0.61935996E-01     -0.53040768E-09     -0.68097524E-07     -0.58317380E-15      0.80470996E-08     -0.44205893E-16
    0.087789016268         0.16254751E-05     -0.58978801E-01     -0.50868672E-09     -0.67682866E-07     -0.58375848E-15      0.76226845E-08     -0.47866435E-16
    0.094059660287         0.18241995E-05     -0.55802464E-01     -0.48437325E-09     -0.67075663E-07     -0.58222621E-15      0.72020769E-08     -0.51517368E-16
    0.100330304306         0.20436188E-05     -0.52816197E-01     -0.46162021E-09     -0.66677230E-07     -0.58276739E-15      0.67839677E-08     -0.55171695E-16
    0.106600948325         0.22851729E-05     -0.49698139E-01     -0.43896857E-09     -0.66029923E-07     -0.58322226E-15      0.63699176E-08     -0.58828874E-16
    0.112871592345         0.25504072E-05     -0.47242031E-01     -0.41637353E-09     -0.66160093E-07     -0.58311024E-15      0.59550512E-08     -0.62485351E-16
    0.119142236364         0.28409746E-05     -0.44546459E-01     -0.39458294E-09     -0.65835095E-07     -0.58315309E-15      0.55422227E-08     -0.66142096E-16
    0.125412880383         0.31586369E-05     -0.42065169E-01     -0.37371255E-09     -0.65663326E-07     -0.58336171E-15      0.51304714E-08     -0.69800150E-16
    0.131683524402         0.35052673E-05     -0.39496795E-01     -0.35312101E-09     -0.65161975E-07     -0.58258049E-15      0.47218638E-08     -0.73453305E-16
    0.137954168421         0.38828517E-05     -0.36430543E-01     -0.33405139E-09     -0.63551278E-07     -0.58273612E-15      0.43233564E-08     -0.77107436E-16
    0.144224812440         0.42934906E-05     -0.33455008E-01     -0.31606302E-09     -0.61726882E-07     -0.58315887E-15      0.39362891E-08     -0.80764217E-16
    0.150495456459         0.47394007E-05     -0.30921087E-01     -0.29853968E-09     -0.60352806E-07     -0.58269967E-15      0.35578381E-08     -0.84418120E-16
    0.156766100479         0.52229165E-05     -0.28423246E-01     -0.28220352E-09     -0.58691780E-07     -0.58272819E-15      0.31898029E-08     -0.88072201E-16
    0.163036744498         0.57464915E-05     -0.25772010E-01     -0.26687720E-09     -0.56299981E-07     -0.58300386E-15      0.28367657E-08     -0.91728010E-16
    0.169307388517         0.63126995E-05     -0.23206377E-01     -0.25218636E-09     -0.53627706E-07     -0.58277845E-15      0.25004855E-08     -0.95382406E-16
    0.175578032536         0.69242356E-05     -0.19041613E-01     -0.23842786E-09     -0.46542325E-07     -0.58277557E-15      0.22086351E-08     -0.99036785E-16
    0.181848676555         0.75839168E-05     -0.14809916E-01     -0.22564224E-09     -0.38280596E-07     -0.58323893E-15      0.19685911E-08     -0.10269407E-15
    0.188119320574         0.82946828E-05      0.25209995E-02     -0.21331252E-09      0.68894067E-08     -0.58294207E-15      0.20117921E-08     -0.10634949E-15
    0.194389964593         0.90595963E-05      0.55598445E-01     -0.20180835E-09      0.16059807E-06     -0.58293054E-15      0.30188455E-08     -0.11000484E-15
    0.200660608613         0.98818426E-05      0.46328975E+00     -0.19105356E-09      0.14140709E-05     -0.58314105E-15      0.11885981E-07     -0.11366151E-15
    0.206931252632         0.10764730E-04      0.26372435E+01     -0.18078815E-09      0.85029566E-05     -0.58289413E-15      0.65204994E-07     -0.11731663E-15
    0.213201896651         0.11711688E-04      0.65501537E+01     -0.17121919E-09      0.22300911E-04     -0.58293958E-15      0.20504607E-06     -0.12097204E-15
    0.219472540670         0.12726269E-04      0.88340852E+01     -0.16222373E-09      0.31748643E-04     -0.58301263E-15      0.40413051E-06     -0.12462790E-15
    0.225743184689         0.13812143E-04      0.94259414E+01     -0.15375997E-09      0.35744880E-04     -0.58308568E-15      0.62827393E-06     -0.12828423E-15
    0.232013828708         0.14973100E-04      0.11540693E+02     -0.14594150E-09      0.46160706E-04     -0.58373984E-15      0.91773128E-06     -0.13194465E-15
    0.238284472727         0.16213045E-04      0.14350193E+02     -0.13842252E-09      0.60515867E-04     -0.58373841E-15      0.12972047E-05     -0.13560507E-15
    0.244555116747         0.17535997E-04      0.16166498E+02     -0.13129103E-09      0.71847610E-04     -0.58348735E-15      0.17477355E-05     -0.13926391E-15
    0.250825760766         0.18946084E-04      0.17291094E+02     -0.12480235E-09      0.80949183E-04     -0.58426890E-15      0.22553390E-05     -0.14292765E-15
    0.257096404785         0.20447546E-04      0.18086478E+02     -0.11849442E-09      0.89154209E-04     -0.58409804E-15      0.28143933E-05     -0.14659032E-15
    0.263367048804         0.22044721E-04      0.18939951E+02     -0.11272453E-09      0.98257268E-04     -0.58479585E-15      0.34305297E-05     -0.15025737E-15
    0.269637692823         0.23742049E-04      0.19851617E+02     -0.10739307E-09      0.10833684E-03     -0.58607952E-15      0.41098715E-05     -0.15393246E-15
    0.275908336842         0.25544067E-04      0.20798482E+02     -0.10177002E-09      0.11934371E-03     -0.58396628E-15      0.48582334E-05     -0.15759431E-15
    0.282178980861         0.27455397E-04      0.21766913E+02     -0.96998808E-10      0.13126308E-03     -0.58494111E-15      0.56813374E-05     -0.16126227E-15
    0.288449624880         0.29480748E-04      0.22680906E+02     -0.92585894E-10      0.14367182E-03     -0.58648380E-15      0.65822523E-05     -0.16493990E-15
    0.294720268900         0.31624906E-04      0.23443901E+02     -0.87771532E-10      0.15591640E-03     -0.58373480E-15      0.75599485E-05     -0.16860029E-15
    0.300990912919         0.33892727E-04      0.23981049E+02     -0.83844870E-10      0.16736474E-03     -0.58515685E-15      0.86094332E-05     -0.17226960E-15
    0.307261556938         0.36289132E-04      0.24342993E+02     -0.80177724E-10      0.17819068E-03     -0.58690087E-15      0.97268035E-05     -0.17594985E-15
    0.313532200957         0.38819099E-04      0.24572742E+02     -0.76021565E-10      0.18856435E-03     -0.58336824E-15      0.10909223E-04     -0.17960794E-15
    0.319802844976         0.41487653E-04      0.24763972E+02     -0.72780696E-10      0.19911296E-03     -0.58518802E-15      0.12157790E-04     -0.18327745E-15
    0.326073488995         0.44299860E-04      0.24936244E+02     -0.69728534E-10      0.20997161E-03     -0.58713785E-15      0.13474447E-04     -0.18695918E-15
    0.332344133014         0.47260816E-04      0.25129118E+02     -0.66872197E-10      0.22147929E-03     -0.58938824E-15      0.14863265E-04     -0.19065502E-15
    0.338614777034         0.50375638E-04      0.25316184E+02     -0.63465795E-10      0.23342941E-03     -0.58519022E-15      0.16327018E-04     -0.19432454E-15
    0.344885421053         0.53649455E-04      0.25498771E+02     -0.60943583E-10      0.24583991E-03     -0.58757207E-15      0.17868592E-04     -0.19800900E-15
    0.351156065072         0.57087396E-04      0.25637021E+02     -0.58553258E-10      0.25831540E-03     -0.58997527E-15      0.19488396E-04     -0.20170852E-15
    0.357426709091         0.60694581E-04      0.25725931E+02     -0.55572091E-10      0.27075513E-03     -0.58487402E-15      0.21186205E-04     -0.20537606E-15
    0.363697353110         0.64476108E-04      0.25757708E+02     -0.53464573E-10      0.28301442E-03     -0.58744533E-15      0.22960888E-04     -0.20905972E-15
    0.369967997129         0.68437043E-04      0.25731199E+02     -0.51477438E-10      0.29500527E-03     -0.59018297E-15      0.24810761E-04     -0.21276055E-15
    0.376238641148         0.72582407E-04      0.25661851E+02     -0.49598290E-10      0.30683057E-03     -0.59303093E-15      0.26734786E-04     -0.21647923E-15
    0.382509285168         0.76917163E-04      0.25553021E+02     -0.47112158E-10      0.31846829E-03     -0.58716065E-15      0.28731787E-04     -0.22016111E-15
    0.388779929187         0.81446204E-04      0.25436095E+02     -0.45460125E-10      0.33026315E-03     -0.59025587E-15      0.30802750E-04     -0.22386239E-15
    0.395050573206         0.86174343E-04      0.25291828E+02     -0.43159470E-10      0.34193863E-03     -0.58350431E-15      0.32946926E-04     -0.22752134E-15
    0.401321217225         0.91106293E-04      0.25150133E+02     -0.41698230E-10      0.35386631E-03     -0.58670062E-15      0.35165895E-04     -0.23120033E-15
    0.407591861244         0.96246660E-04      0.24984509E+02     -0.40306315E-10      0.36565681E-03     -0.58989665E-15      0.37458799E-04     -0.23489936E-15
    0.413862505263         0.10159992E-03      0.24827382E+02     -0.38995880E-10      0.37775559E-03     -0.59333327E-15      0.39827570E-04     -0.23861995E-15
    0.420133149282         0.10717043E-03      0.24653107E+02     -0.37771226E-10      0.38976458E-03     -0.59716148E-15      0.42271645E-04     -0.24236453E-15
    0.426403793302         0.11296238E-03      0.24489874E+02     -0.35901930E-10      0.40210732E-03     -0.58948564E-15      0.44793117E-04     -0.24606099E-15
    0.432674437321         0.11897978E-03      0.24304826E+02     -0.34804844E-10      0.41423532E-03     -0.59319065E-15      0.47390639E-04     -0.24978067E-15
    0.438945081340         0.12522650E-03      0.24124685E+02     -0.33089340E-10      0.42657006E-03     -0.58508212E-15      0.50065508E-04     -0.25344952E-15
    0.445215725359         0.13170617E-03      0.23935596E+02     -0.32117784E-10      0.43885652E-03     -0.58887604E-15      0.52817421E-04     -0.25714215E-15
    0.451486369378         0.13842226E-03      0.23755564E+02     -0.31208946E-10      0.45140805E-03     -0.59303874E-15      0.55648040E-04     -0.26086088E-15
    0.457757013397         0.14537797E-03      0.23571379E+02     -0.30348045E-10      0.46397145E-03     -0.59736115E-15      0.58557440E-04     -0.26460672E-15
    0.464027657416         0.15257628E-03      0.23402139E+02     -0.29527757E-10      0.47691546E-03     -0.60175027E-15      0.61548007E-04     -0.26838008E-15
    0.470298301436         0.16001994E-03      0.23243216E+02     -0.28085917E-10      0.49016195E-03     -0.59228672E-15      0.64621638E-04     -0.27209410E-15
    0.476568945455         0.16771141E-03      0.23111998E+02     -0.27366246E-10      0.50410039E-03     -0.59689065E-15      0.67782672E-04     -0.27583699E-15
    0.482839589474         0.17565286E-03      0.23023751E+02     -0.26031945E-10      0.51912400E-03     -0.58695074E-15      0.71037914E-04     -0.27951755E-15
    0.489110233493         0.18384620E-03      0.23033170E+02     -0.25394281E-10      0.53659213E-03     -0.59159772E-15      0.74402692E-04     -0.28322725E-15
    0.495380877512         0.19229300E-03      0.23211975E+02     -0.24808254E-10      0.55844319E-03     -0.59684714E-15      0.77904490E-04     -0.28696987E-15
    0.501651521531         0.20099453E-03      0.23919717E+02     -0.24270936E-10      0.59399231E-03     -0.60271404E-15      0.81629205E-04     -0.29074927E-15
    0.507922165550         0.20995173E-03      0.27414992E+02     -0.23908005E-10      0.70234917E-03     -0.61250310E-15      0.86033386E-04     -0.29459006E-15
    0.514192809570         0.21916516E-03      0.29265595E+02     -0.22720701E-10      0.77311760E-03     -0.60021926E-15      0.90881332E-04     -0.29835382E-15
    0.520463453589         0.22863508E-03      0.25202923E+02     -0.22180858E-10      0.68619288E-03     -0.60391196E-15      0.95184203E-04     -0.30214074E-15
    0.526734097608         0.23836132E-03      0.23939819E+02     -0.21714529E-10      0.67144103E-03     -0.60902825E-15      0.99394571E-04     -0.30595974E-15
    0.533004741627         0.24834337E-03      0.30169763E+02     -0.21629118E-10      0.87123651E-03     -0.62460144E-15      0.10485778E-03     -0.30987639E-15
    0.539275385646         0.25858031E-03      0.35226032E+02     -0.21605992E-10      0.10468664E-02     -0.64209863E-15      0.11142231E-03     -0.31390276E-15
    0.545546029665         0.26907084E-03      0.32953381E+02     -0.19339825E-10      0.10073442E-02     -0.59119457E-15      0.11773901E-03     -0.31760993E-15
    0.551816673684         0.27981322E-03      0.29525279E+02     -0.19038415E-10      0.92791907E-03     -0.59833840E-15      0.12355766E-03     -0.32136190E-15
    0.558087317704         0.29080531E-03      0.29159448E+02     -0.18777008E-10      0.94172077E-03     -0.60641403E-15      0.12946285E-03     -0.32516451E-15
    0.564357961723         0.30204453E-03      0.29091821E+02     -0.18553499E-10      0.96500576E-03     -0.61543871E-15      0.13551406E-03     -0.32902370E-15
    0.570628605742         0.31352788E-03      0.28465862E+02     -0.18317804E-10      0.96937017E-03     -0.62379043E-15      0.14159264E-03     -0.33293527E-15
    0.576899249761         0.32525191E-03      0.27602550E+02     -0.18073284E-10      0.96452119E-03     -0.63153820E-15      0.14764081E-03     -0.33689542E-15
    0.583169893780         0.33721273E-03      0.26837658E+02     -0.16321232E-10      0.96182519E-03     -0.58493079E-15      0.15367207E-03     -0.34056332E-15
    0.589440537799         0.34940598E-03      0.26181980E+02     -0.16144137E-10      0.96191234E-03     -0.59312720E-15      0.15970388E-03     -0.34428261E-15
    0.595711181818         0.36182686E-03      0.25506866E+02     -0.15965266E-10      0.96020691E-03     -0.60101302E-15      0.16572499E-03     -0.34805134E-15
    0.601981825838         0.37447010E-03      0.24890063E+02     -0.15798519E-10      0.95962693E-03     -0.60910590E-15      0.17174247E-03     -0.35187083E-15
    0.608252469857         0.38732997E-03      0.24343640E+02     -0.15638580E-10      0.96078323E-03     -0.61721604E-15      0.17776720E-03     -0.35574117E-15
    0.614523113876         0.40040028E-03      0.23849406E+02     -0.15484023E-10      0.96311113E-03     -0.62529167E-15      0.18380653E-03     -0.35966215E-15
    0.620793757895         0.41367437E-03      0.23341797E+02     -0.15337721E-10      0.96402486E-03     -0.63345357E-15      0.18985159E-03     -0.36363432E-15
    0.627064401914         0.42714512E-03      0.22850787E+02     -0.13898068E-10      0.96473304E-03     -0.58675988E-15      0.19590108E-03     -0.36731368E-15
    0.633335045933         0.44080494E-03      0.22379726E+02     -0.13784070E-10      0.96540685E-03     -0.59461119E-15      0.20195481E-03     -0.37104227E-15
    0.639605689952         0.45464578E-03      0.21912688E+02     -0.13683982E-10      0.96538196E-03     -0.60285937E-15      0.20800837E-03     -0.37482259E-15
    0.645876333972         0.46865914E-03      0.21445054E+02     -0.13580309E-10      0.96444514E-03     -0.61074518E-15      0.21405607E-03     -0.37865236E-15
    0.652146977991         0.48283605E-03      0.20984883E+02     -0.13479138E-10      0.96294930E-03     -0.61852747E-15      0.22009438E-03     -0.38253092E-15
    0.658417622010         0.49716709E-03      0.20535489E+02     -0.13384231E-10      0.96105593E-03     -0.62637877E-15      0.22612082E-03     -0.38645872E-15
    0.664688266029         0.51164243E-03      0.20106553E+02     -0.13293637E-10      0.95924345E-03     -0.63421282E-15      0.23213589E-03     -0.39043564E-15
    0.670958910048         0.52625176E-03      0.19694415E+02     -0.12085265E-10      0.95737790E-03     -0.58748462E-15      0.23813927E-03     -0.39411955E-15
    0.677229554067         0.54098437E-03      0.19299737E+02     -0.12025644E-10      0.95552682E-03     -0.59538769E-15      0.24413104E-03     -0.39785301E-15
    0.683500198086         0.55582913E-03      0.18914388E+02     -0.11965196E-10      0.95331762E-03     -0.60306644E-15      0.25010895E-03     -0.40163463E-15
    0.689770842106         0.57077448E-03      0.18539888E+02     -0.11907507E-10      0.95084450E-03     -0.61069342E-15      0.25607136E-03     -0.40546407E-15
    0.696041486125         0.58580849E-03      0.18170310E+02     -0.11855257E-10      0.94781932E-03     -0.61840668E-15      0.26201480E-03     -0.40934188E-15
    0.702312130144         0.60091883E-03      0.17810471E+02     -0.11803790E-10      0.94450383E-03     -0.62596464E-15      0.26793744E-03     -0.41326708E-15
    0.708582774163         0.61609280E-03      0.17455453E+02     -0.10756748E-10      0.94065277E-03     -0.57966782E-15      0.27383594E-03     -0.41690197E-15
    0.714853418182         0.63131734E-03      0.17108619E+02     -0.10728005E-10      0.93645809E-03     -0.58720853E-15      0.27970814E-03     -0.42058414E-15
    0.721124062201         0.64657905E-03      0.16766101E+02     -0.10702671E-10      0.93172209E-03     -0.59476649E-15      0.28555064E-03     -0.42431371E-15
    0.727394706220         0.66186420E-03      0.16432616E+02     -0.10670341E-10      0.92671913E-03     -0.60175501E-15      0.29136176E-03     -0.42808711E-15
    0.733665350240         0.67715875E-03      0.16107179E+02     -0.10645332E-10      0.92141365E-03     -0.60896786E-15      0.29713962E-03     -0.43190573E-15
    0.739935994259         0.69244838E-03      0.15793453E+02     -0.10621231E-10      0.91603699E-03     -0.61604266E-15      0.30288376E-03     -0.43576871E-15
    0.746206638278         0.70771846E-03      0.15488748E+02     -0.10594910E-10      0.91045901E-03     -0.62278960E-15      0.30859292E-03     -0.43967400E-15
    0.752477282297         0.72295415E-03      0.15191645E+02     -0.10574989E-10      0.90461723E-03     -0.62970910E-15      0.31426546E-03     -0.44362268E-15
    0.758747926316         0.73814035E-03      0.14901456E+02     -0.97059516E-11      0.89848909E-03     -0.58522413E-15      0.31989956E-03     -0.44729242E-15
    0.765018570335         0.75326174E-03      0.14618127E+02     -0.96971610E-11      0.89208933E-03     -0.59178127E-15      0.32549354E-03     -0.45100327E-15
    0.771289214354         0.76830282E-03      0.14342656E+02     -0.96942510E-11      0.88549766E-03     -0.59851095E-15      0.33104618E-03     -0.45475631E-15
    0.777559858374         0.78324792E-03      0.14071705E+02     -0.96891275E-11      0.87852638E-03     -0.60491279E-15      0.33655510E-03     -0.45854951E-15
    0.783830502393         0.79808122E-03      0.13807092E+02     -0.96830741E-11      0.87130421E-03     -0.61105579E-15      0.34201874E-03     -0.46238122E-15
    0.790101146412         0.81278676E-03      0.13546374E+02     -0.89141069E-11      0.86369356E-03     -0.56834814E-15      0.34743466E-03     -0.46594513E-15
    0.796371790431         0.82734851E-03      0.13294243E+02     -0.89245314E-11      0.85601014E-03     -0.57464644E-15      0.35280239E-03     -0.46954853E-15
    0.802642434450         0.84175034E-03      0.13045436E+02     -0.89340901E-11      0.84793481E-03     -0.58070316E-15      0.35811949E-03     -0.47318992E-15
    0.808913078469         0.85597609E-03      0.12801598E+02     -0.89468619E-11      0.83958878E-03     -0.58677714E-15      0.36338425E-03     -0.47686939E-15
    0.815183722488         0.87000955E-03      0.12558482E+02     -0.89581741E-11      0.83070788E-03     -0.59255777E-15      0.36859333E-03     -0.48058510E-15
    0.821454366508         0.88383453E-03      0.12319948E+02     -0.89668735E-11      0.82155960E-03     -0.59795877E-15      0.37374503E-03     -0.48433469E-15
    0.827725010527         0.89743486E-03      0.12081776E+02     -0.89810806E-11      0.81187717E-03     -0.60351508E-15      0.37883603E-03     -0.48811912E-15
    0.833995654546         0.91079443E-03      0.11846390E+02     -0.89908276E-11      0.80183553E-03     -0.60855372E-15      0.38386405E-03     -0.49193514E-15
    0.840266298565         0.92389720E-03      0.11611251E+02     -0.90011126E-11      0.79127671E-03     -0.61340255E-15      0.38882587E-03     -0.49578157E-15
    0.846536942584         0.93672724E-03      0.11379854E+02     -0.90127682E-11      0.78045273E-03     -0.61811333E-15      0.39371981E-03     -0.49965754E-15
    0.852807586603         0.94926875E-03      0.11154303E+02     -0.83875468E-11      0.76952590E-03     -0.57864974E-15      0.39854523E-03     -0.50328605E-15
    0.859078230622         0.96150611E-03      0.10934698E+02     -0.84095940E-11      0.75852307E-03     -0.58336053E-15      0.40330166E-03     -0.50694409E-15
    0.865348874641         0.97342387E-03      0.10718420E+02     -0.84328543E-11      0.74728145E-03     -0.58793326E-15      0.40798759E-03     -0.51063081E-15
    0.871619518661         0.98500679E-03      0.10503991E+02     -0.84524676E-11      0.73571446E-03     -0.59202284E-15      0.41260100E-03     -0.51434318E-15
    0.877890162680         0.99623989E-03      0.10296735E+02     -0.78888282E-11      0.72421239E-03     -0.55485425E-15      0.41714228E-03     -0.51782247E-15
    0.884160806699         0.10071084E-02      0.10095673E+02     -0.79224952E-11      0.71272653E-03     -0.55930620E-15      0.42161153E-03     -0.52132968E-15
    0.890431450718         0.10175980E-02      0.99072044E+01     -0.79541752E-11      0.70172922E-03     -0.56339578E-15      0.42601182E-03     -0.52486254E-15
    0.896702094737         0.10276945E-02      0.97257240E+01     -0.79839667E-11      0.69084478E-03     -0.56712299E-15      0.43034387E-03     -0.52841876E-15
    0.902972738756         0.10373842E-02      0.95649157E+01     -0.80182599E-11      0.68106539E-03     -0.57093648E-15      0.43461458E-03     -0.53199890E-15
    0.909243382775         0.10466537E-02      0.94272970E+01     -0.80525022E-11      0.67259358E-03     -0.57450840E-15      0.43883218E-03     -0.53560144E-15
    0.915514026795         0.10554899E-02      0.93244587E+01     -0.80853171E-11      0.66627788E-03     -0.57773520E-15      0.44301017E-03     -0.53922421E-15
    0.921784670814         0.10638804E-02      0.92474785E+01     -0.81266679E-11      0.66149923E-03     -0.58132436E-15      0.44715820E-03     -0.54286949E-15
    0.928055314833         0.10718130E-02      0.92071992E+01     -0.81691275E-11      0.65904549E-03     -0.58474097E-15      0.45129084E-03     -0.54653619E-15
    0.934325958852         0.10792761E-02      0.92301787E+01     -0.82169836E-11      0.66082573E-03     -0.58828700E-15      0.45543464E-03     -0.55022513E-15
    0.940596602871         0.10862586E-02      0.93660825E+01     -0.77513870E-11      0.67039453E-03     -0.55481974E-15      0.45963844E-03     -0.55370421E-15
    0.946867246890         0.10927497E-02      0.96504828E+01     -0.78193142E-11      0.69027686E-03     -0.55929757E-15      0.46396693E-03     -0.55721136E-15
    0.953137890909         0.10987394E-02      0.99726945E+01     -0.78956930E-11      0.71251524E-03     -0.56412052E-15      0.46843485E-03     -0.56074876E-15
    0.959408534929         0.11042182E-02      0.10375190E+02     -0.73983997E-11      0.74009944E-03     -0.52775431E-15      0.47307575E-03     -0.56405812E-15
    0.965679178948         0.11091771E-02      0.10646860E+02     -0.74735758E-11      0.75793552E-03     -0.53203370E-15      0.47782850E-03     -0.56739432E-15
    0.971949822967         0.11136077E-02      0.10791274E+02     -0.75489173E-11      0.76630877E-03     -0.53606289E-15      0.48263375E-03     -0.57075578E-15
    0.978220466986         0.11175024E-02      0.10658650E+02     -0.76236610E-11      0.75466915E-03     -0.53978147E-15      0.48736601E-03     -0.57414055E-15
    0.984491111005         0.11208540E-02      0.12664233E+02     -0.77893429E-11      0.89363220E-03     -0.54964306E-15      0.49296966E-03     -0.57758717E-15
    0.990761755024         0.11236560E-02      0.19133136E+02     -0.82217574E-11      0.13449093E-02     -0.57792501E-15      0.50140311E-03     -0.58121113E-15
    0.997032399043         0.11259028E-02      0.22366880E+02     -0.85733542E-11      0.15654518E-02     -0.60004670E-15      0.51121950E-03     -0.58497381E-15
    1.003303043063         0.11275890E-02      0.19576846E+02     -0.85655711E-11      0.13636537E-02     -0.59664735E-15      0.51977048E-03     -0.58871517E-15
    1.009573687082         0.11287105E-02      0.19203200E+02     -0.86989461E-11      0.13306407E-02     -0.60277309E-15      0.52811446E-03     -0.59249495E-15
    1.015844331101         0.11292634E-02      0.22956257E+02     -0.91872276E-11      0.15816553E-02     -0.63298767E-15      0.53803246E-03     -0.59646419E-15
    1.022114975120         0.11292448E-02      0.26734635E+02     -0.97410338E-11      0.18306499E-02     -0.66701574E-15      0.54951181E-03     -0.60064681E-15
    1.028385619139         0.11286525E-02      0.25109454E+02     -0.83805196E-11      0.17079855E-02     -0.57005645E-15      0.56022198E-03     -0.60422143E-15
    1.034656263158         0.11274848E-02      0.17060604E+02     -0.71866650E-11      0.11522633E-02     -0.48538315E-15      0.56744741E-03     -0.60726509E-15
    1.040926907177         0.11257412E-02      0.11154436E+02     -0.79299322E-11      0.74766767E-03     -0.53153329E-15      0.57213577E-03     -0.61059815E-15
    1.047197551197         0.11234215E-02      0.12014846E+02     -0.74119388E-11      0.79886793E-03     -0.49282032E-15      0.57714519E-03     -0.61368845E-15
    1.053468195216         0.11205265E-02      0.13139072E+02     -0.82985286E-11      0.86617983E-03     -0.54707197E-15      0.58257669E-03     -0.61711894E-15
    1.059738839235         0.11170577E-02      0.10250906E+02     -0.75821299E-11      0.66970214E-03     -0.49534827E-15      0.58677616E-03     -0.62022510E-15
    1.066009483254         0.11130174E-02      0.74517022E+01     -0.79906639E-11      0.48221315E-03     -0.51709034E-15      0.58979994E-03     -0.62346759E-15
    1.072280127273         0.11084087E-02      0.66516638E+01     -0.76075593E-11      0.42615209E-03     -0.48739343E-15      0.59247219E-03     -0.62652386E-15
    1.078550771292         0.11032353E-02      0.62508745E+01     -0.80131887E-11      0.39628807E-03     -0.50801389E-15      0.59495717E-03     -0.62970943E-15
    1.084821415311         0.10975018E-02      0.59255567E+01     -0.77094537E-11      0.37155134E-03     -0.48340738E-15      0.59728704E-03     -0.63274071E-15
    1.091092059331         0.10912137E-02      0.56747525E+01     -0.74409803E-11      0.35175316E-03     -0.46123392E-15      0.59949276E-03     -0.63563294E-15
    1.097362703350         0.10843770E-02      0.54689696E+01     -0.78178860E-11      0.33494868E-03     -0.47880876E-15      0.60159310E-03     -0.63863538E-15
    1.103633347369         0.10769985E-02      0.52915865E+01     -0.75725711E-11      0.32005076E-03     -0.45801144E-15      0.60360003E-03     -0.64150741E-15
    1.109903991388         0.10690860E-02      0.51174469E+01     -0.79289920E-11      0.30550846E-03     -0.47335599E-15      0.60551576E-03     -0.64447565E-15
    1.116174635407         0.10606478E-02      0.49673597E+01     -0.77022683E-11      0.29255486E-03     -0.45362851E-15      0.60735027E-03     -0.64732020E-15
    1.122445279426         0.10516929E-02      0.50273998E+01     -0.80662152E-11      0.29195093E-03     -0.46842088E-15      0.60918099E-03     -0.65025750E-15
    1.128715923445         0.10422313E-02      0.53356559E+01     -0.78791025E-11      0.30535846E-03     -0.45091938E-15      0.61109578E-03     -0.65308505E-15
    1.134986567465         0.10322736E-02      0.52844342E+01     -0.82558267E-11      0.29788268E-03     -0.46537958E-15      0.61296370E-03     -0.65600328E-15
    1.141257211484         0.10218309E-02      0.47802149E+01     -0.79950221E-11      0.26526843E-03     -0.44366771E-15      0.61462710E-03     -0.65878536E-15
    1.147527855503         0.10109152E-02      0.45236352E+01     -0.83080274E-11      0.24699135E-03     -0.45361988E-15      0.61617590E-03     -0.66162985E-15
    1.153798499522         0.99953920E-03      0.45039141E+01     -0.81284854E-11      0.24182580E-03     -0.43643760E-15      0.61769230E-03     -0.66436660E-15
    1.160069143541         0.98771619E-03      0.43659926E+01     -0.79471740E-11      0.23039549E-03     -0.41937612E-15      0.61913703E-03     -0.66699636E-15
    1.166339787560         0.97546013E-03      0.41976345E+01     -0.77816823E-11      0.21758639E-03     -0.40336722E-15      0.62050144E-03     -0.66952573E-15
    1.172610431579         0.96278560E-03      0.40785779E+01     -0.76313781E-11      0.20755217E-03     -0.38834837E-15      0.62180292E-03     -0.67196092E-15
    1.178881075599         0.94970780E-03      0.39710497E+01     -0.79457524E-11      0.19827502E-03     -0.39673244E-15      0.62304623E-03     -0.67444869E-15
    1.185151719618         0.93624252E-03      0.38447255E+01     -0.78080066E-11      0.18824456E-03     -0.38229380E-15      0.62422665E-03     -0.67684592E-15
    1.191422363637         0.92240614E-03      0.37185135E+01     -0.81083427E-11      0.17843025E-03     -0.38907310E-15      0.62534552E-03     -0.67928566E-15
    1.197693007656         0.90821557E-03      0.36108051E+01     -0.79850218E-11      0.16970325E-03     -0.37528587E-15      0.62640967E-03     -0.68163894E-15
    1.203963651675         0.89368826E-03      0.35138777E+01     -0.82738148E-11      0.16165978E-03     -0.38064589E-15      0.62742338E-03     -0.68402584E-15
    1.210234295694         0.87884217E-03      0.34127344E+01     -0.81630998E-11      0.15359837E-03     -0.36740005E-15      0.62838654E-03     -0.68632967E-15
    1.216504939713         0.86369574E-03      0.33128274E+01     -0.84415916E-11      0.14577679E-03     -0.37146159E-15      0.62930066E-03     -0.68865897E-15
    1.222775583733         0.84826788E-03      0.32176481E+01     -0.83448015E-11      0.13834628E-03     -0.35879381E-15      0.63016818E-03     -0.69090884E-15
    1.229046227752         0.83257790E-03      0.31255768E+01     -0.86133192E-11      0.13122891E-03     -0.36163452E-15      0.63099107E-03     -0.69317652E-15
    1.235316871771         0.81664556E-03      0.30365758E+01     -0.85276238E-11      0.12441766E-03     -0.34940245E-15      0.63177124E-03     -0.69536750E-15
    1.241587515790         0.80049097E-03      0.29505059E+01     -0.87887894E-11      0.11790121E-03     -0.35119703E-15      0.63251056E-03     -0.69756973E-15
    1.247858159809         0.78413460E-03      0.28681660E+01     -0.87138230E-11      0.11170493E-03     -0.33937262E-15      0.63321102E-03     -0.69969782E-15
    1.254128803828         0.76759725E-03      0.27889479E+01     -0.86500190E-11      0.10579724E-03     -0.32813382E-15      0.63387444E-03     -0.70175543E-15
    1.260399447847         0.75090000E-03      0.27126055E+01     -0.89033696E-11      0.10016205E-03     -0.32875395E-15      0.63450252E-03     -0.70381693E-15
    1.266670091867         0.73406423E-03      0.26384805E+01     -0.88491069E-11      0.94769179E-04     -0.31784301E-15      0.63509678E-03     -0.70581001E-15
    1.272940735886         0.71711152E-03      0.25645031E+01     -0.90961955E-11      0.89541510E-04     -0.31760035E-15      0.63565827E-03     -0.70780157E-15
    1.279211379905         0.70006367E-03      0.24899488E+01     -0.90523537E-11      0.84455574E-04     -0.30704315E-15      0.63618786E-03     -0.70972693E-15
    1.285482023924         0.68294267E-03      0.24172401E+01     -0.92914028E-11      0.79594068E-04     -0.30594418E-15      0.63668696E-03     -0.71164539E-15
    1.291752667943         0.66577064E-03      0.23479323E+01     -0.92571827E-11      0.75002116E-04     -0.29571053E-15      0.63715728E-03     -0.71349969E-15
    1.298023311962         0.64856983E-03      0.22813747E+01     -0.94889066E-11      0.70650225E-04     -0.29385501E-15      0.63760030E-03     -0.71534235E-15
    1.304293955981         0.63136256E-03      0.22170430E+01     -0.94623491E-11      0.66515082E-04     -0.28388666E-15      0.63801739E-03     -0.71712250E-15
    1.310564600001         0.61417120E-03      0.21518649E+01     -0.96892250E-11      0.62501247E-04     -0.28142504E-15      0.63840931E-03     -0.71888722E-15
    1.316835244020         0.59701816E-03      0.20779932E+01     -0.96680898E-11      0.58390596E-04     -0.27166860E-15      0.63877546E-03     -0.72059075E-15
    1.323105888039         0.57992583E-03      0.19775900E+01     -0.98797479E-11      0.53722570E-04     -0.26839004E-15      0.63911233E-03     -0.72227373E-15
    1.329376532058         0.56291656E-03      0.18564260E+01     -0.98617917E-11      0.48721015E-04     -0.25881803E-15      0.63941785E-03     -0.72389669E-15
    1.335647176077         0.54601263E-03      0.17831742E+01     -0.98610858E-11      0.45180120E-04     -0.24984942E-15      0.63970116E-03     -0.72546341E-15
    1.341917820096         0.52923619E-03      0.17452456E+01     -0.98662883E-11      0.42660195E-04     -0.24116823E-15      0.63996866E-03     -0.72697569E-15
    1.348188464115         0.51260931E-03      0.16705856E+01     -0.98755701E-11      0.39368358E-04     -0.23272376E-15      0.64021553E-03     -0.72843501E-15
    1.354459108135         0.49615384E-03      0.15863952E+01     -0.10070122E-10      0.36016750E-04     -0.22862717E-15      0.64044138E-03     -0.72986865E-15
    1.360729752154         0.47989145E-03      0.15224448E+01     -0.10081941E-10      0.33277859E-04     -0.22037279E-15      0.64065005E-03     -0.73125053E-15
    1.367000396173         0.46384360E-03      0.14617159E+01     -0.10263628E-10      0.30740333E-04     -0.21584723E-15      0.64084281E-03     -0.73260403E-15
    1.373271040192         0.44803146E-03      0.13975071E+01     -0.10273797E-10      0.28258491E-04     -0.20774276E-15      0.64102001E-03     -0.73390671E-15
    1.379541684211         0.43247595E-03      0.13320662E+01     -0.10436934E-10      0.25881869E-04     -0.20278824E-15      0.64118231E-03     -0.73517833E-15
    1.385812328230         0.41719764E-03      0.12683828E+01     -0.10442966E-10      0.23666305E-04     -0.19485160E-15      0.64133071E-03     -0.73640017E-15
    1.392082972249         0.40221676E-03      0.12069421E+01     -0.10584632E-10      0.21613452E-04     -0.18954550E-15      0.64146624E-03     -0.73758874E-15
    1.398353616269         0.38755318E-03      0.11483653E+01     -0.10580390E-10      0.19725910E-04     -0.18174340E-15      0.64158993E-03     -0.73872839E-15
    1.404624260288         0.37322634E-03      0.10908113E+01     -0.10697151E-10      0.17964056E-04     -0.17616633E-15      0.64170258E-03     -0.73983307E-15
    1.410894904307         0.35925529E-03      0.10337998E+01     -0.10680916E-10      0.16315021E-04     -0.16856200E-15      0.64180488E-03     -0.74089006E-15
    1.417165548326         0.34565858E-03      0.97807826E+00     -0.10652085E-10      0.14785739E-04     -0.16102898E-15      0.64189760E-03     -0.74189982E-15
    1.423436192345         0.33245430E-03      0.92397749E+00     -0.10719940E-10      0.13375130E-04     -0.15517758E-15      0.64198147E-03     -0.74287288E-15
    1.429706836364         0.31966002E-03      0.87090945E+00     -0.10660754E-10      0.12068603E-04     -0.14773110E-15      0.64205715E-03     -0.74379925E-15
    1.435977480383         0.30729279E-03      0.81862166E+00     -0.10681701E-10      0.10857520E-04     -0.14167324E-15      0.64212523E-03     -0.74468763E-15
    1.442248124402         0.29536908E-03      0.76718820E+00     -0.10588328E-10      0.97379969E-05     -0.13439872E-15      0.64218630E-03     -0.74553040E-15
    1.448518768422         0.28390479E-03      0.71701413E+00     -0.10547977E-10      0.87100167E-05     -0.12813284E-15      0.64224091E-03     -0.74633387E-15
    1.454789412441         0.27291523E-03      0.66792681E+00     -0.10400789E-10      0.77660322E-05     -0.12093071E-15      0.64228961E-03     -0.74709219E-15
    1.461060056460         0.26241505E-03      0.61929180E+00     -0.10296196E-10      0.68938000E-05     -0.11461465E-15      0.64233284E-03     -0.74781089E-15
    1.467330700479         0.25241829E-03      0.57188199E+00     -0.10087928E-10      0.60973610E-05     -0.10755670E-15      0.64237108E-03     -0.74848534E-15
    1.473601344498         0.24293830E-03      0.52625086E+00     -0.99006752E-11      0.53771415E-05     -0.10116341E-15      0.64240479E-03     -0.74911970E-15
    1.479871988517         0.23398775E-03      0.48184797E+00     -0.96091970E-11      0.47219532E-05     -0.94167000E-16      0.64243440E-03     -0.74971019E-15
    1.486142632536         0.22557861E-03      0.43850007E+00     -0.93236047E-11      0.41252451E-05     -0.87712996E-16      0.64246027E-03     -0.75026021E-15
    1.492413276556         0.21772213E-03      0.39672661E+00     -0.89363933E-11      0.35871330E-05     -0.80801314E-16      0.64248276E-03     -0.75076689E-15
    1.498683920575         0.21042883E-03      0.35575052E+00     -0.85010687E-11      0.30958750E-05     -0.73979500E-16      0.64250218E-03     -0.75123078E-15
    1.504954564594         0.20370846E-03      0.31418985E+00     -0.80542193E-11      0.26358489E-05     -0.67569671E-16      0.64251871E-03     -0.75165449E-15
    1.511225208613         0.19757003E-03      0.27248208E+00     -0.75106382E-11      0.22078649E-05     -0.60857120E-16      0.64253255E-03     -0.75203610E-15
    1.517495852632         0.19202175E-03      0.23442016E+00     -0.69112722E-11      0.18384869E-05     -0.54203033E-16      0.64254408E-03     -0.75237599E-15
    1.523766496651         0.18707106E-03      0.20022407E+00     -0.62535645E-11      0.15235165E-05     -0.47583732E-16      0.64255363E-03     -0.75267437E-15
    1.530037140670         0.18272459E-03      0.16709352E+00     -0.55674790E-11      0.12367938E-05     -0.41209400E-16      0.64256139E-03     -0.75293278E-15
    1.536307784690         0.17898817E-03      0.13500547E+00     -0.48087466E-11      0.97485523E-06     -0.34723274E-16      0.64256750E-03     -0.75315052E-15
    1.542578428709         0.17586680E-03      0.10497458E+00     -0.40150711E-11      0.74176006E-06     -0.28370862E-16      0.64257215E-03     -0.75332842E-15
    1.548849072728         0.17336467E-03      0.77423606E-01     -0.31677984E-11      0.53711535E-06     -0.21976155E-16      0.64257552E-03     -0.75346623E-15
    1.555119716747         0.17148513E-03      0.52474815E-01     -0.22947294E-11      0.35863794E-06     -0.15683276E-16      0.64257777E-03     -0.75356457E-15
    1.561390360766         0.17023070E-03      0.29803514E-01     -0.13762607E-11      0.20138937E-06     -0.92997177E-17      0.64257903E-03     -0.75362289E-15
    1.567661004785         0.16960307E-03      0.92756834E-02     -0.45906840E-12      0.62197100E-07     -0.30782339E-17      0.64257942E-03     -0.75364219E-15
    1.573931648804         0.16960307E-03     -0.85430847E-02      0.46597451E-12     -0.57056512E-07      0.31120937E-17      0.64257906E-03     -0.75362267E-15
    1.580202292824         0.17023070E-03     -0.23863743E-01      0.13804378E-11     -0.15933326E-06      0.92168964E-17      0.64257807E-03     -0.75356488E-15
    1.586472936843         0.17148513E-03     -0.36967562E-01      0.22845222E-11     -0.24766081E-06      0.15304948E-16      0.64257651E-03     -0.75346891E-15
    1.592743580862         0.17336467E-03     -0.46768862E-01      0.31592391E-11     -0.31551079E-06      0.21312770E-16      0.64257453E-03     -0.75333526E-15
    1.599014224881         0.17586680E-03     -0.53994443E-01      0.40001292E-11     -0.36806395E-06      0.27267683E-16      0.64257223E-03     -0.75316428E-15
    1.605284868900         0.17898817E-03     -0.60252247E-01      0.47979487E-11     -0.41637835E-06      0.33156639E-16      0.64256962E-03     -0.75295636E-15
    1.611555512919         0.18272459E-03     -0.65332871E-01      0.55562748E-11     -0.45911994E-06      0.39046142E-16      0.64256674E-03     -0.75271152E-15
    1.617826156938         0.18707106E-03     -0.68016026E-01      0.62572669E-11     -0.48744844E-06      0.44843770E-16      0.64256368E-03     -0.75243032E-15
    1.624096800958         0.19202175E-03     -0.68807281E-01      0.69029134E-11     -0.50421480E-06      0.50584053E-16      0.64256052E-03     -0.75211312E-15
    1.630367444977         0.19757003E-03     -0.68515736E-01      0.74841539E-11     -0.51459857E-06      0.56210954E-16      0.64255729E-03     -0.75176064E-15
    1.636638088996         0.20370846E-03     -0.66988855E-01      0.80260607E-11     -0.51677518E-06      0.61915806E-16      0.64255405E-03     -0.75137239E-15
    1.642908733015         0.21042883E-03     -0.64628571E-01      0.84915134E-11     -0.51304922E-06      0.67409263E-16      0.64255083E-03     -0.75094969E-15
    1.649179377034         0.21772213E-03     -0.61845082E-01      0.89089790E-11     -0.50603730E-06      0.72896268E-16      0.64254766E-03     -0.75049259E-15
    1.655450021053         0.22557861E-03     -0.58527413E-01      0.92598261E-11     -0.49429230E-06      0.78203708E-16      0.64254456E-03     -0.75000220E-15
    1.661720665072         0.23398775E-03     -0.54864021E-01      0.95727926E-11     -0.47881242E-06      0.83544222E-16      0.64254156E-03     -0.74947832E-15
    1.667991309092         0.24293830E-03     -0.51096265E-01      0.98296545E-11     -0.46124750E-06      0.88732584E-16      0.64253867E-03     -0.74892191E-15
    1.674261953111         0.25241829E-03     -0.47213457E-01      0.10048669E-10     -0.44116991E-06      0.93896335E-16      0.64253590E-03     -0.74833312E-15
    1.680532597130         0.26241505E-03     -0.43347480E-01      0.10228278E-10     -0.41951581E-06      0.98989018E-16      0.64253327E-03     -0.74771240E-15
    1.686803241149         0.27291523E-03     -0.39677388E-01      0.10366437E-10     -0.39787723E-06      0.10395264E-15      0.64253077E-03     -0.74706055E-15
    1.693073885168         0.28390479E-03     -0.36236082E-01      0.10479563E-10     -0.37660035E-06      0.10891374E-15      0.64252841E-03     -0.74637759E-15
    1.699344529187         0.29536908E-03     -0.33075244E-01      0.10553834E-10     -0.35631108E-06      0.11369373E-15      0.64252618E-03     -0.74566465E-15
    1.705615173206         0.30729279E-03     -0.30223858E-01      0.10607931E-10     -0.33749232E-06      0.11845262E-15      0.64252406E-03     -0.74492188E-15
    1.711885817226         0.31966002E-03     -0.27643035E-01      0.10635306E-10     -0.31992039E-06      0.12308530E-15      0.64252206E-03     -0.74415006E-15
    1.718156461245         0.33245430E-03     -0.25222637E-01      0.10647697E-10     -0.30248400E-06      0.12769315E-15      0.64252016E-03     -0.74334934E-15
    1.724427105264         0.34565858E-03     -0.22923344E-01      0.10639126E-10     -0.28478896E-06      0.13217556E-15      0.64251837E-03     -0.74252051E-15
    1.730697749283         0.35925529E-03     -0.20651517E-01      0.10618721E-10     -0.26569084E-06      0.13661451E-15      0.64251671E-03     -0.74166385E-15
    1.736968393302         0.37322634E-03     -0.18358728E-01      0.10580541E-10     -0.24449255E-06      0.14090647E-15      0.64251517E-03     -0.74078028E-15
    1.743239037321         0.38755318E-03     -0.16216333E-01      0.10536759E-10     -0.22344451E-06      0.14518578E-15      0.64251377E-03     -0.73986987E-15
    1.749509681340         0.40221676E-03     -0.14465354E-01      0.10477669E-10     -0.20611783E-06      0.14929703E-15      0.64251248E-03     -0.73893368E-15
    1.755780325360         0.41719764E-03     -0.13183504E-01      0.10411670E-10     -0.19415349E-06      0.15333268E-15      0.64251126E-03     -0.73797219E-15
    1.762050969379         0.43247595E-03     -0.12261224E-01      0.10341961E-10     -0.18651768E-06      0.15732186E-15      0.64251009E-03     -0.73698568E-15
    1.768321613398         0.44803146E-03     -0.11669496E-01      0.10261294E-10     -0.18324917E-06      0.16113580E-15      0.64250894E-03     -0.73597525E-15
    1.774592257417         0.46384360E-03     -0.11963623E-01      0.10180034E-10     -0.19381099E-06      0.16491679E-15      0.64250773E-03     -0.73494112E-15
    1.780862901436         0.47989145E-03     -0.13862449E-01      0.10095102E-10     -0.23152354E-06      0.16860323E-15      0.64250628E-03     -0.73388387E-15
    1.787133545455         0.49615384E-03     -0.16458716E-01      0.10011067E-10     -0.28320307E-06      0.17225919E-15      0.64250450E-03     -0.73280369E-15
    1.793404189474         0.51260931E-03     -0.17525724E-01      0.99197795E-11     -0.31047522E-06      0.17573287E-15      0.64250255E-03     -0.73170173E-15
    1.799674833494         0.52923619E-03     -0.16579560E-01      0.98298755E-11     -0.30218380E-06      0.17916212E-15      0.64250066E-03     -0.73057827E-15
    1.805945477513         0.54601263E-03     -0.14739037E-01      0.97385724E-11     -0.27619120E-06      0.18248872E-15      0.64249893E-03     -0.72943395E-15
    1.812216121532         0.56291656E-03     -0.12817803E-01      0.96460122E-11     -0.24676883E-06      0.18570539E-15      0.64249738E-03     -0.72826946E-15
    1.818486765551         0.57992583E-03     -0.11353574E-01      0.95527259E-11     -0.22440761E-06      0.18881318E-15      0.64249597E-03     -0.72708547E-15
    1.824757409570         0.59701816E-03     -0.10703126E-01      0.94591000E-11     -0.21703798E-06      0.19181161E-15      0.64249461E-03     -0.72588269E-15
    1.831028053589         0.61417120E-03     -0.11181279E-01      0.93661176E-11     -0.23244949E-06      0.19471380E-15      0.64249315E-03     -0.72466171E-15
    1.837298697608         0.63136256E-03     -0.12205447E-01      0.92758943E-11     -0.25995335E-06      0.19755932E-15      0.64249152E-03     -0.72342289E-15
    1.843569341628         0.64856983E-03     -0.11858511E-01      0.91892617E-11     -0.25856523E-06      0.20036440E-15      0.64248990E-03     -0.72216647E-15
    1.849839985647         0.66577064E-03     -0.95017658E-02      0.90997272E-11     -0.21195198E-06      0.20298387E-15      0.64248857E-03     -0.72089363E-15
    1.856110629666         0.68294267E-03     -0.69177990E-02      0.90136656E-11     -0.15775786E-06      0.20555333E-15      0.64248758E-03     -0.71960468E-15
    1.862381273685         0.70006367E-03     -0.54934617E-02      0.89278946E-11     -0.12798460E-06      0.20799872E-15      0.64248678E-03     -0.71830040E-15
    1.868651917704         0.71711152E-03     -0.49355312E-02      0.88443121E-11     -0.11739102E-06      0.21036090E-15      0.64248605E-03     -0.71698130E-15
    1.874922561723         0.73406423E-03     -0.48555939E-02      0.87625627E-11     -0.11782454E-06      0.21263000E-15      0.64248531E-03     -0.71564797E-15
    1.881193205742         0.75090000E-03     -0.52358039E-02      0.86845091E-11     -0.12953131E-06      0.21485064E-15      0.64248449E-03     -0.71430072E-15
    1.887463849762         0.76759725E-03     -0.64321278E-02      0.86058463E-11     -0.16212579E-06      0.21691572E-15      0.64248348E-03     -0.71294052E-15
    1.893734493781         0.78413460E-03     -0.84250489E-02      0.85311970E-11     -0.21621541E-06      0.21893953E-15      0.64248212E-03     -0.71156763E-15
    1.900005137800         0.80049097E-03     -0.10660031E-01      0.84592500E-11     -0.27835741E-06      0.22089007E-15      0.64248038E-03     -0.71018250E-15
    1.906275781819         0.81664556E-03     -0.12822403E-01      0.83881572E-11     -0.34045519E-06      0.22271892E-15      0.64247824E-03     -0.70878591E-15
    1.912546425838         0.83257790E-03     -0.13371202E-01      0.83186819E-11     -0.36076636E-06      0.22444508E-15      0.64247598E-03     -0.70737850E-15
    1.918817069857         0.84826788E-03     -0.12105456E-01      0.82503437E-11     -0.33168304E-06      0.22605502E-15      0.64247390E-03     -0.70596099E-15
    1.925087713876         0.86369574E-03     -0.11209589E-01      0.81862167E-11     -0.31170418E-06      0.22763350E-15      0.64247195E-03     -0.70453358E-15
    1.931358357896         0.87884217E-03     -0.11349540E-01      0.81229480E-11     -0.32008769E-06      0.22908907E-15      0.64246994E-03     -0.70309704E-15
    1.937629001915         0.89368826E-03     -0.11942073E-01      0.80617661E-11     -0.34137980E-06      0.23045615E-15      0.64246780E-03     -0.70165193E-15
    1.943899645934         0.90821557E-03     -0.12930903E-01      0.80025759E-11     -0.37444378E-06      0.23173284E-15      0.64246545E-03     -0.70019882E-15
    1.950170289953         0.92240614E-03     -0.14282960E-01      0.79478902E-11     -0.41870730E-06      0.23299370E-15      0.64246282E-03     -0.69873780E-15
    1.956440933972         0.93624252E-03     -0.16782533E-01      0.78956643E-11     -0.49776206E-06      0.23418171E-15      0.64245970E-03     -0.69726933E-15
    1.962711577991         0.94970780E-03     -0.20478161E-01      0.78444521E-11     -0.61413966E-06      0.23525497E-15      0.64245585E-03     -0.69579413E-15
    1.968982222010         0.96278560E-03     -0.30561216E-01      0.77948726E-11     -0.92619216E-06      0.23623242E-15      0.64245004E-03     -0.69431280E-15
    1.975252866030         0.97546013E-03     -0.49783733E-01      0.77531014E-11     -0.15237614E-05      0.23730395E-15      0.64244049E-03     -0.69282475E-15
    1.981523510049         0.98771619E-03     -0.53045765E-01      0.77044993E-11     -0.16388014E-05      0.23802361E-15      0.64243021E-03     -0.69133219E-15
    1.987794154068         0.99953920E-03     -0.31956846E-01      0.76615302E-11     -0.99594419E-06      0.23877377E-15      0.64242397E-03     -0.68983492E-15
    1.994064798087         0.10109152E-02     -0.18970467E-01      0.76184356E-11     -0.59606847E-06      0.23937783E-15      0.64242023E-03     -0.68833387E-15
    2.000335442106         0.10218309E-02     -0.21402262E-01      0.75776008E-11     -0.67760801E-06      0.23991123E-15      0.64241598E-03     -0.68682947E-15
    2.006606086125         0.10322736E-02     -0.28049161E-01      0.75423110E-11     -0.89432471E-06      0.24048046E-15      0.64241037E-03     -0.68532150E-15
    2.012876730144         0.10422313E-02     -0.42198743E-01      0.75080209E-11     -0.13542197E-05      0.24094343E-15      0.64240188E-03     -0.68381063E-15
    2.019147374163         0.10516929E-02     -0.50966488E-01      0.74782212E-11     -0.16453122E-05      0.24141370E-15      0.64239156E-03     -0.68229681E-15
    2.025418018183         0.10606478E-02     -0.42264253E-01      0.74435353E-11     -0.13717418E-05      0.24158971E-15      0.64238296E-03     -0.68078189E-15
    2.031688662202         0.10690860E-02     -0.47127636E-01      0.74153947E-11     -0.15369998E-05      0.24184239E-15      0.64237332E-03     -0.67926538E-15
    2.037959306221         0.10769985E-02     -0.73978940E-01      0.73891642E-11     -0.24230946E-05      0.24202353E-15      0.64235813E-03     -0.67774774E-15
    2.044229950240         0.10843770E-02     -0.71585332E-01      0.73681442E-11     -0.23535165E-05      0.24224305E-15      0.64234337E-03     -0.67622872E-15
    2.050500594259         0.10912137E-02     -0.36900157E-01      0.73394806E-11     -0.12170847E-05      0.24207944E-15      0.64233574E-03     -0.67471073E-15
    2.056771238278         0.10975018E-02     -0.15646249E-01      0.73144826E-11     -0.51745449E-06      0.24190539E-15      0.64233249E-03     -0.67319382E-15
    2.063041882297         0.11032353E-02     -0.12820319E-01      0.72942025E-11     -0.42491453E-06      0.24175785E-15      0.64232983E-03     -0.67167785E-15
    2.069312526317         0.11084087E-02     -0.16474503E-01      0.72751946E-11     -0.54692630E-06      0.24152445E-15      0.64232640E-03     -0.67016333E-15
    2.075583170336         0.11130174E-02     -0.20305684E-01      0.72629014E-11     -0.67487310E-06      0.24138742E-15      0.64232217E-03     -0.66864968E-15
    2.081853814355         0.11170577E-02     -0.16522101E-01      0.72477788E-11     -0.54945651E-06      0.24103104E-15      0.64231872E-03     -0.66713826E-15
    2.088124458374         0.11205265E-02     -0.87169493E-02      0.72337227E-11     -0.28991650E-06      0.24058596E-15      0.64231691E-03     -0.66562963E-15
    2.094395102393         0.11234215E-02     -0.62711849E-02      0.72238211E-11     -0.20848576E-06      0.24015618E-15      0.64231560E-03     -0.66412370E-15
    2.100665746412         0.11257412E-02     -0.10174134E-01      0.72165680E-11     -0.33792610E-06      0.23969280E-15      0.64231348E-03     -0.66262067E-15
    2.106936390431         0.11274848E-02     -0.10921067E-01      0.72130219E-11     -0.36221549E-06      0.23923197E-15      0.64231121E-03     -0.66112053E-15
    2.113207034451         0.11286525E-02     -0.61033245E-02      0.72076995E-11     -0.20203533E-06      0.23859291E-15      0.64230994E-03     -0.65962440E-15
    2.119477678470         0.11292448E-02     -0.31575139E-02      0.72066442E-11     -0.10426708E-06      0.23797702E-15      0.64230929E-03     -0.65813213E-15
    2.125748322489         0.11292634E-02     -0.30948318E-02      0.72066325E-11     -0.10189741E-06      0.23727854E-15      0.64230865E-03     -0.65664424E-15
    2.132018966508         0.11287105E-02     -0.28578284E-02      0.72088575E-11     -0.93771382E-07      0.23653784E-15      0.64230806E-03     -0.65516099E-15
    2.138289610527         0.11275890E-02     -0.24661233E-02      0.72138216E-11     -0.80601252E-07      0.23577209E-15      0.64230755E-03     -0.65368255E-15
    2.144560254546         0.11259028E-02     -0.26459474E-02      0.72208055E-11     -0.86096702E-07      0.23495839E-15      0.64230701E-03     -0.65220921E-15
    2.150830898565         0.11236560E-02     -0.28290804E-02      0.72300319E-11     -0.91604137E-07      0.23410464E-15      0.64230644E-03     -0.65074122E-15
    2.157101542585         0.11208540E-02     -0.29474816E-02      0.72417688E-11     -0.94923169E-07      0.23322000E-15      0.64230584E-03     -0.64927879E-15
    2.163372186604         0.11175024E-02     -0.38854863E-02      0.72553615E-11     -0.12439568E-06      0.23228382E-15      0.64230506E-03     -0.64782222E-15
    2.169642830623         0.11136077E-02     -0.58402256E-02      0.72694159E-11     -0.18578742E-06      0.23125237E-15      0.64230390E-03     -0.64637211E-15
    2.175913474642         0.11091771E-02     -0.78426059E-02      0.72869598E-11     -0.24777777E-06      0.23022279E-15      0.64230235E-03     -0.64492847E-15
    2.182184118661         0.11042182E-02     -0.76496004E-02      0.73061139E-11     -0.23990811E-06      0.22913563E-15      0.64230084E-03     -0.64349164E-15
    2.188454762680         0.10987394E-02     -0.46621320E-02      0.73287852E-11     -0.14507226E-06      0.22805090E-15      0.64229993E-03     -0.64206162E-15
    2.194725406699         0.10927497E-02     -0.18388229E-02      0.73514203E-11     -0.56744410E-07      0.22685817E-15      0.64229958E-03     -0.64063907E-15
    2.200996050719         0.10862586E-02     -0.93679660E-03      0.73743301E-11     -0.28655100E-07      0.22556889E-15      0.64229940E-03     -0.63922461E-15
    2.207266694738         0.10792761E-02     -0.77960154E-03      0.74036284E-11     -0.23626159E-07      0.22437014E-15      0.64229925E-03     -0.63781766E-15
    2.213537338757         0.10718130E-02     -0.62671777E-03      0.74340267E-11     -0.18808184E-07      0.22309970E-15      0.64229913E-03     -0.63641868E-15
    2.219807982776         0.10638804E-02     -0.54892664E-03      0.74686788E-11     -0.16305510E-07      0.22185226E-15      0.64229903E-03     -0.63502753E-15
    2.226078626795         0.10554899E-02     -0.47604067E-03      0.75046786E-11     -0.13989440E-07      0.22054051E-15      0.64229894E-03     -0.63364460E-15
    2.232349270814         0.10466537E-02     -0.39279191E-03      0.75431243E-11     -0.11414215E-07      0.21919709E-15      0.64229887E-03     -0.63227009E-15
    2.238619914833         0.10373842E-02     -0.30396550E-03      0.75854230E-11     -0.87302410E-08      0.21786213E-15      0.64229881E-03     -0.63090395E-15
    2.244890558853         0.10276945E-02     -0.29973708E-03      0.76293827E-11     -0.85045632E-08      0.21647161E-15      0.64229876E-03     -0.62954654E-15
    2.251161202872         0.10175980E-02     -0.42320699E-03      0.76759402E-11     -0.11856737E-07      0.21505221E-15      0.64229869E-03     -0.62819802E-15
    2.257431846891         0.10071084E-02     -0.43792976E-03      0.77253034E-11     -0.12109012E-07      0.21360913E-15      0.64229861E-03     -0.62685855E-15
    2.263702490910         0.99623989E-03     -0.30505228E-03      0.77764728E-11     -0.83207318E-08      0.21211428E-15      0.64229856E-03     -0.62552846E-15
    2.269973134929         0.98500679E-03     -0.24547390E-03      0.78310540E-11     -0.66018630E-08      0.21061117E-15      0.64229852E-03     -0.62420779E-15
    2.276243778948         0.97342387E-03     -0.19120947E-03      0.78917348E-11     -0.50679846E-08      0.20916951E-15      0.64229849E-03     -0.62289616E-15
    2.282514422967         0.96150611E-03     -0.44225025E-04      0.79521815E-11     -0.11546471E-08      0.20761918E-15      0.64229848E-03     -0.62159426E-15
    2.288785066987         0.94926875E-03      0.49982716E-04      0.80165429E-11      0.12848331E-08      0.20606962E-15      0.64229849E-03     -0.62030207E-15
    2.295055711006         0.93672724E-03      0.78540434E-04      0.80854872E-11      0.19868079E-08      0.20453554E-15      0.64229850E-03     -0.61901950E-15
    2.301326355025         0.92389720E-03      0.11980815E-03      0.81558452E-11      0.29810859E-08      0.20293506E-15      0.64229852E-03     -0.61774697E-15
    2.307596999044         0.91079443E-03      0.18373833E-03      0.82305075E-11      0.44947222E-08      0.20133983E-15      0.64229855E-03     -0.61648444E-15
    2.313867643063         0.89743486E-03      0.28211092E-03      0.83101938E-11      0.67815192E-08      0.19976447E-15      0.64229859E-03     -0.61523178E-15
    2.320138287082         0.88383453E-03      0.35903995E-03      0.83910552E-11      0.84770070E-08      0.19811454E-15      0.64229864E-03     -0.61398948E-15
    2.326408931101         0.87000955E-03      0.34323439E-03      0.84770809E-11      0.79555724E-08      0.19648390E-15      0.64229869E-03     -0.61275740E-15
    2.332679575121         0.85597609E-03      0.31342388E-03      0.85661247E-11      0.71282236E-08      0.19482003E-15      0.64229874E-03     -0.61153575E-15
    2.338950219140         0.84175034E-03      0.36077260E-03      0.86592121E-11      0.80470842E-08      0.19314496E-15      0.64229879E-03     -0.61032461E-15
    2.345220863159         0.82734851E-03      0.43680047E-03      0.87569725E-11      0.95505969E-08      0.19147029E-15      0.64229885E-03     -0.60912397E-15
    2.351491507178         0.81278676E-03      0.47835828E-03      0.88579611E-11      0.10247766E-07      0.18976218E-15      0.64229891E-03     -0.60793403E-15
    2.357762151197         0.79808122E-03      0.50018770E-03      0.89636270E-11      0.10493558E-07      0.18805009E-15      0.64229898E-03     -0.60675484E-15
    2.364032795216         0.78324792E-03      0.51821423E-03      0.90749767E-11      0.10641375E-07      0.18635195E-15      0.64229904E-03     -0.60558629E-15
    2.370303439235         0.76830282E-03      0.52403622E-03      0.91934855E-11      0.10527675E-07      0.18469339E-15      0.64229911E-03     -0.60442815E-15
    2.376574083255         0.75326174E-03      0.53149801E-03      0.93132391E-11      0.10440922E-07      0.18295235E-15      0.64229917E-03     -0.60328092E-15
    2.382844727274         0.73814035E-03      0.54469577E-03      0.94383790E-11      0.10457789E-07      0.18121047E-15      0.64229924E-03     -0.60214461E-15
    2.389115371293         0.72295415E-03      0.56222354E-03      0.95700440E-11      0.10544484E-07      0.17948586E-15      0.64229931E-03     -0.60101912E-15
    2.395386015312         0.70771846E-03      0.58937945E-03      0.97073512E-11      0.10792515E-07      0.17775770E-15      0.64229937E-03     -0.59990446E-15
    2.401656659331         0.69244838E-03      0.61554917E-03      0.98486926E-11      0.10999727E-07      0.17599395E-15      0.64229944E-03     -0.59880087E-15
    2.407927303350         0.67715875E-03      0.63378953E-03      0.99934580E-11      0.11046759E-07      0.17418293E-15      0.64229951E-03     -0.59770863E-15
    2.414197947369         0.66186420E-03      0.64737453E-03      0.10147878E-10      0.11000041E-07      0.17243044E-15      0.64229958E-03     -0.59662738E-15
    2.420468591389         0.64657905E-03      0.66369117E-03      0.10307680E-10      0.10988310E-07      0.17065766E-15      0.64229965E-03     -0.59555725E-15
    2.426739235408         0.63131734E-03      0.68580777E-03      0.10483689E-10      0.11057824E-07      0.16903686E-15      0.64229972E-03     -0.59449728E-15
    2.433009879427         0.61609280E-03      0.70769786E-03      0.10658589E-10      0.11106899E-07      0.16728025E-15      0.64229979E-03     -0.59344832E-15
    2.439280523446         0.60091883E-03      0.72135002E-03      0.10841116E-10      0.11013942E-07      0.16552771E-15      0.64229986E-03     -0.59241036E-15
    2.445551167465         0.58580849E-03      0.73184040E-03      0.11029543E-10      0.10865206E-07      0.16374917E-15      0.64229993E-03     -0.59138354E-15
    2.451821811484         0.57077448E-03      0.74880963E-03      0.11227238E-10      0.10804129E-07      0.16199113E-15      0.64229999E-03     -0.59036775E-15
    2.458092455503         0.55582913E-03      0.76704713E-03      0.11432553E-10      0.10749984E-07      0.16022452E-15      0.64230006E-03     -0.58936304E-15
    2.464363099523         0.54098437E-03      0.78809556E-03      0.11644330E-10      0.10722636E-07      0.15842993E-15      0.64230013E-03     -0.58836959E-15
    2.470633743542         0.52625176E-03      0.80985697E-03      0.11868104E-10      0.10691440E-07      0.15667843E-15      0.64230020E-03     -0.58738711E-15
    2.476904387561         0.51164243E-03      0.82174075E-03      0.12100538E-10      0.10520462E-07      0.15491900E-15      0.64230026E-03     -0.58641567E-15
    2.483175031580         0.49716709E-03      0.83031784E-03      0.12343093E-10      0.10303436E-07      0.15316577E-15      0.64230033E-03     -0.58545522E-15
    2.489445675599         0.48283605E-03      0.85072522E-03      0.12595731E-10      0.10226547E-07      0.15141297E-15      0.64230039E-03     -0.58450576E-15
    2.495716319618         0.46865914E-03      0.87131125E-03      0.12857046E-10      0.10140932E-07      0.14963933E-15      0.64230045E-03     -0.58356743E-15
    2.501986963637         0.45464578E-03      0.89266335E-03      0.13137886E-10      0.10053528E-07      0.14796408E-15      0.64230052E-03     -0.58263960E-15
    2.508257607657         0.44080494E-03      0.91904029E-03      0.13422464E-10      0.10010403E-07      0.14620063E-15      0.64230058E-03     -0.58172283E-15
    2.514528251676         0.42714512E-03      0.94518974E-03      0.13720269E-10      0.99513181E-08      0.14445222E-15      0.64230064E-03     -0.58081702E-15
    2.520798895695         0.41367437E-03      0.97957804E-03      0.14035223E-10      0.99632754E-08      0.14275207E-15      0.64230070E-03     -0.57992187E-15
    2.527069539714         0.40040028E-03      0.10086524E-02      0.14359576E-10      0.99051575E-08      0.14101375E-15      0.64230077E-03     -0.57903762E-15
    2.533340183733         0.38732997E-03      0.10224736E-02      0.14696967E-10      0.96890759E-08      0.13927013E-15      0.64230083E-03     -0.57816431E-15
    2.539610827752         0.37447010E-03      0.10537874E-02      0.15053596E-10      0.96304290E-08      0.13757290E-15      0.64230089E-03     -0.57730164E-15
    2.545881471771         0.36182686E-03      0.11028326E-02      0.15424231E-10      0.97143756E-08      0.13586539E-15      0.64230095E-03     -0.57644968E-15
    2.552152115791         0.34940598E-03      0.11466332E-02      0.15805192E-10      0.97295102E-08      0.13411156E-15      0.64230101E-03     -0.57560871E-15
    2.558422759810         0.33721273E-03      0.12007640E-02      0.16207976E-10      0.98091636E-08      0.13240461E-15      0.64230107E-03     -0.57477845E-15
    2.564693403829         0.32525191E-03      0.12608545E-02      0.16628118E-10      0.99104197E-08      0.13069837E-15      0.64230113E-03     -0.57395889E-15
    2.570964047848         0.31352788E-03      0.13052055E-02      0.17065476E-10      0.98651053E-08      0.12898560E-15      0.64230120E-03     -0.57315006E-15
    2.577234691867         0.30204453E-03      0.13506885E-02      0.17519377E-10      0.98110365E-08      0.12725602E-15      0.64230126E-03     -0.57235209E-15
    2.583505335886         0.29080531E-03      0.14061807E-02      0.17998550E-10      0.98101750E-08      0.12556632E-15      0.64230132E-03     -0.57156470E-15
    2.589775979905         0.27981322E-03      0.14590411E-02      0.18496666E-10      0.97704877E-08      0.12386316E-15      0.64230138E-03     -0.57078800E-15
    2.596046623924         0.26907084E-03      0.15111958E-02      0.19032710E-10      0.97077268E-08      0.12226368E-15      0.64230144E-03     -0.57002133E-15
    2.602317267944         0.25858031E-03      0.15706734E-02      0.19580800E-10      0.96730580E-08      0.12058918E-15      0.64230150E-03     -0.56926516E-15
    2.608587911963         0.24834337E-03      0.16326465E-02      0.20150412E-10      0.96334518E-08      0.11889777E-15      0.64230156E-03     -0.56851959E-15
    2.614858555982         0.23836132E-03      0.16657051E-02      0.20745279E-10      0.94108398E-08      0.11720592E-15      0.64230162E-03     -0.56778464E-15
    2.621129200001         0.22863508E-03      0.16885931E-02      0.21374112E-10      0.91289772E-08      0.11555406E-15      0.64230168E-03     -0.56706004E-15
    2.627399844020         0.21916516E-03      0.17890809E-02      0.22029408E-10      0.92494947E-08      0.11389138E-15      0.64230174E-03     -0.56634587E-15
    2.633670488039         0.20995173E-03      0.19198400E-02      0.22722470E-10      0.94856202E-08      0.11226806E-15      0.64230180E-03     -0.56564187E-15
    2.639941132058         0.20099453E-03      0.20156045E-02      0.23440885E-10      0.95112588E-08      0.11061313E-15      0.64230185E-03     -0.56494826E-15
    2.646211776078         0.19229300E-03      0.21089868E-02      0.24193930E-10      0.94985086E-08      0.10896524E-15      0.64230191E-03     -0.56426497E-15
    2.652482420097         0.18384620E-03      0.22047824E-02      0.25007727E-10      0.94713207E-08      0.10742838E-15      0.64230197E-03     -0.56359133E-15
    2.658753064116         0.17565286E-03      0.22909218E-02      0.25840962E-10      0.93805903E-08      0.10581045E-15      0.64230203E-03     -0.56292783E-15
    2.665023708135         0.16771141E-03      0.23690627E-02      0.26713578E-10      0.92401870E-08      0.10419245E-15      0.64230209E-03     -0.56227448E-15
    2.671294352154         0.16001994E-03      0.24539057E-02      0.27615129E-10      0.91107243E-08      0.10252791E-15      0.64230215E-03     -0.56163156E-15
    2.677564996173         0.15257628E-03      0.25574300E-02      0.28577612E-10      0.90321978E-08      0.10092892E-15      0.64230220E-03     -0.56099867E-15
    2.683835640192         0.14537797E-03      0.26776556E-02      0.29582571E-10      0.89895937E-08      0.99316468E-16      0.64230226E-03     -0.56037589E-15
    2.690106284212         0.13842226E-03      0.27869165E-02      0.30664832E-10      0.88879811E-08      0.97795699E-16      0.64230232E-03     -0.55976265E-15
    2.696376928231         0.13170617E-03      0.28914041E-02      0.31783143E-10      0.87534045E-08      0.96219933E-16      0.64230237E-03     -0.55915929E-15
    2.702647572250         0.12522650E-03      0.30273177E-02      0.32950754E-10      0.86937569E-08      0.94626952E-16      0.64230243E-03     -0.55856592E-15
    2.708918216269         0.11897978E-03      0.31728700E-02      0.34183750E-10      0.86371850E-08      0.93054987E-16      0.64230248E-03     -0.55798240E-15
    2.715188860288         0.11296238E-03      0.33023593E-02      0.35487304E-10      0.85153162E-08      0.91505976E-16      0.64230253E-03     -0.55740860E-15
    2.721459504307         0.10717043E-03      0.34339876E-02      0.36847077E-10      0.83813602E-08      0.89932947E-16      0.64230259E-03     -0.55684466E-15
    2.727730148326         0.10159992E-03      0.36071179E-02      0.38265736E-10      0.83271234E-08      0.88337423E-16      0.64230264E-03     -0.55629073E-15
    2.734000792346         0.96246660E-04      0.37937183E-02      0.39777540E-10      0.82774162E-08      0.86789587E-16      0.64230269E-03     -0.55574650E-15
    2.740271436365         0.91106293E-04      0.39521742E-02      0.41370334E-10      0.81439209E-08      0.85248451E-16      0.64230274E-03     -0.55521194E-15
    2.746542080384         0.86174343E-04      0.41087794E-02      0.43096409E-10      0.79900082E-08      0.83806072E-16      0.64230279E-03     -0.55468642E-15
    2.752812724403         0.81446204E-04      0.42862966E-02      0.44872789E-10      0.78599373E-08      0.82284857E-16      0.64230284E-03     -0.55417044E-15
    2.759083368422         0.76917163E-04      0.44709840E-02      0.46743154E-10      0.77251020E-08      0.80764243E-16      0.64230289E-03     -0.55366400E-15
    2.765354012441         0.72582407E-04      0.46744688E-02      0.48739049E-10      0.76042357E-08      0.79286703E-16      0.64230294E-03     -0.55316682E-15
    2.771624656460         0.68437043E-04      0.48918379E-02      0.50830008E-10      0.74863747E-08      0.77789267E-16      0.64230298E-03     -0.55267903E-15
    2.777895300480         0.64476108E-04      0.50976195E-02      0.53028423E-10      0.73331917E-08      0.76284153E-16      0.64230303E-03     -0.55220068E-15
    2.784165944499         0.60694581E-04      0.52936088E-02      0.55387455E-10      0.71523593E-08      0.74835711E-16      0.64230307E-03     -0.55173141E-15
    2.790436588518         0.57087396E-04      0.55693572E-02      0.57846503E-10      0.70618067E-08      0.73347931E-16      0.64230312E-03     -0.55127148E-15
    2.796707232537         0.53649455E-04      0.58854015E-02      0.60438578E-10      0.69974061E-08      0.71858016E-16      0.64230316E-03     -0.55082088E-15
    2.802977876556         0.50375638E-04      0.61699008E-02      0.63225469E-10      0.68726108E-08      0.70426422E-16      0.64230321E-03     -0.55037926E-15
    2.809248520575         0.47260816E-04      0.64583779E-02      0.66139872E-10      0.67340632E-08      0.68963149E-16      0.64230325E-03     -0.54994682E-15
    2.815519164594         0.44299860E-04      0.67493036E-02      0.69220103E-10      0.65818125E-08      0.67502334E-16      0.64230329E-03     -0.54952353E-15
    2.821789808614         0.41487653E-04      0.70329960E-02      0.72522497E-10      0.64088080E-08      0.66086026E-16      0.64230333E-03     -0.54910913E-15
    2.828060452633         0.38819099E-04      0.73921349E-02      0.75977129E-10      0.62888223E-08      0.64637167E-16      0.64230337E-03     -0.54870382E-15
    2.834331096652         0.36289132E-04      0.78053636E-02      0.79640706E-10      0.61938661E-08      0.63198064E-16      0.64230341E-03     -0.54830752E-15
    2.840601740671         0.33892727E-04      0.81725574E-02      0.83454026E-10      0.60436154E-08      0.61714345E-16      0.64230345E-03     -0.54792053E-15
    2.846872384690         0.31624906E-04      0.85168265E-02      0.87588330E-10      0.58638346E-08      0.60304561E-16      0.64230348E-03     -0.54754239E-15
    2.853143028709         0.29480748E-04      0.89257565E-02      0.91918890E-10      0.57161375E-08      0.58865712E-16      0.64230352E-03     -0.54717326E-15
    2.859413672728         0.27455397E-04      0.94060580E-02      0.96670162E-10      0.55975898E-08      0.57528872E-16      0.64230355E-03     -0.54681252E-15
    2.865684316748         0.25544067E-04      0.99125068E-02      0.10158114E-09      0.54763080E-08      0.56119975E-16      0.64230359E-03     -0.54646061E-15
    2.871954960767         0.23742049E-04      0.10402097E-01      0.10679819E-09      0.53297172E-08      0.54720135E-16      0.64230362E-03     -0.54611748E-15
    2.878225604786         0.22044721E-04      0.10965258E-01      0.11234198E-09      0.52052466E-08      0.53329133E-16      0.64230365E-03     -0.54578307E-15
    2.884496248805         0.20447546E-04      0.11586794E-01      0.11821642E-09      0.50906962E-08      0.51938772E-16      0.64230369E-03     -0.54545738E-15
    2.890766892824         0.18946084E-04      0.12206094E-01      0.12441223E-09      0.49582198E-08      0.50537313E-16      0.64230372E-03     -0.54514048E-15
    2.897037536843         0.17535997E-04      0.12817066E-01      0.13121700E-09      0.48084780E-08      0.49227650E-16      0.64230375E-03     -0.54483179E-15
    2.903308180862         0.16213045E-04      0.13391464E-01      0.13824973E-09      0.46349195E-08      0.47849613E-16      0.64230378E-03     -0.54453174E-15
    2.909578824882         0.14973100E-04      0.13990534E-01      0.14570347E-09      0.44622981E-08      0.46472301E-16      0.64230380E-03     -0.54424033E-15
    2.915849468901         0.13812143E-04      0.14747535E-01      0.15370918E-09      0.43297029E-08      0.45127209E-16      0.64230383E-03     -0.54395735E-15
    2.922120112920         0.12726269E-04      0.15534348E-01      0.16210643E-09      0.41931339E-08      0.43756841E-16      0.64230386E-03     -0.54368297E-15
    2.928390756939         0.11711688E-04      0.16271852E-01      0.17103305E-09      0.40333893E-08      0.42394858E-16      0.64230388E-03     -0.54341713E-15
    2.934661400958         0.10764730E-04      0.16785569E-01      0.18072601E-09      0.38161363E-08      0.41087381E-16      0.64230391E-03     -0.54315948E-15
    2.940932044977         0.98818426E-05      0.17096857E-01      0.19088893E-09      0.35605074E-08      0.39753591E-16      0.64230393E-03     -0.54291020E-15
    2.947202688996         0.90595963E-05      0.17825638E-01      0.20165832E-09      0.33961478E-08      0.38420026E-16      0.64230395E-03     -0.54266928E-15
    2.953473333016         0.82946828E-05      0.19168507E-01      0.21351903E-09      0.33365504E-08      0.37166015E-16      0.64230397E-03     -0.54243623E-15
    2.959743977035         0.75839168E-05      0.20247436E-01      0.22567207E-09      0.32155267E-08      0.35839332E-16      0.64230399E-03     -0.54221149E-15
    2.966014621054         0.69242356E-05      0.21042993E-01      0.23860545E-09      0.30447296E-08      0.34524037E-16      0.64230401E-03     -0.54199501E-15
    2.972285265073         0.63126995E-05      0.22171164E-01      0.25229959E-09      0.29184739E-08      0.33211145E-16      0.64230403E-03     -0.54178675E-15
    2.978555909092         0.57464915E-05      0.23422338E-01      0.26690052E-09      0.28007216E-08      0.31914578E-16      0.64230405E-03     -0.54158663E-15
    2.984826553111         0.52229165E-05      0.24283227E-01      0.28222117E-09      0.26335590E-08      0.30607386E-16      0.64230406E-03     -0.54139470E-15
    2.991097197130         0.47394007E-05      0.25056424E-01      0.29821298E-09      0.24606773E-08      0.29286139E-16      0.64230408E-03     -0.54121105E-15
    2.997367841150         0.42934906E-05      0.26013337E-01      0.31543413E-09      0.23094534E-08      0.28004113E-16      0.64230409E-03     -0.54103545E-15
    3.003638485169         0.38828517E-05      0.27110177E-01      0.33337134E-09      0.21720918E-08      0.26710012E-16      0.64230411E-03     -0.54086796E-15
    3.009909129188         0.35052673E-05      0.28095269E-01      0.35310828E-09      0.20278864E-08      0.25486977E-16      0.64230412E-03     -0.54070814E-15
    3.016179773207         0.31586369E-05      0.28913118E-01      0.37318142E-09      0.18766362E-08      0.24221731E-16      0.64230413E-03     -0.54055626E-15
    3.022450417226         0.28409746E-05      0.29248175E-01      0.39380369E-09      0.17039216E-08      0.22941965E-16      0.64230414E-03     -0.54041240E-15
    3.028721061245         0.25504072E-05      0.29153005E-01      0.41589219E-09      0.15215151E-08      0.21705695E-16      0.64230415E-03     -0.54027629E-15
    3.034991705264         0.22851729E-05      0.28989853E-01      0.43845876E-09      0.13528519E-08      0.20461289E-16      0.64230416E-03     -0.54014798E-15
    3.041262349284         0.20436188E-05      0.28668436E-01      0.46076838E-09      0.11939680E-08      0.19189839E-16      0.64230417E-03     -0.54002765E-15
    3.047532993303         0.18241995E-05      0.28277722E-01      0.48452331E-09      0.10490858E-08      0.17975512E-16      0.64230417E-03     -0.53991493E-15
    3.053803637322         0.16254751E-05      0.26702494E-01      0.50727655E-09      0.88091437E-09      0.16735036E-16      0.64230418E-03     -0.53980999E-15
    3.060074281341         0.14461090E-05      0.24182397E-01      0.52884659E-09      0.70828994E-09      0.15489644E-16      0.64230418E-03     -0.53971286E-15
    3.066344925360         0.12848664E-05      0.20011560E-01      0.54972176E-09      0.51970943E-09      0.14276527E-16      0.64230419E-03     -0.53962334E-15
    3.072615569379         0.11406125E-05      0.14950057E-01      0.56702905E-09      0.34396592E-09      0.13046015E-16      0.64230419E-03     -0.53954153E-15
    3.078886213398         0.10123102E-05      0.78509361E-02      0.57952701E-09      0.15998678E-09      0.11809631E-16      0.64230419E-03     -0.53946748E-15
    3.085156857418         0.89901904E-06     -0.88578388E-03      0.58877266E-09     -0.15997867E-10      0.10633640E-16      0.64230419E-03     -0.53940080E-15
    3.091427501437         0.79989324E-06     -0.17285002E-01      0.58686269E-09     -0.27719480E-09      0.94113545E-17      0.64230419E-03     -0.53934178E-15
    3.097698145456         0.71418031E-06     -0.33554428E-01      0.57315789E-09     -0.47946983E-09      0.81900344E-17      0.64230418E-03     -0.53929043E-15
    3.103968789475         0.64121969E-06     -0.67195599E-01      0.54537954E-09     -0.86034574E-09      0.69828228E-17      0.64230418E-03     -0.53924664E-15
    3.110239433494         0.58044149E-06     -0.96529244E-01      0.49932050E-09     -0.11165192E-08      0.57754616E-17      0.64230417E-03     -0.53921042E-15
    3.116510077513         0.53136541E-06     -0.18231573E+00      0.42974229E-09     -0.19266000E-08      0.45412511E-17      0.64230416E-03     -0.53918195E-15
    3.122780721532         0.49359979E-06     -0.22992550E+00      0.34462012E-09     -0.22524921E-08      0.33761115E-17      0.64230415E-03     -0.53916078E-15
    3.129051365552         0.46684081E-06     -0.82079106E+00      0.20784523E-09     -0.75898189E-08      0.19219357E-17      0.64230410E-03     -0.53914872E-15
    3.135322009571         0.45087192E-06     -0.45800799E+00      0.41574023E-10     -0.40821294E-08      0.37054057E-18      0.64230407E-03     -0.53914640E-15
