 
 # Omega; pulse ft; projected flux at t=    200.250000000000     
    0.000000000000         0.32424486E-08      0.00000000E+00      0.00000000E+00     -0.14746630E-01     -0.49927510E-16
    0.015668791290         0.10964870E-06     -0.32807244E+04     -0.18668506E-10     -0.89404684E-02     -0.50874493E-16
    0.031337582579         0.43337014E-06     -0.40593485E+03     -0.93780526E-11     -0.21861118E-02     -0.50504339E-16
    0.047006373869         0.98799011E-06     -0.11373629E+03     -0.60757709E-11     -0.93093094E-03     -0.49730151E-16
    0.062675165159         0.17963946E-05     -0.43673810E+02     -0.46609099E-11     -0.48747224E-03     -0.52023493E-16
    0.078343956449         0.28911298E-05     -0.19342897E+02     -0.35224761E-11     -0.27797527E-03     -0.50621230E-16
    0.094012747738         0.43148763E-05     -0.89261712E+01     -0.27885831E-11     -0.15953992E-03     -0.49841113E-16
    0.109681539028         0.61210155E-05     -0.38129102E+01     -0.23138378E-11     -0.82864604E-04     -0.50285805E-16
    0.125350330318         0.83742565E-05     -0.10218697E+01     -0.19324102E-11     -0.26585134E-04     -0.50273907E-16
    0.141019121608         0.11151287E-04      0.67349927E+00     -0.16417150E-11      0.20739901E-04     -0.50555373E-16
    0.156687912897         0.14541411E-04      0.18970167E+01     -0.13876143E-11      0.68559041E-04     -0.50149009E-16
    0.172356704187         0.18647120E-04      0.33263146E+01     -0.12077175E-11      0.14014237E-03     -0.50882857E-16
    0.188025495477         0.23584570E-04      0.62724724E+01     -0.10181276E-11      0.30638855E-03     -0.49732004E-16
    0.203694286766         0.29483904E-04      0.11963108E+02     -0.87404225E-12      0.67433037E-03     -0.49267565E-16
    0.219363078056         0.36489373E-04      0.19947789E+02     -0.69873829E-12      0.12921716E-02     -0.45262648E-16
    0.235031869346         0.44759239E-04      0.27605212E+02     -0.70024861E-12      0.20472438E-02     -0.51931484E-16
    0.250700660636         0.54465379E-04      0.32519355E+02     -0.53784333E-12      0.27512466E-02     -0.45503351E-16
    0.266369451925         0.65792604E-04      0.35633231E+02     -0.37652921E-12      0.34274443E-02     -0.36217117E-16
    0.282038243215         0.78937621E-04      0.38708420E+02     -0.49884123E-12      0.42189466E-02     -0.54370198E-16
    0.297707034505         0.94107649E-04      0.41128174E+02     -0.34680504E-12      0.50628820E-02     -0.42691731E-16
    0.313375825794         0.11151866E-03      0.42440262E+02     -0.19912851E-12      0.58814263E-02     -0.27595486E-16
    0.329044617084         0.13139326E-03      0.43281463E+02     -0.67323748E-12      0.67304292E-02     -0.10469094E-15
    0.344713408374         0.15395814E-03      0.43710438E+02     -0.54096985E-12      0.76024256E-02     -0.94089267E-16
    0.360382199664         0.17944129E-03      0.43643220E+02     -0.40698072E-12      0.84624940E-02     -0.78914248E-16
    0.376050990953         0.20806873E-03      0.43184124E+02     -0.28004602E-12      0.93047933E-02     -0.60340933E-16
    0.391719782243         0.24006107E-03      0.42296370E+02     -0.15825212E-12      0.10094199E-01     -0.37767505E-16
    0.407388573533         0.27562974E-03      0.41258515E+02     -0.43869824E-13      0.10870597E-01     -0.11558612E-16
    0.423057364823         0.31497306E-03      0.40048090E+02      0.62198408E-13      0.11611237E-01      0.18033331E-16
    0.438726156112         0.35827208E-03      0.38632987E+02      0.15870404E-12      0.12285710E-01      0.50469611E-16
    0.454394947402         0.40568646E-03      0.37275329E+02     -0.28186366E-12      0.12959882E-01     -0.97998324E-16
    0.470063738692         0.45735023E-03      0.35644106E+02     -0.18151823E-12      0.13505243E-01     -0.68775687E-16
    0.485732529981         0.51336767E-03      0.34302809E+02     -0.89062227E-13      0.14118337E-01     -0.36656198E-16
    0.501401321271         0.57380931E-03      0.32866337E+02     -0.52305105E-14      0.14647246E-01     -0.23310347E-17
    0.517070112561         0.63870815E-03      0.30851987E+02      0.67109882E-13      0.14840848E-01      0.32282120E-16
    0.532738903851         0.70805623E-03      0.30563127E+02      0.14705219E-12      0.15818805E-01      0.76110993E-16
    0.548407695140         0.78180143E-03      0.31006190E+02      0.22693472E-12      0.17213289E-01      0.12598429E-15
    0.564076486430         0.85984493E-03      0.29767193E+02     -0.13095580E-12      0.17670244E-01     -0.77737296E-16
    0.579745277720         0.94203900E-03      0.28067507E+02     -0.58769255E-13      0.17760617E-01     -0.37188135E-16
    0.595414069010         0.10281855E-02      0.26589746E+02      0.56429135E-14      0.17880889E-01      0.37947076E-17
    0.611082860299         0.11180349E-02      0.25158780E+02      0.62998878E-13      0.17925339E-01      0.44885970E-16
    0.626751651589         0.12112861E-02      0.23841155E+02      0.11625457E-12      0.17943248E-01      0.87495115E-16
    0.642420442879         0.13075868E-02      0.22553615E+02     -0.15853311E-12      0.17876804E-01     -0.12565903E-15
    0.658089234168         0.14065349E-02      0.21358342E+02     -0.40407669E-12      0.17776891E-01     -0.33631951E-15
    0.673758025458         0.15076802E-02      0.20208699E+02     -0.50638036E-13      0.17610276E-01     -0.44127028E-16
    0.689426816748         0.16105273E-02      0.19153404E+02     -0.27626205E-12      0.17424023E-01     -0.25131806E-15
    0.705095608038         0.17145389E-02      0.18149383E+02      0.37325531E-13      0.17186354E-01      0.35344991E-16
    0.720764399327         0.18191400E-02      0.17199989E+02     -0.16855370E-12      0.16905325E-01     -0.16566609E-15
    0.736433190617         0.19237225E-02      0.16313344E+02      0.10860575E-12      0.16594899E-01      0.11048020E-15
    0.752101981907         0.20276510E-02      0.15467968E+02     -0.81582751E-13      0.16239487E-01     -0.85651972E-16
    0.767770773197         0.21302682E-02      0.14689681E+02     -0.25326453E-12      0.15872218E-01     -0.27365263E-15
    0.783439564486         0.22309019E-02      0.13937783E+02     -0.10657105E-13      0.15455791E-01     -0.11817804E-16
    0.799108355776         0.23288711E-02      0.13247966E+02     -0.16909128E-12      0.15035280E-01     -0.19190378E-15
    0.814777147066         0.24234939E-02      0.12581730E+02      0.46613743E-13      0.14573572E-01      0.53993268E-16
    0.830445938355         0.25140943E-02      0.11961641E+02     -0.10051658E-12      0.14102091E-01     -0.11850330E-15
    0.846114729645         0.26000094E-02      0.11370406E+02      0.91871333E-13      0.13606430E-01      0.10993810E-15
    0.861783520935         0.26805976E-02      0.10819267E+02     -0.43052599E-13      0.13105506E-01     -0.52150124E-16
    0.877452312225         0.27552450E-02      0.10329981E+02      0.12812057E-12      0.12631612E-01      0.15666721E-15
    0.893121103514         0.28233730E-02      0.98631700E+01      0.36108851E-14      0.12142189E-01      0.44452289E-17
    0.908789894804         0.28844451E-02      0.94903711E+01     -0.11061246E-12      0.11730176E-01     -0.13671789E-15
    0.924458686094         0.29379726E-02      0.90892556E+01     -0.21568282E-12      0.11248927E-01     -0.26693057E-15
    0.940127477383         0.29835211E-02      0.87201011E+01     -0.63340656E-13      0.10776716E-01     -0.78279397E-16
    0.955796268673         0.30207155E-02      0.77848167E+01     -0.15504433E-12      0.95811013E-02     -0.19081958E-15
    0.971465059963         0.30492444E-02      0.72111965E+01     -0.26964742E-13      0.88144440E-02     -0.32959746E-16
    0.987133851253         0.30688638E-02      0.95239385E+01     -0.13665977E-12      0.11530302E-01     -0.16544925E-15
    1.002802642542         0.30794005E-02      0.11620650E+02      0.35540464E-13      0.13896443E-01      0.42500725E-16
    1.018471433832         0.30807537E-02      0.10144547E+02     -0.96826746E-13      0.11949874E-01     -0.11405807E-15
    1.034140225122         0.30728968E-02      0.79391179E+01      0.46191929E-13      0.91867805E-02      0.53451167E-16
    1.049809016412         0.30558772E-02      0.66402797E+01     -0.48778933E-13      0.75272185E-02     -0.55294311E-16
    1.065477807701         0.30298164E-02      0.55818175E+01      0.43470917E-13      0.61811612E-02      0.48138576E-16
    1.081146598991         0.29949078E-02      0.49407901E+01     -0.27638951E-13      0.53298848E-02     -0.29815560E-16
    1.096815390281         0.29514152E-02      0.47318801E+01      0.49869842E-13      0.49585313E-02      0.52258545E-16
    1.112484181570         0.28996694E-02      0.45869538E+01     -0.14024837E-12      0.46558774E-02     -0.14235575E-15
    1.128152972860         0.28400639E-02      0.44830536E+01     -0.64973384E-13      0.43949769E-02     -0.63696878E-16
    1.143821764150         0.27730509E-02      0.43761016E+01     -0.11989160E-12      0.41315159E-02     -0.11319071E-15
    1.159490555440         0.26991358E-02      0.40325962E+01     -0.49095690E-13      0.36556516E-02     -0.44506499E-16
    1.175159346729         0.26188713E-02      0.37190312E+01     -0.97196344E-13      0.32275261E-02     -0.84350929E-16
    1.190828138019         0.25328511E-02      0.35544781E+01     -0.37927184E-13      0.29441434E-02     -0.31414758E-16
    1.206496929309         0.24417034E-02      0.33858627E+01     -0.84261104E-13      0.26684469E-02     -0.66407383E-16
    1.222165720599         0.23460834E-02      0.31690135E+01     -0.32705510E-13      0.23689723E-02     -0.24448759E-16
    1.237834511888         0.22466669E-02      0.29580807E+01     -0.74741788E-13      0.20907815E-02     -0.52827751E-16
    1.253503303178         0.21441421E-02      0.27852367E+01     -0.31739074E-13      0.18552940E-02     -0.21141942E-16
    1.269172094468         0.20392031E-02      0.26307537E+01     -0.70784768E-13      0.16460488E-02     -0.44289659E-16
    1.284840885757         0.19325423E-02      0.25166002E+01     -0.10597015E-12      0.14740643E-02     -0.62070574E-16
    1.300509677047         0.18248433E-02      0.24064953E+01     -0.45635580E-14      0.13149812E-02     -0.24936650E-17
    1.316178468337         0.17167746E-02      0.23037129E+01     -0.17214468E-12      0.11701712E-02     -0.87440905E-16
    1.331847259627         0.16089830E-02      0.22282057E+01     -0.79133317E-13      0.10482741E-02     -0.37228792E-16
    1.347516050916         0.15020878E-02      0.22669344E+01     -0.11220558E-12      0.98406290E-03     -0.48707783E-16
    1.363184842206         0.13966754E-02      0.23115874E+01     -0.15308921E-12      0.92230293E-03     -0.61081240E-16
    1.378853633496         0.12932946E-02      0.22731546E+01     -0.18908100E-12      0.83029191E-03     -0.69063678E-16
    1.394522424785         0.11924522E-02      0.22056550E+01     -0.10064829E-12      0.73447261E-03     -0.33515400E-16
    1.410191216075         0.10946098E-02      0.21115661E+01     -0.14111791E-12      0.63827605E-03     -0.42656579E-16
    1.425860007365         0.10001807E-02      0.20065471E+01     -0.18934830E-12      0.54811729E-03     -0.51723220E-16
    1.441528798655         0.90952796E-03      0.18883900E+01     -0.23091711E-12      0.46398823E-03     -0.56737655E-16
    1.457197589944         0.82296262E-03      0.18163144E+01     -0.17207955E-12      0.39946179E-03     -0.37845432E-16
    1.472866381234         0.74074333E-03      0.17644865E+01     -0.22243687E-12      0.34557736E-03     -0.43564599E-16
    1.488535172524         0.66307610E-03      0.17313700E+01     -0.28234599E-12      0.30034243E-03     -0.48978833E-16
    1.504203963814         0.59011483E-03      0.17044057E+01     -0.34097542E-12      0.26039062E-03     -0.52092526E-16
    1.519872755103         0.52196262E-03      0.16781351E+01     -0.40483901E-12      0.22443038E-03     -0.54142346E-16
    1.535541546393         0.45867341E-03      0.16451364E+01     -0.47118748E-12      0.19136674E-03     -0.54809808E-16
    1.551210337683         0.40025437E-03      0.16167106E+01     -0.47944790E-12      0.16245019E-03     -0.48175846E-16
    1.566879128972         0.34666855E-03      0.16168208E+01     -0.55397827E-12      0.13930394E-03     -0.47730307E-16
    1.582547920262         0.29783814E-03      0.16301435E+01     -0.70016102E-12      0.11947356E-03     -0.51314950E-16
    1.598216711552         0.25364785E-03      0.16867256E+01     -0.83708015E-12      0.10424674E-03     -0.51735078E-16
    1.613885502842         0.21394880E-03      0.17437214E+01     -0.93968646E-12      0.90019539E-04     -0.48511271E-16
    1.629554294131         0.17856242E-03      0.18313395E+01     -0.11206810E-11      0.78147058E-04     -0.47821786E-16
    1.645223085421         0.14728458E-03      0.19727682E+01     -0.15491261E-11      0.68775079E-04     -0.54005974E-16
    1.660891876711         0.11988983E-03      0.21931287E+01     -0.18070828E-11      0.61649230E-04     -0.50797413E-16
    1.676560668001         0.96135559E-04      0.24303079E+01     -0.23166976E-11      0.54268600E-04     -0.51731690E-16
    1.692229459290         0.75766166E-04      0.26945797E+01     -0.28133435E-11      0.46981798E-04     -0.49052525E-16
    1.707898250580         0.58517107E-04      0.30882055E+01     -0.37600935E-11      0.41204968E-04     -0.50169761E-16
    1.723567041870         0.44118776E-04      0.36956088E+01     -0.49722551E-11      0.36838659E-04     -0.49564556E-16
    1.739235833159         0.32300184E-04      0.46701699E+01     -0.71169754E-11      0.33775496E-04     -0.51471228E-16
    1.754904624449         0.22792383E-04      0.61747599E+01     -0.96703211E-11      0.31230492E-04     -0.48910223E-16
    1.770573415739         0.15331613E-04      0.88629555E+01     -0.14742267E-10      0.29886497E-04     -0.49711940E-16
    1.786242207029         0.96621339E-05      0.13909240E+02     -0.23526863E-10      0.29299395E-04     -0.49558627E-16
    1.801910998318         0.55387214E-05      0.23224707E+02     -0.42068859E-10      0.27800267E-04     -0.50356956E-16
    1.817579789608         0.27288170E-05      0.44783528E+02     -0.86422956E-10      0.26183143E-04     -0.50528056E-16
    1.833248580898         0.10143196E-05      0.11821589E+03     -0.23186763E-09      0.25471343E-04     -0.49959274E-16
    1.848917372188         0.19301761E-06      0.59207012E+03     -0.12276431E-08      0.24069946E-04     -0.49908452E-16
    1.864586163477         0.79666251E-07      0.13463975E+04     -0.30295591E-08      0.22402049E-04     -0.50407354E-16
    1.880254954767         0.50671812E-06      0.20634115E+03     -0.46062888E-09      0.21654995E-04     -0.48341864E-16
    1.895923746057         0.13247231E-05      0.81765459E+02     -0.18016100E-09      0.22248291E-04     -0.49021608E-16
    1.911592537346         0.24024158E-05      0.47609019E+02     -0.10422610E-09      0.23300467E-04     -0.51009595E-16
    1.927261328636         0.36265145E-05      0.31559473E+02     -0.68532370E-10      0.23126031E-04     -0.50218889E-16
    1.942930119926         0.49012571E-05      0.24756988E+02     -0.50400433E-10      0.24320396E-04     -0.49511617E-16
    1.958598911216         0.61477036E-05      0.22735643E+02     -0.39735912E-10      0.27790553E-04     -0.48570563E-16
    1.974267702505         0.73028364E-05      0.20212291E+02     -0.34256292E-10      0.29115457E-04     -0.49345598E-16
    1.989936493795         0.83184897E-05      0.18393993E+02     -0.30331152E-10      0.29943587E-04     -0.49376092E-16
    2.005605285085         0.91601420E-05      0.20993481E+02     -0.26942977E-10      0.37339090E-04     -0.47920889E-16
    2.021274076374         0.98056032E-05      0.23886527E+02     -0.28510882E-10      0.45125775E-04     -0.53861978E-16
    2.036942867664         0.10243630E-04      0.20570653E+02     -0.25953156E-10      0.40285211E-04     -0.50826212E-16
    2.052611658954         0.10472498E-04      0.14685548E+02     -0.25941061E-10      0.29178043E-04     -0.51541108E-16
    2.068280450244         0.10498564E-04      0.11943480E+02     -0.24242962E-10      0.23608799E-04     -0.47921313E-16
    2.083949241533         0.10334843E-04      0.11071921E+02     -0.27399300E-10      0.21382687E-04     -0.52914995E-16
    2.099618032823         0.99996220E-05      0.98494515E+01     -0.27011508E-10      0.18267448E-04     -0.50097340E-16
    2.115286824113         0.95151388E-05      0.87798392E+01     -0.29057819E-10      0.15379952E-04     -0.50901598E-16
    2.130955615403         0.89063415E-05      0.88207481E+01     -0.28944643E-10      0.14356643E-04     -0.47110278E-16
    2.146624406692         0.81997437E-05      0.96775293E+01     -0.33270989E-10      0.14395649E-04     -0.49491712E-16
    2.162293197982         0.74223908E-05      0.10885962E+02     -0.37139732E-10      0.14551862E-04     -0.49646719E-16
    2.177961989272         0.66009450E-05      0.11912740E+02     -0.43474010E-10      0.14060152E-04     -0.51310715E-16
    2.193630780561         0.57608965E-05      0.12342687E+02     -0.48522297E-10      0.12622890E-04     -0.49623849E-16
    2.209299571851         0.49259042E-05      0.13343616E+02     -0.57633372E-10      0.11585838E-04     -0.50041224E-16
    2.224968363141         0.41172657E-05      0.15459146E+02     -0.70358818E-10      0.11140203E-04     -0.50702122E-16
    2.240637154431         0.33535162E-05      0.18376939E+02     -0.88020908E-10      0.10710866E-04     -0.51302350E-16
    2.256305945720         0.26501495E-05      0.22704954E+02     -0.10844770E-09      0.10385216E-04     -0.49603838E-16
    2.271974737010         0.20194561E-05      0.29114483E+02     -0.14631567E-09      0.10077726E-04     -0.50645900E-16
    2.287643528300         0.14704692E-05      0.39000854E+02     -0.19931595E-09      0.97625721E-05     -0.49892146E-16
    2.303312319590         0.10090088E-05      0.55615054E+02     -0.29216961E-09      0.94876147E-05     -0.49842489E-16
    2.318981110879         0.63781185E-06      0.86492471E+02     -0.46664771E-09      0.92639504E-05     -0.49981244E-16
    2.334649902169         0.35673748E-06      0.15219936E+03     -0.86103966E-09      0.90565404E-05     -0.51235699E-16
    2.350318693459         0.16303377E-06      0.32823273E+03     -0.18614994E-08      0.88665615E-05     -0.50284746E-16
    2.365987484748         0.51653227E-07      0.10245291E+04     -0.59226220E-08      0.87102744E-05     -0.50352562E-16
    2.381656276038         0.15604243E-07      0.33501653E+04     -0.19746230E-07      0.85477614E-05     -0.50381414E-16
    2.397325067328         0.46325825E-07      0.11159213E+04     -0.67146217E-08      0.83975454E-05     -0.50528956E-16
    2.412993858618         0.13407364E-06      0.38122350E+03     -0.23340337E-08      0.82487740E-05     -0.50502963E-16
    2.428662649907         0.26830611E-06      0.18789696E+03     -0.12066134E-08      0.80836160E-05     -0.51910361E-16
    2.444331441197         0.43806030E-06      0.11373002E+03     -0.71765921E-09      0.79372753E-05     -0.50085799E-16
    2.460000232487         0.63230847E-06      0.78069516E+02     -0.52995450E-09      0.78144404E-05     -0.53046285E-16
    2.475669023776         0.84028743E-06      0.58381589E+02     -0.38663445E-09      0.77167377E-05     -0.51104409E-16
    2.491337815066         0.10517940E-05      0.46222740E+02     -0.31584035E-09      0.75993475E-05     -0.51926402E-16
    2.507006606356         0.12574416E-05      0.38233026E+02     -0.25879157E-09      0.74678152E-05     -0.50548120E-16
    2.522675397646         0.14488737E-05      0.32883975E+02     -0.23084270E-09      0.73548872E-05     -0.51630682E-16
    2.538344188935         0.16189324E-05      0.29179456E+02     -0.19304483E-09      0.72473285E-05     -0.47946723E-16
    2.554012980225         0.17617801E-05      0.26588735E+02     -0.19094691E-09      0.71424764E-05     -0.51293668E-16
    2.569681771515         0.18729750E-05      0.24791298E+02     -0.17459976E-09      0.70367874E-05     -0.49558574E-16
    2.585350562805         0.19495017E-05      0.23621944E+02     -0.17470132E-09      0.69365315E-05     -0.51300656E-16
    2.601019354094         0.19897592E-05      0.22977483E+02     -0.15783215E-09      0.68451337E-05     -0.47019169E-16
    2.616688145384         0.19935086E-05      0.22785273E+02     -0.16942900E-09      0.67599410E-05     -0.50266244E-16
    2.632356936674         0.19617860E-05      0.22973953E+02     -0.16914284E-09      0.66675323E-05     -0.49088868E-16
    2.648025727963         0.18967851E-05      0.23582240E+02     -0.18296506E-09      0.65781462E-05     -0.51037176E-16
    2.663694519253         0.18017127E-05      0.24645547E+02     -0.18778400E-09      0.64917550E-05     -0.49463204E-16
    2.679363310543         0.16806253E-05      0.26221285E+02     -0.20700767E-09      0.64049510E-05     -0.50564796E-16
    2.695032101833         0.15382506E-05      0.28449263E+02     -0.22124544E-09      0.63234883E-05     -0.49176774E-16
    2.710700893122         0.13798004E-05      0.31497866E+02     -0.26427750E-09      0.62436471E-05     -0.52386261E-16
    2.726369684412         0.12107796E-05      0.35660404E+02     -0.27806582E-09      0.61672161E-05     -0.48089528E-16
    2.742038475702         0.10367984E-05      0.41396292E+02     -0.34443032E-09      0.60954358E-05     -0.50715965E-16
    2.757707266992         0.86339043E-06      0.49410005E+02     -0.40268945E-09      0.60241601E-05     -0.49096650E-16
    2.773376058281         0.69584334E-06      0.60972169E+02     -0.52684224E-09      0.59574019E-05     -0.51476124E-16
    2.789044849571         0.53904467E-06      0.78282096E+02     -0.63636785E-09      0.58918847E-05     -0.47896087E-16
    2.804713640861         0.39734689E-06      0.10566375E+03     -0.92826486E-09      0.58294807E-05     -0.51212472E-16
    2.820382432150         0.27445440E-06      0.15231094E+03     -0.13021049E-08      0.57718608E-05     -0.49343587E-16
    2.836051223440         0.17333448E-06      0.23994693E+03     -0.21333860E-08      0.57109537E-05     -0.50776515E-16
    2.851720014730         0.96153530E-07      0.43030754E+03     -0.37409528E-08      0.56501483E-05     -0.49120539E-16
    2.867388806020         0.44239453E-07      0.93080760E+03     -0.86452674E-08      0.55924953E-05     -0.51942654E-16
    2.883057597309         0.18070056E-07      0.22694983E+04     -0.20003540E-07      0.55393471E-05     -0.48824250E-16
    2.898726388599         0.17286808E-07      0.23633021E+04     -0.22313378E-07      0.54884457E-05     -0.51819768E-16
    2.914395179889         0.40732707E-07      0.99913825E+03     -0.88184463E-08      0.54380471E-05     -0.47996487E-16
    2.930063971179         0.86512361E-07      0.46881214E+03     -0.44475266E-08      0.53904181E-05     -0.51137814E-16
    2.945732762468         0.15207195E-06      0.26576384E+03     -0.23507236E-08      0.53428652E-05     -0.47258496E-16
    2.961401553758         0.23429629E-06      0.17187952E+03     -0.16084717E-08      0.52955953E-05     -0.49556893E-16
    2.977070345048         0.32961975E-06      0.12174155E+03     -0.10771657E-08      0.52491082E-05     -0.46443955E-16
    2.992739136337         0.43414786E-06      0.92089306E+02     -0.90628840E-09      0.52023618E-05     -0.51198562E-16
    3.008407927627         0.54378569E-06      0.73265684E+02     -0.68983339E-09      0.51572027E-05     -0.48557666E-16
    3.024076718917         0.65436958E-06      0.60704277E+02     -0.62056098E-09      0.51153121E-05     -0.52292247E-16
    3.039745510207         0.76179852E-06      0.52032531E+02     -0.50512755E-09      0.50780900E-05     -0.49297681E-16
    3.055414301496         0.86216133E-06      0.45886086E+02     -0.45761485E-09      0.50422223E-05     -0.50285305E-16
    3.071083092786         0.95185662E-06      0.41437232E+02     -0.42236678E-09      0.50014191E-05     -0.50979111E-16
    3.086751884076         0.10277019E-05      0.38269956E+02     -0.39267239E-09      0.49618765E-05     -0.50911789E-16
    3.102420675365         0.10870294E-05      0.36086256E+02     -0.35301888E-09      0.49238520E-05     -0.48168276E-16
    3.118089466655         0.11277658E-05      0.34686395E+02     -0.36216145E-09      0.48855342E-05     -0.51009975E-16
    3.133758257945         0.11484936E-05      0.33981308E+02     -0.34793000E-09      0.48498212E-05     -0.49656662E-16
    3.149427049235         0.11484936E-05      0.33892932E+02     -0.35327223E-09      0.48131425E-05     -0.50168266E-16
    3.165095840524         0.11277658E-05      0.34441620E+02     -0.35980536E-09      0.47790125E-05     -0.49925478E-16
    3.180764631814         0.10870294E-05      0.35671574E+02     -0.37051697E-09      0.47473865E-05     -0.49310615E-16
    3.196433423104         0.10277019E-05      0.37659384E+02     -0.39539356E-09      0.47151690E-05     -0.49505521E-16
    3.212102214394         0.95185662E-06      0.40607412E+02     -0.43560719E-09      0.46860835E-05     -0.50268944E-16
    3.227771005683         0.86216133E-06      0.44771588E+02     -0.48094136E-09      0.46570497E-05     -0.50026543E-16
    3.243439796973         0.76179852E-06      0.50595204E+02     -0.57828092E-09      0.46277104E-05     -0.52892694E-16
    3.259108588263         0.65436958E-06      0.58833292E+02     -0.61560574E-09      0.46001285E-05     -0.48133726E-16
    3.274777379552         0.54378569E-06      0.70717428E+02     -0.77581854E-09      0.45729346E-05     -0.50168220E-16
    3.290446170842         0.43414786E-06      0.88494024E+02     -0.96386149E-09      0.45469415E-05     -0.49524494E-16
    3.306114962132         0.32961975E-06      0.11646744E+03     -0.13019965E-08      0.45219144E-05     -0.50550754E-16
    3.321783753422         0.23429629E-06      0.16374178E+03     -0.17227962E-08      0.44975509E-05     -0.47320627E-16
    3.337452544711         0.15207195E-06      0.25211430E+03     -0.27530463E-08      0.44735681E-05     -0.48850620E-16
    3.353121336001         0.86512361E-07      0.44294956E+03     -0.50369546E-08      0.44504683E-05     -0.50608035E-16
    3.368790127291         0.40732707E-07      0.94045733E+03     -0.10744456E-07      0.44282380E-05     -0.50591352E-16
    3.384458918581         0.17286808E-07      0.22155109E+04     -0.24804493E-07      0.44067864E-05     -0.49337651E-16
    3.400127709870         0.18070056E-07      0.21192206E+04     -0.23265612E-07      0.43859429E-05     -0.48150554E-16
    3.415796501160         0.44239453E-07      0.86560418E+03     -0.98542721E-08      0.43657579E-05     -0.49700968E-16
    3.431465292450         0.96153530E-07      0.39829908E+03     -0.48510564E-08      0.43462777E-05     -0.52935192E-16
    3.447134083739         0.17333448E-06      0.22100332E+03     -0.26719927E-08      0.43276101E-05     -0.52322032E-16
    3.462802875029         0.27445440E-06      0.13963048E+03     -0.15880166E-08      0.43096819E-05     -0.49013985E-16
    3.478471666319         0.39734689E-06      0.96489724E+02     -0.11358506E-08      0.42922494E-05     -0.50527183E-16
    3.494140457609         0.53904467E-06      0.71172198E+02     -0.86406507E-09      0.42757994E-05     -0.51910282E-16
    3.509809248898         0.69584334E-06      0.55174814E+02     -0.63910185E-09      0.42598213E-05     -0.49342435E-16
    3.525478040188         0.86339043E-06      0.44504555E+02     -0.50474031E-09      0.42443992E-05     -0.48137081E-16
    3.541146831478         0.10367984E-05      0.37097623E+02     -0.42172994E-09      0.42297919E-05     -0.48084750E-16
    3.556815622767         0.12107796E-05      0.31800233E+02     -0.38654604E-09      0.42155728E-05     -0.51242171E-16
    3.572484414057         0.13798004E-05      0.27937888E+02     -0.32839323E-09      0.42020579E-05     -0.49392688E-16
    3.588153205347         0.15382506E-05      0.25092024E+02     -0.28710409E-09      0.41890386E-05     -0.47931173E-16
    3.603821996637         0.16806253E-05      0.22997761E+02     -0.25835114E-09      0.41765307E-05     -0.46918108E-16
    3.619490787926         0.18017127E-05      0.21483784E+02     -0.26870958E-09      0.41645817E-05     -0.52088728E-16
    3.635159579216         0.18967851E-05      0.20438999E+02     -0.24419624E-09      0.41531423E-05     -0.49619931E-16
    3.650828370506         0.19617860E-05      0.19795428E+02     -0.23635414E-09      0.41423582E-05     -0.49459074E-16
    3.666497161796         0.19935086E-05      0.19514707E+02     -0.22594804E-09      0.41319145E-05     -0.47840738E-16
    3.682165953085         0.19897592E-05      0.19589018E+02     -0.23238269E-09      0.41222315E-05     -0.48901647E-16
    3.697834744375         0.19495017E-05      0.20033241E+02     -0.24872423E-09      0.41129165E-05     -0.51064228E-16
    3.713503535665         0.18729750E-05      0.20895783E+02     -0.25764207E-09      0.41042075E-05     -0.50604303E-16
    3.729172326954         0.17617801E-05      0.22263431E+02     -0.26106369E-09      0.40959427E-05     -0.48029521E-16
    3.744841118244         0.16189324E-05      0.24283819E+02     -0.30021685E-09      0.40882257E-05     -0.50542059E-16
    3.760509909534         0.14488737E-05      0.27199470E+02     -0.33330242E-09      0.40810017E-05     -0.50008613E-16
    3.776178700824         0.12574416E-05      0.31419075E+02     -0.38865212E-09      0.40742833E-05     -0.50398646E-16
    3.791847492113         0.10517940E-05      0.37660506E+02     -0.43838640E-09      0.40680710E-05     -0.47354303E-16
    3.807516283403         0.84028743E-06      0.47268822E+02     -0.58970979E-09      0.40624069E-05     -0.50681211E-16
    3.823185074693         0.63230847E-06      0.62993674E+02     -0.78477947E-09      0.40571696E-05     -0.50544494E-16
    3.838853865983         0.43806030E-06      0.91194699E+02     -0.11526419E-08      0.40525134E-05     -0.51221141E-16
    3.854522657272         0.26830611E-06      0.14934651E+03     -0.17666599E-08      0.40483458E-05     -0.47888966E-16
    3.870191448562         0.13407364E-06      0.29981171E+03     -0.38048861E-08      0.40446607E-05     -0.51330461E-16
    3.885860239852         0.46325825E-07      0.87052720E+03     -0.10997782E-07      0.40414841E-05     -0.51057981E-16
    3.901529031141         0.15604243E-07      0.25931193E+04     -0.32051544E-07      0.40388050E-05     -0.49920548E-16
    3.917197822431         0.51653227E-07      0.78609311E+03     -0.89467485E-08      0.40366258E-05     -0.45941982E-16
    3.932866613721         0.16303377E-06      0.24994679E+03     -0.30990812E-08      0.40349528E-05     -0.50029233E-16
    3.948535405011         0.35673748E-06      0.11465246E+03     -0.13715195E-08      0.40338397E-05     -0.48254435E-16
    3.964204196300         0.63781185E-06      0.64369909E+02     -0.82262434E-09      0.40331280E-05     -0.51541928E-16
    3.979872987590         0.10090088E-05      0.40847868E+02     -0.48449710E-09      0.40329022E-05     -0.47834306E-16
    3.995541778880         0.14704692E-05      0.28141088E+02     -0.34882991E-09      0.40331436E-05     -0.49993843E-16
    4.011210570170         0.20194561E-05      0.20574972E+02     -0.25082419E-09      0.40338594E-05     -0.49175742E-16
    4.026879361459         0.26501495E-05      0.15744462E+02     -0.19683361E-09      0.40350797E-05     -0.50445630E-16
    4.042548152749         0.33535162E-05      0.12496198E+02     -0.16040703E-09      0.40368782E-05     -0.51819252E-16
    4.058216944039         0.41172657E-05      0.10223111E+02     -0.12397285E-09      0.40390502E-05     -0.48980448E-16
    4.073885735328         0.49259042E-05      0.85837809E+01     -0.10359960E-09      0.40418322E-05     -0.48781792E-16
    4.089554526618         0.57608965E-05      0.73736034E+01     -0.91394546E-10      0.40449801E-05     -0.50136833E-16
    4.105223317908         0.66009450E-05      0.64659445E+01     -0.81372546E-10      0.40487769E-05     -0.50953002E-16
    4.120892109198         0.74223908E-05      0.57780676E+01     -0.69368273E-10      0.40528239E-05     -0.48655955E-16
    4.136560900487         0.81997437E-05      0.52558645E+01     -0.61841181E-10      0.40572107E-05     -0.47737665E-16
    4.152229691777         0.89063415E-05      0.48632999E+01     -0.60920951E-10      0.40622960E-05     -0.50887040E-16
    4.167898483067         0.95151388E-05      0.45756179E+01     -0.58001890E-10      0.40679002E-05     -0.51565910E-16
    4.183567274356         0.99996220E-05      0.43767254E+01     -0.51869888E-10      0.40738841E-05     -0.48280825E-16
    4.199236065646         0.10334843E-04      0.42572336E+01     -0.50190501E-10      0.40802204E-05     -0.48103610E-16
    4.214904856936         0.10498564E-04      0.42137098E+01     -0.53562007E-10      0.40872320E-05     -0.51954301E-16
    4.230573648226         0.10472498E-04      0.42478053E+01     -0.51686778E-10      0.40948514E-05     -0.49825654E-16
    4.246242439515         0.10243630E-04      0.43671585E+01     -0.52296523E-10      0.41027077E-05     -0.49129737E-16
    4.261911230805         0.98056032E-05      0.45878651E+01     -0.54412058E-10      0.41105799E-05     -0.48751458E-16
    4.277580022095         0.91601420E-05      0.49401055E+01     -0.60572134E-10      0.41196738E-05     -0.50512572E-16
    4.293248813385         0.83184897E-05      0.54723921E+01     -0.65853903E-10      0.41291264E-05     -0.49689256E-16
    4.308917604674         0.73028364E-05      0.62717687E+01     -0.75104808E-10      0.41393863E-05     -0.49569400E-16
    4.324586395964         0.61477036E-05      0.74973949E+01     -0.88839400E-10      0.41505082E-05     -0.49180903E-16
    4.340255187254         0.49012571E-05      0.94634060E+01     -0.11675476E-09      0.41616182E-05     -0.51343961E-16
    4.355923978543         0.36265145E-05      0.12872291E+02     -0.15107129E-09      0.41733760E-05     -0.48979415E-16
    4.371592769833         0.24024158E-05      0.19557893E+02     -0.22962414E-09      0.41855552E-05     -0.49141516E-16
    4.387261561123         0.13247231E-05      0.35706672E+02     -0.41750839E-09      0.41985901E-05     -0.49092971E-16
    4.402930352413         0.50671812E-06      0.93974127E+02     -0.11425159E-08      0.42116809E-05     -0.51204650E-16
    4.418599143702         0.79666251E-07      0.60179718E+03     -0.69507708E-08      0.42253478E-05     -0.48802862E-16
    4.434267934992         0.19301761E-06      0.25010652E+03     -0.29547922E-08      0.42395773E-05     -0.50086938E-16
    4.449936726282         0.10143196E-05      0.47929098E+02     -0.56296147E-09      0.42544435E-05     -0.49971476E-16
    4.465605517572         0.27288170E-05      0.17942532E+02     -0.21285117E-09      0.42697292E-05     -0.50651538E-16
    4.481274308861         0.55387214E-05      0.89036316E+01     -0.10358843E-09      0.42854627E-05     -0.49858794E-16
    4.496943100151         0.96621339E-05      0.51414377E+01     -0.60078147E-10      0.43019245E-05     -0.50268361E-16
    4.512611891441         0.15331613E-04      0.32642772E+01     -0.36801586E-10      0.43188631E-05     -0.48691027E-16
    4.528280682730         0.22792383E-04      0.22124140E+01     -0.25171827E-10      0.43365596E-05     -0.49339378E-16
    4.543949474020         0.32300184E-04      0.15731389E+01     -0.18021413E-10      0.43547287E-05     -0.49886482E-16
    4.559618265310         0.44118776E-04      0.11607146E+01     -0.13467862E-10      0.43736393E-05     -0.50747676E-16
    4.575287056600         0.58517107E-04      0.88203733E+00     -0.10123707E-10      0.43931295E-05     -0.50422760E-16
    4.590955847889         0.75766166E-04      0.68670106E+00     -0.77613943E-11      0.44132899E-05     -0.49880923E-16
    4.606624639179         0.96135559E-04      0.54561012E+00     -0.60019159E-11      0.44341072E-05     -0.48776842E-16
    4.622293430469         0.11988983E-03      0.44110720E+00     -0.48710179E-11      0.44554495E-05     -0.49200226E-16
    4.637962221758         0.14728458E-03      0.36205219E+00     -0.40277276E-11      0.44773784E-05     -0.49809561E-16
    4.653631013048         0.17856242E-03      0.30116453E+00     -0.34295049E-11      0.45001239E-05     -0.51245070E-16
    4.669299804338         0.21394880E-03      0.25349938E+00     -0.27682350E-11      0.45233224E-05     -0.49395070E-16
    4.684968595628         0.25364785E-03      0.21568689E+00     -0.23668832E-11      0.45474800E-05     -0.49902681E-16
    4.700637386917         0.29783814E-03      0.18530402E+00     -0.19900450E-11      0.45722603E-05     -0.49103109E-16
    4.716306178207         0.34666855E-03      0.16062800E+00     -0.18050514E-11      0.45978653E-05     -0.51668348E-16
    4.731974969497         0.40025437E-03      0.14037943E+00     -0.15240810E-11      0.46240195E-05     -0.50202372E-16
    4.747643760787         0.45867341E-03      0.12362666E+00     -0.12851882E-11      0.46511477E-05     -0.48352029E-16
    4.763312552076         0.52196262E-03      0.10965515E+00     -0.11485354E-11      0.46793109E-05     -0.49011417E-16
    4.778981343366         0.59011483E-03      0.97896331E-01     -0.10708719E-11      0.47074981E-05     -0.51494547E-16
    4.794650134656         0.66307610E-03      0.87950880E-01     -0.89741697E-12      0.47366269E-05     -0.48330721E-16
    4.810318925945         0.74074333E-03      0.79488909E-01     -0.82974054E-12      0.47667564E-05     -0.49757521E-16
    4.825987717235         0.82296262E-03      0.72243552E-01     -0.75647468E-12      0.47975060E-05     -0.50235512E-16
    4.841656508525         0.90952796E-03      0.66011358E-01     -0.70201318E-12      0.48290677E-05     -0.51355846E-16
    4.857325299815         0.10001807E-02      0.60628391E-01     -0.62421784E-12      0.48616075E-05     -0.50054141E-16
    4.872994091104         0.10946098E-02      0.55954327E-01     -0.56260976E-12      0.48946278E-05     -0.49214520E-16
    4.888662882394         0.11924522E-02      0.51885221E-01     -0.51735143E-12      0.49285266E-05     -0.49142708E-16
    4.904331673684         0.12932946E-02      0.48332837E-01     -0.47775484E-12      0.49634362E-05     -0.49062001E-16
    4.920000464974         0.13966754E-02      0.45219345E-01     -0.44417968E-12      0.49989310E-05     -0.49103400E-16
    4.935669256263         0.15020878E-02      0.42487783E-01     -0.41125825E-12      0.50354221E-05     -0.48740102E-16
    4.951338047553         0.16089830E-02      0.40084839E-01     -0.40254345E-12      0.50726110E-05     -0.50940614E-16
    4.967006838843         0.17167746E-02      0.37969964E-01     -0.37228593E-12      0.51107101E-05     -0.50109225E-16
    4.982675630132         0.18248433E-02      0.36106946E-01     -0.34048959E-12      0.51496328E-05     -0.48561193E-16
    4.998344421422         0.19325423E-02      0.34465793E-01     -0.31856109E-12      0.51893582E-05     -0.47964299E-16
    5.014013212712         0.20392031E-02      0.33021516E-01     -0.32097128E-12      0.52299143E-05     -0.50835106E-16
    5.029682004002         0.21441421E-02      0.31753930E-01     -0.30245421E-12      0.52714860E-05     -0.50210578E-16
    5.045350795291         0.22466669E-02      0.30643139E-01     -0.28471069E-12      0.53137743E-05     -0.49371195E-16
    5.061019586581         0.23460834E-02      0.29675517E-01     -0.27736324E-12      0.53570571E-05     -0.50069917E-16
    5.076688377871         0.24417034E-02      0.28836869E-01     -0.26149713E-12      0.54011103E-05     -0.48978092E-16
    5.092357169161         0.25328511E-02      0.28117840E-01     -0.26291516E-12      0.54462216E-05     -0.50924759E-16
    5.108025960450         0.26188713E-02      0.27506535E-01     -0.24487804E-12      0.54918605E-05     -0.48891509E-16
    5.123694751740         0.26991358E-02      0.26998375E-01     -0.24177693E-12      0.55386212E-05     -0.49599682E-16
    5.139363543030         0.27730509E-02      0.26584339E-01     -0.22708315E-12      0.55859483E-05     -0.47715113E-16
    5.155032334319         0.28400639E-02      0.26261733E-01     -0.23155981E-12      0.56343345E-05     -0.49680097E-16
    5.170701125609         0.28996694E-02      0.26024761E-01     -0.22272227E-12      0.56834016E-05     -0.48639067E-16
    5.186369916899         0.29514152E-02      0.25871820E-01     -0.22782440E-12      0.57334543E-05     -0.50488166E-16
    5.202038708189         0.29949078E-02      0.25798831E-01     -0.21322957E-12      0.57840553E-05     -0.47805719E-16
    5.217707499478         0.30298164E-02      0.25802801E-01     -0.22685160E-12      0.58348000E-05     -0.51298062E-16
    5.233376290768         0.30558772E-02      0.25876371E-01     -0.21290617E-12      0.58840975E-05     -0.48413306E-16
    5.249045082058         0.30728968E-02      0.26032718E-01     -0.22629215E-12      0.59348498E-05     -0.51589309E-16
    5.264713873347         0.30807537E-02      0.26281474E-01     -0.22142077E-12      0.59890022E-05     -0.50457197E-16
    5.280382664637         0.30794005E-02      0.26604833E-01     -0.22079339E-12      0.60420436E-05     -0.50142895E-16
    5.296051455927         0.30688638E-02      0.27021623E-01     -0.21442279E-12      0.60976065E-05     -0.48385910E-16
    5.311720247217         0.30492444E-02      0.27540536E-01     -0.21890231E-12      0.61567564E-05     -0.48936164E-16
    5.327389038506         0.30207155E-02      0.28140655E-01     -0.21953378E-12      0.62137268E-05     -0.48475166E-16
    5.343057829796         0.29835211E-02      0.28832744E-01     -0.23334837E-12      0.62697145E-05     -0.50741879E-16
    5.358726621086         0.29379726E-02      0.29631599E-01     -0.23299881E-12      0.63265037E-05     -0.49746483E-16
    5.374395412376         0.28844451E-02      0.30538420E-01     -0.24133890E-12      0.63826607E-05     -0.50440865E-16
    5.390064203665         0.28233730E-02      0.31567042E-01     -0.24463611E-12      0.64391827E-05     -0.49901940E-16
    5.405732994955         0.27552450E-02      0.32724921E-01     -0.25970081E-12      0.64954132E-05     -0.51546772E-16
    5.421401786245         0.26805976E-02      0.34028027E-01     -0.25689022E-12      0.65520822E-05     -0.49464104E-16
    5.437070577534         0.26000094E-02      0.35480209E-01     -0.27568619E-12      0.66072185E-05     -0.51339011E-16
    5.452739368824         0.25140943E-02      0.37107239E-01     -0.27493573E-12      0.66626654E-05     -0.49365160E-16
    5.468408160114         0.24234939E-02      0.38917713E-01     -0.29463421E-12      0.67166214E-05     -0.50849505E-16
    5.484076951404         0.23288711E-02      0.40936767E-01     -0.28561371E-12      0.67698337E-05     -0.47232781E-16
    5.499745742693         0.22309019E-02      0.43182088E-01     -0.31470393E-12      0.68212511E-05     -0.49712152E-16
    5.515414533983         0.21302682E-02      0.45685082E-01     -0.33305576E-12      0.68715243E-05     -0.50095143E-16
    5.531083325273         0.20276510E-02      0.48466953E-01     -0.36027824E-12      0.69191265E-05     -0.51433204E-16
    5.546752116563         0.19237225E-02      0.51565586E-01     -0.36254715E-12      0.69644396E-05     -0.48965559E-16
    5.562420907852         0.18191400E-02      0.55013876E-01     -0.38250783E-12      0.70064345E-05     -0.48715274E-16
    5.578089699142         0.17145389E-02      0.58855564E-01     -0.40132492E-12      0.70448529E-05     -0.48037515E-16
    5.593758490432         0.16105273E-02      0.63137550E-01     -0.44409733E-12      0.70790447E-05     -0.49792633E-16
    5.609427281721         0.15076802E-02      0.67907183E-01     -0.46666297E-12      0.71076980E-05     -0.48844605E-16
    5.625096073011         0.14065349E-02      0.73233862E-01     -0.49477843E-12      0.71310757E-05     -0.48178566E-16
    5.640764864301         0.13075868E-02      0.79170289E-01     -0.53712788E-12      0.71468934E-05     -0.48487832E-16
    5.656433655591         0.12112861E-02      0.85799704E-01     -0.61819577E-12      0.71550448E-05     -0.51552841E-16
    5.672102446880         0.11180349E-02      0.93185727E-01     -0.64931184E-12      0.71529177E-05     -0.49841047E-16
    5.687771238170         0.10281855E-02      0.10143393E+00     -0.69140915E-12      0.71406075E-05     -0.48672877E-16
    5.703440029460         0.94203900E-03      0.11060868E+00     -0.76350265E-12      0.71144896E-05     -0.49109453E-16
    5.719108820749         0.85984493E-03      0.12082484E+00     -0.86654306E-12      0.70740894E-05     -0.50734627E-16
    5.734777612039         0.78180143E-03      0.13213020E+00     -0.93731226E-12      0.70146260E-05     -0.49760727E-16
    5.750446403329         0.70805623E-03      0.14465687E+00     -0.10298930E-11      0.69362988E-05     -0.49383384E-16
    5.766115194619         0.63870815E-03      0.15838387E+00     -0.11467346E-11      0.68320752E-05     -0.49465751E-16
    5.781783985908         0.57380931E-03      0.17341714E+00     -0.13048161E-11      0.67022449E-05     -0.50428676E-16
    5.797452777198         0.51336767E-03      0.18954975E+00     -0.14329269E-11      0.65363765E-05     -0.49412620E-16
    5.813121568488         0.45735023E-03      0.20681115E+00     -0.15487338E-11      0.63363038E-05     -0.47450283E-16
    5.828790359778         0.40568646E-03      0.22457839E+00     -0.18071970E-11      0.60869898E-05     -0.48982407E-16
    5.844459151067         0.35827208E-03      0.24240358E+00     -0.20516750E-11      0.57866899E-05     -0.48977854E-16
    5.860127942357         0.31497306E-03      0.25885145E+00     -0.23740511E-11      0.54180056E-05     -0.49691135E-16
    5.875796733647         0.27562974E-03      0.27256386E+00     -0.26503722E-11      0.49790918E-05     -0.48415980E-16
    5.891465524936         0.24006107E-03      0.28009632E+00     -0.30715225E-11      0.44445556E-05     -0.48738779E-16
    5.907134316226         0.20806873E-03      0.27750995E+00     -0.36329705E-11      0.38065459E-05     -0.49832695E-16
    5.922803107516         0.17944129E-03      0.25698109E+00     -0.41768775E-11      0.30319274E-05     -0.49279847E-16
    5.938471898806         0.15395814E-03      0.20837708E+00     -0.48673852E-11      0.21037805E-05     -0.49141252E-16
    5.954140690095         0.13139326E-03      0.11361260E+00     -0.57070998E-11      0.97634441E-06     -0.49044690E-16
    5.969809481385         0.11151866E-03     -0.52773563E-01     -0.68812032E-11     -0.38390701E-06     -0.50058059E-16
    5.985478272675         0.94107649E-04     -0.33405092E+00     -0.81019294E-11     -0.20453201E-05     -0.49606326E-16
    6.001147063965         0.78937621E-04     -0.79431303E+00     -0.95839577E-11     -0.40687780E-05     -0.49092731E-16
    6.016815855254         0.65792604E-04     -0.15416483E+01     -0.11578354E-10     -0.65647501E-05     -0.49303723E-16
    6.032484646544         0.54465379E-04     -0.27436281E+01     -0.14147621E-10     -0.96465518E-05     -0.49742804E-16
    6.048153437834         0.44759239E-04     -0.46859391E+01     -0.16877091E-10     -0.13504518E-04     -0.48638485E-16
    6.063822229123         0.36489373E-04     -0.78345377E+01     -0.20985663E-10     -0.18359289E-04     -0.49177356E-16
    6.079491020413         0.29483904E-04     -0.13008289E+02     -0.25141198E-10     -0.24567472E-04     -0.47481702E-16
    6.095159811703         0.23584570E-04     -0.21628859E+02     -0.36323559E-10     -0.32591100E-04     -0.54733575E-16
    6.110828602993         0.18647120E-04     -0.36328786E+02     -0.37997804E-10     -0.43170302E-04     -0.45153632E-16
    6.126497394282         0.14541411E-04     -0.62070871E+02     -0.47357773E-10     -0.57372618E-04     -0.43773180E-16
    6.142166185572         0.11151287E-04     -0.10886209E+03     -0.57645590E-10     -0.76966663E-04     -0.40756049E-16
    6.157834976862         0.83742565E-05     -0.19792391E+03     -0.11189946E-09     -0.10481876E-03     -0.59260966E-16
    6.173503768152         0.61210155E-05     -0.37832933E+03     -0.16309227E-09     -0.14607783E-03     -0.62972029E-16
    6.189172559441         0.43148763E-05     -0.77506729E+03     -0.24362438E-09     -0.21042518E-03     -0.66142262E-16
    6.204841350731         0.28911298E-05     -0.17540844E+04     -0.39373853E-09     -0.31828044E-03     -0.71444264E-16
    6.220510142021         0.17963946E-05     -0.46092187E+04      0.36735498E-09     -0.51835299E-03      0.41312761E-16
    6.236178933310         0.98799011E-06     -0.15449651E+05     -0.14758015E-08     -0.95318069E-03     -0.91050960E-16
    6.251847724600         0.43337014E-06     -0.81491854E+05     -0.44043296E-08     -0.21998209E-02     -0.11889209E-15
    6.267516515890         0.10964870E-06     -0.13129711E+07     -0.33199120E-07     -0.89451106E-02     -0.22618151E-15
