 
 # Omega; pulse ft; proj flux t=    500.250000000000     
    0.000000000000         0.44556337E-06      0.00000000E+00      0.00000000E+00      0.00000000E+00      0.00000000E+00      0.00000000E+00      0.00000000E+00
    0.006270644019         0.45087192E-06     -0.42640918E-01      0.15758571E-10     -0.19002479E-06      0.70226421E-16     -0.11915778E-08      0.44036489E-18
    0.012541288038         0.46684081E-06     -0.46943569E-01      0.70957963E-10     -0.10830424E-06      0.16370822E-15     -0.18707151E-08      0.14669208E-17
    0.018811932057         0.49359979E-06     -0.27717739E-01      0.11828153E-09     -0.45075654E-07      0.19235398E-15     -0.21533685E-08      0.26731042E-17
    0.025082576077         0.53136541E-06     -0.25200713E-01      0.14771000E-09     -0.33088467E-07      0.19394282E-15     -0.23608545E-08      0.38892506E-17
    0.031353220096         0.58044149E-06     -0.18174840E-01      0.17024230E-09     -0.20854010E-07      0.19533787E-15     -0.24916226E-08      0.51141448E-17
    0.037623864115         0.64121969E-06     -0.35255007E-02      0.18709621E-09     -0.37239765E-08      0.19762921E-15     -0.25149743E-08      0.63534072E-17
    0.043894508134         0.71418031E-06      0.13448056E-01      0.19581351E-09      0.13561255E-07      0.19746176E-15     -0.24299365E-08      0.75916196E-17
    0.050165152153         0.79989324E-06     -0.11022472E-01      0.19975453E-09     -0.10893102E-07      0.19741003E-15     -0.24982433E-08      0.88295076E-17
    0.056435796172         0.89901904E-06     -0.35678680E-01      0.19934514E-09     -0.35226191E-07      0.19681698E-15     -0.27191342E-08      0.10063677E-16
    0.062706440191         0.10123102E-05     -0.16515931E-01      0.19666468E-09     -0.16525218E-07      0.19677526E-15     -0.28227579E-08      0.11297584E-16
    0.068977084211         0.11406125E-05      0.58006524E-03      0.19210359E-09      0.59450130E-09      0.19688446E-15     -0.28190300E-08      0.12532177E-16
    0.075247728230         0.12848664E-05     -0.16616470E-02      0.18601302E-09     -0.17585148E-08      0.19685689E-15     -0.28300571E-08      0.13766596E-16
    0.081518372249         0.14461090E-05     -0.27300128E-02      0.17911731E-09     -0.30016004E-08      0.19693629E-15     -0.28488790E-08      0.15001514E-16
    0.087789016268         0.16254751E-05     -0.21672784E-02      0.17141849E-09     -0.24871244E-08      0.19671635E-15     -0.28644749E-08      0.16235052E-16
    0.094059660287         0.18241995E-05     -0.16818239E-02      0.16409573E-09     -0.20215856E-08      0.19724630E-15     -0.28771515E-08      0.17471913E-16
    0.100330304306         0.20436188E-05     -0.10541622E-02      0.15625352E-09     -0.13308155E-08      0.19726054E-15     -0.28854966E-08      0.18708864E-16
    0.106600948325         0.22851729E-05     -0.49580199E-03      0.14834984E-09     -0.65873226E-09      0.19710051E-15     -0.28896273E-08      0.19944811E-16
    0.112871592345         0.25504072E-05     -0.43560965E-03      0.14078441E-09     -0.61004946E-09      0.19716151E-15     -0.28934527E-08      0.21181141E-16
    0.119142236364         0.28409746E-05     -0.32405909E-03      0.13344510E-09     -0.47892607E-09      0.19721816E-15     -0.28964559E-08      0.22417826E-16
    0.125412880383         0.31586369E-05     -0.24235571E-03      0.12624711E-09     -0.37831495E-09      0.19707054E-15     -0.28988281E-08      0.23653585E-16
    0.131683524402         0.35052673E-05     -0.11568431E-03      0.11968066E-09     -0.19085645E-09      0.19744965E-15     -0.29000249E-08      0.24891721E-16
    0.137954168421         0.38828517E-05      0.38608648E-03      0.11315087E-09      0.67350875E-09      0.19738610E-15     -0.28958016E-08      0.26129459E-16
    0.144224812440         0.42934906E-05      0.82222374E-03      0.10689379E-09      0.15170616E-08      0.19722668E-15     -0.28862887E-08      0.27366197E-16
    0.150495456459         0.47394007E-05      0.10394014E-02      0.10114944E-09      0.20287381E-08      0.19742685E-15     -0.28735672E-08      0.28604191E-16
    0.156766100479         0.52229165E-05      0.12590712E-02      0.95587653E-10      0.25998835E-08      0.19738102E-15     -0.28572642E-08      0.29841897E-16
    0.163036744498         0.57464915E-05      0.16398395E-02      0.90326974E-10      0.35822946E-08      0.19732286E-15     -0.28348009E-08      0.31079239E-16
    0.169307388517         0.63126995E-05      0.20108221E-02      0.85445671E-10      0.46468166E-08      0.19745673E-15     -0.28056624E-08      0.32317419E-16
    0.175578032536         0.69242356E-05      0.32548254E-02      0.80768555E-10      0.79555833E-08      0.19741795E-15     -0.27557758E-08      0.33555357E-16
    0.181848676555         0.75839168E-05      0.45700923E-02      0.76306641E-10      0.11812751E-07      0.19723702E-15     -0.26817022E-08      0.34792160E-16
    0.188119320574         0.82946828E-05      0.12491658E-01      0.72245720E-10      0.34137298E-07      0.19743365E-15     -0.24676394E-08      0.36030196E-16
    0.194389964593         0.90595963E-05      0.38319101E-01      0.68348509E-10      0.11068608E-06      0.19742708E-15     -0.17735664E-08      0.37268191E-16
    0.200660608613         0.98818426E-05      0.24143665E+00      0.64667579E-10      0.73692228E-06      0.19738088E-15      0.28474109E-08      0.38505897E-16
    0.206931252632         0.10764730E-04      0.13277069E+01      0.61248485E-10      0.42807705E-05      0.19747634E-15      0.29690599E-07      0.39744200E-16
    0.213201896651         0.11711688E-04      0.32837368E+01      0.57976751E-10      0.11179939E-04      0.19738993E-15      0.99796019E-07      0.40981962E-16
    0.219472540670         0.12726269E-04      0.44251215E+01      0.54929081E-10      0.15903356E-04      0.19740853E-15      0.19952031E-06      0.42219841E-16
    0.225743184689         0.13812143E-04      0.47203950E+01      0.52044066E-10      0.17900594E-04      0.19736054E-15      0.31176856E-06      0.43457419E-16
    0.232013828708         0.14973100E-04      0.57773016E+01      0.49266175E-10      0.23108171E-04      0.19705587E-15      0.45667168E-06      0.44693086E-16
    0.238284472727         0.16213045E-04      0.71814824E+01      0.46728583E-10      0.30284864E-04      0.19705803E-15      0.64657727E-06      0.45928767E-16
    0.244555116747         0.17535997E-04      0.80892315E+01      0.44376612E-10      0.35950392E-04      0.19721980E-15      0.87200939E-06      0.47165462E-16
    0.250825760766         0.18946084E-04      0.86511073E+01      0.42039688E-10      0.40500623E-04      0.19681106E-15      0.11259744E-05      0.48399594E-16
    0.257096404785         0.20447546E-04      0.90483808E+01      0.39947978E-10      0.44602451E-04      0.19691675E-15      0.14056605E-05      0.49634389E-16
    0.263367048804         0.22044721E-04      0.94747743E+01      0.37888829E-10      0.49153530E-04      0.19656085E-15      0.17138848E-05      0.50866952E-16
    0.269637692823         0.23742049E-04      0.99302284E+01      0.35901563E-10      0.54192541E-04      0.19592671E-15      0.20537069E-05      0.52095538E-16
    0.275908336842         0.25544067E-04      0.10403346E+02      0.34327955E-10      0.59695412E-04      0.19697714E-15      0.24280356E-05      0.53330712E-16
    0.282178980861         0.27455397E-04      0.10887219E+02      0.32577138E-10      0.65654229E-04      0.19645300E-15      0.28397299E-05      0.54562599E-16
    0.288449624880         0.29480748E-04      0.11343937E+02      0.30893745E-10      0.71857977E-04      0.19569591E-15      0.32903257E-05      0.55789738E-16
    0.294720268900         0.31624906E-04      0.11725126E+02      0.29632147E-10      0.77979319E-04      0.19707205E-15      0.37793062E-05      0.57025507E-16
    0.300990912919         0.33892727E-04      0.11993451E+02      0.28136940E-10      0.83702798E-04      0.19636888E-15      0.43041767E-05      0.58256866E-16
    0.307261556938         0.36289132E-04      0.12174157E+02      0.26705540E-10      0.89114820E-04      0.19548453E-15      0.48629840E-05      0.59482680E-16
    0.313532200957         0.38819099E-04      0.12288798E+02      0.25699973E-10      0.94300800E-04      0.19721441E-15      0.54543107E-05      0.60719342E-16
    0.319802844976         0.41487653E-04      0.12384177E+02      0.24424297E-10      0.99574095E-04      0.19638182E-15      0.60787044E-05      0.61950782E-16
    0.326073488995         0.44299860E-04      0.12470089E+02      0.23209097E-10      0.10500237E-03      0.19542845E-15      0.67371369E-05      0.63176244E-16
    0.332344133014         0.47260816E-04      0.12566306E+02      0.22039759E-10      0.11075505E-03      0.19425076E-15      0.74316424E-05      0.64394322E-16
    0.338614777034         0.50375638E-04      0.12659624E+02      0.21298252E-10      0.11672883E-03      0.19638182E-15      0.81636073E-05      0.65625762E-16
    0.344885421053         0.53649455E-04      0.12750713E+02      0.20245879E-10      0.12293275E-03      0.19519550E-15      0.89344748E-05      0.66849764E-16
    0.351156065072         0.57087396E-04      0.12819625E+02      0.19249257E-10      0.12916893E-03      0.19395310E-15      0.97444472E-05      0.68065974E-16
    0.357426709091         0.60694581E-04      0.12863884E+02      0.18676120E-10      0.13538723E-03      0.19655869E-15      0.10593412E-04      0.69298524E-16
    0.363697353110         0.64476108E-04      0.12879566E+02      0.17768273E-10      0.14151504E-03      0.19523001E-15      0.11480803E-04      0.70522742E-16
    0.369967997129         0.68437043E-04      0.12866120E+02      0.16909615E-10      0.14750861E-03      0.19386682E-15      0.12405777E-04      0.71738412E-16
    0.376238641148         0.72582407E-04      0.12831234E+02      0.16094316E-10      0.15341897E-03      0.19243460E-15      0.13367812E-04      0.72945101E-16
    0.382509285168         0.76917163E-04      0.12776617E+02      0.15675104E-10      0.15923548E-03      0.19535943E-15      0.14366321E-04      0.74170130E-16
    0.388779929187         0.81446204E-04      0.12717936E+02      0.14926517E-10      0.16513013E-03      0.19380642E-15      0.15401794E-04      0.75385421E-16
    0.395050573206         0.86174343E-04      0.12645581E+02      0.14583967E-10      0.17096482E-03      0.19717127E-15      0.16473853E-04      0.76621812E-16
    0.401321217225         0.91106293E-04      0.12574484E+02      0.13898157E-10      0.17692496E-03      0.19554924E-15      0.17583287E-04      0.77848032E-16
    0.407591861244         0.96246660E-04      0.12491421E+02      0.13251201E-10      0.18281620E-03      0.19393584E-15      0.18729662E-04      0.79064134E-16
    0.413862505263         0.10159992E-03      0.12412570E+02      0.12635548E-10      0.18886074E-03      0.19225342E-15      0.19913941E-04      0.80269687E-16
    0.420133149282         0.10717043E-03      0.12325116E+02      0.12035850E-10      0.19485956E-03      0.19028628E-15      0.21135835E-04      0.81462905E-16
    0.426403793302         0.11296238E-03      0.12243129E+02      0.11821944E-10      0.20102397E-03      0.19410840E-15      0.22396385E-04      0.82680089E-16
    0.432674437321         0.11897978E-03      0.12150196E+02      0.11278751E-10      0.20707987E-03      0.19222753E-15      0.23694909E-04      0.83885480E-16
    0.438945081340         0.12522650E-03      0.12059628E+02      0.11100770E-10      0.21323704E-03      0.19628260E-15      0.25032043E-04      0.85116298E-16
    0.445215725359         0.13170617E-03      0.11964488E+02      0.10599066E-10      0.21936758E-03      0.19433272E-15      0.26407619E-04      0.86334889E-16
    0.451486369378         0.13842226E-03      0.11873712E+02      0.10116974E-10      0.22562669E-03      0.19224479E-15      0.27822444E-04      0.87540388E-16
    0.457757013397         0.14537797E-03      0.11780672E+02      0.96571299E-11      0.23188695E-03      0.19008784E-15      0.29276524E-04      0.88732361E-16
    0.464027657416         0.15257628E-03      0.11694733E+02      0.92174946E-11      0.23832859E-03      0.18784461E-15      0.30770998E-04      0.89910268E-16
    0.470298301436         0.16001994E-03      0.11613476E+02      0.91300548E-11      0.24490949E-03      0.19253814E-15      0.32306738E-04      0.91117606E-16
    0.476568945455         0.16771141E-03      0.11545161E+02      0.87198953E-11      0.25181381E-03      0.19019137E-15      0.33885773E-04      0.92310228E-16
    0.482839589474         0.17565286E-03      0.11496888E+02      0.86517894E-11      0.25922407E-03      0.19507471E-15      0.35511275E-04      0.93533472E-16
    0.489110233493         0.18384620E-03      0.11493658E+02      0.82728303E-11      0.26776194E-03      0.19272795E-15      0.37190314E-04      0.94742001E-16
    0.495380877512         0.19229300E-03      0.11566450E+02      0.79003802E-11      0.27827040E-03      0.19007058E-15      0.38935249E-04      0.95933866E-16
    0.501651521531         0.20099453E-03      0.11864781E+02      0.75365957E-11      0.29463513E-03      0.18715438E-15      0.40782801E-04      0.97107444E-16
    0.507922165550         0.20995173E-03      0.12997349E+02      0.71388842E-11      0.33298121E-03      0.18289225E-15      0.42870808E-04      0.98254296E-16
    0.514192809570         0.21916516E-03      0.12342611E+02      0.71779492E-11      0.32605827E-03      0.18962194E-15      0.44915403E-04      0.99443348E-16
    0.520463453589         0.22863508E-03      0.94482034E+01      0.69417377E-11      0.25724357E-03      0.18900073E-15      0.46528486E-04      0.10062850E-15
    0.526734097608         0.23836132E-03      0.88179715E+01      0.66753359E-11      0.24731799E-03      0.18722341E-15      0.48079329E-04      0.10180252E-15
    0.533004741627         0.24834337E-03      0.95515311E+01      0.63578146E-11      0.27582725E-03      0.18359973E-15      0.49808944E-04      0.10295380E-15
    0.539275385646         0.25858031E-03      0.92175694E+01      0.61018884E-11      0.27393275E-03      0.18133924E-15      0.51526678E-04      0.10409092E-15
    0.545546029665         0.26907084E-03      0.87860335E+01      0.63634407E-11      0.26857820E-03      0.19452253E-15      0.53210837E-04      0.10531070E-15
    0.551816673684         0.27981322E-03      0.86615475E+01      0.61126078E-11      0.27221470E-03      0.19210675E-15      0.54917798E-04      0.10651533E-15
    0.558087317704         0.29080531E-03      0.85798176E+01      0.58714549E-11      0.27709003E-03      0.18962194E-15      0.56655331E-04      0.10770438E-15
    0.564357961723         0.30204453E-03      0.84184974E+01      0.56395020E-11      0.27925025E-03      0.18706811E-15      0.58406410E-04      0.10887742E-15
    0.570628605742         0.31352788E-03      0.82554347E+01      0.54193336E-11      0.28112874E-03      0.18454879E-15      0.60169268E-04      0.11003466E-15
    0.576899249761         0.32525191E-03      0.81210448E+01      0.52078157E-11      0.28377522E-03      0.18197770E-15      0.61948722E-04      0.11117578E-15
    0.583169893780         0.33721273E-03      0.79993339E+01      0.54571020E-11      0.28668526E-03      0.19557512E-15      0.63746423E-04      0.11240216E-15
    0.589440537799         0.34940598E-03      0.78683438E+01      0.52528446E-11      0.28907886E-03      0.19298678E-15      0.65559133E-04      0.11361231E-15
    0.595711181818         0.36182686E-03      0.77419477E+01      0.50581886E-11      0.29144591E-03      0.19041570E-15      0.67386687E-04      0.11480634E-15
    0.601981825838         0.37447010E-03      0.76243011E+01      0.48703782E-11      0.29395204E-03      0.18777559E-15      0.69229956E-04      0.11598382E-15
    0.608252469857         0.38732997E-03      0.75097158E+01      0.46886446E-11      0.29638990E-03      0.18504920E-15      0.71088511E-04      0.11714419E-15
    0.614523113876         0.40040028E-03      0.73957462E+01      0.45152654E-11      0.29866259E-03      0.18234007E-15      0.72961318E-04      0.11828758E-15
    0.620793757895         0.41367437E-03      0.72808424E+01      0.43485427E-11      0.30070149E-03      0.17959643E-15      0.74846910E-04      0.11941377E-15
    0.627064401914         0.42714512E-03      0.71679289E+01      0.45944060E-11      0.30262143E-03      0.19397035E-15      0.76744541E-04      0.12063009E-15
    0.633335045933         0.44080494E-03      0.70566012E+01      0.44345511E-11      0.30440458E-03      0.19129573E-15      0.78653354E-04      0.12182963E-15
    0.639605689952         0.45464578E-03      0.69480116E+01      0.42778845E-11      0.30610052E-03      0.18846581E-15      0.80572801E-04      0.12301144E-15
    0.645876333972         0.46865914E-03      0.68395102E+01      0.41292673E-11      0.30759226E-03      0.18570491E-15      0.82501603E-04      0.12417593E-15
    0.652146977991         0.48283605E-03      0.67333752E+01      0.39863953E-11      0.30897952E-03      0.18292676E-15      0.84439103E-04      0.12532299E-15
    0.658417622010         0.49716709E-03      0.66270817E+01      0.38482430E-11      0.31014582E-03      0.18009684E-15      0.86383917E-04      0.12645232E-15
    0.664688266029         0.51164243E-03      0.65227433E+01      0.37149410E-11      0.31118704E-03      0.17723241E-15      0.88335261E-04      0.12756368E-15
    0.670958910048         0.52625176E-03      0.64179588E+01      0.39525768E-11      0.31198753E-03      0.19214126E-15      0.90291623E-04      0.12876853E-15
    0.677229554067         0.54098437E-03      0.63153395E+01      0.38230145E-11      0.31267143E-03      0.18927682E-15      0.92252274E-04      0.12995542E-15
    0.683500198086         0.55582913E-03      0.62127842E+01      0.36992173E-11      0.31313499E-03      0.18644690E-15      0.94215833E-04      0.13112456E-15
    0.689770842106         0.57077448E-03      0.61122678E+01      0.35798897E-11      0.31347634E-03      0.18359973E-15      0.96181531E-04      0.13227585E-15
    0.696041486125         0.58580849E-03      0.60120085E+01      0.34634895E-11      0.31360487E-03      0.18066627E-15      0.98148036E-04      0.13340874E-15
    0.702312130144         0.60091883E-03      0.59141821E+01      0.33524768E-11      0.31363391E-03      0.17778459E-15      0.10011472E-03      0.13452356E-15
    0.708582774163         0.61609280E-03      0.58172911E+01      0.35776841E-11      0.31348662E-03      0.19279697E-15      0.10208049E-03      0.13573253E-15
    0.714853418182         0.63131734E-03      0.57223606E+01      0.34699721E-11      0.31321937E-03      0.18993254E-15      0.10404457E-03      0.13692352E-15
    0.721124062201         0.64657905E-03      0.56279665E+01      0.33646902E-11      0.31275612E-03      0.18698183E-15      0.10600575E-03      0.13809602E-15
    0.727394706220         0.66186420E-03      0.55354005E+01      0.32663059E-11      0.31216951E-03      0.18420367E-15      0.10796326E-03      0.13925110E-15
    0.733665350240         0.67715875E-03      0.54446291E+01      0.31693775E-11      0.31146085E-03      0.18130473E-15      0.10991632E-03      0.14038799E-15
    0.739935994259         0.69244838E-03      0.53568872E+01      0.30762032E-11      0.31070513E-03      0.17842304E-15      0.11186464E-03      0.14150682E-15
    0.746206638278         0.70771846E-03      0.52712609E+01      0.29874874E-11      0.30985507E-03      0.17561038E-15      0.11380763E-03      0.14260801E-15
    0.752477282297         0.72295415E-03      0.51871662E+01      0.29001313E-11      0.30888030E-03      0.17269418E-15      0.11574451E-03      0.14369092E-15
    0.758747926316         0.73814035E-03      0.51042273E+01      0.31071065E-11      0.30776137E-03      0.18734420E-15      0.11767437E-03      0.14486568E-15
    0.765018570335         0.75326174E-03      0.50229199E+01      0.30235236E-11      0.30652991E-03      0.18451428E-15      0.11959651E-03      0.14602271E-15
    0.771289214354         0.76830282E-03      0.49434724E+01      0.29422338E-11      0.30520382E-03      0.18164984E-15      0.12151034E-03      0.14716177E-15
    0.777559858374         0.78324792E-03      0.48652060E+01      0.28642295E-11      0.30374513E-03      0.17881992E-15      0.12341501E-03      0.14828309E-15
    0.783830502393         0.79808122E-03      0.47883299E+01      0.27896397E-11      0.30217022E-03      0.17604177E-15      0.12530982E-03      0.14938698E-15
    0.790101146412         0.81278676E-03      0.47123867E+01      0.29824653E-11      0.30045368E-03      0.19015686E-15      0.12719385E-03      0.15057939E-15
    0.796371790431         0.82734851E-03      0.46380723E+01      0.29095441E-11      0.29864332E-03      0.18734420E-15      0.12906654E-03      0.15175416E-15
    0.802642434450         0.84175034E-03      0.45643276E+01      0.28387432E-11      0.29667481E-03      0.18451428E-15      0.13092688E-03      0.15291118E-15
    0.808913078469         0.85597609E-03      0.44915026E+01      0.27696990E-11      0.29457379E-03      0.18164984E-15      0.13277405E-03      0.15405024E-15
    0.815183722488         0.87000955E-03      0.44189326E+01      0.27031043E-11      0.29229984E-03      0.17880267E-15      0.13460696E-03      0.15517145E-15
    0.821454366508         0.88383453E-03      0.43473516E+01      0.26406644E-11      0.28990450E-03      0.17609354E-15      0.13642484E-03      0.15627567E-15
    0.827725010527         0.89743486E-03      0.42758301E+01      0.25783854E-11      0.28732934E-03      0.17326362E-15      0.13822658E-03      0.15736214E-15
    0.833995654546         0.91079443E-03      0.42046871E+01      0.25190225E-11      0.28459872E-03      0.17050272E-15      0.14001120E-03      0.15843130E-15
    0.840266298565         0.92389720E-03      0.41331552E+01      0.24634811E-11      0.28166384E-03      0.16787986E-15      0.14177742E-03      0.15948402E-15
    0.846536942584         0.93672724E-03      0.40633167E+01      0.24091247E-11      0.27867023E-03      0.16522250E-15      0.14352486E-03      0.16052007E-15
    0.852807586603         0.94926875E-03      0.39957185E+01      0.25847471E-11      0.27566123E-03      0.17831951E-15      0.14525343E-03      0.16163825E-15
    0.859078230622         0.96150611E-03      0.39291595E+01      0.25313109E-11      0.27255972E-03      0.17559312E-15      0.14696256E-03      0.16273933E-15
    0.865348874641         0.97342387E-03      0.38627955E+01      0.24794651E-11      0.26931166E-03      0.17286674E-15      0.14865131E-03      0.16382332E-15
    0.871619518661         0.98500679E-03      0.37979227E+01      0.24311099E-11      0.26601191E-03      0.17027839E-15      0.15031938E-03      0.16489107E-15
    0.877890162680         0.99623989E-03      0.37356668E+01      0.25968977E-11      0.26274505E-03      0.18265067E-15      0.15196696E-03      0.16603641E-15
    0.884160806699         0.10071084E-02      0.36767559E+01      0.25468917E-11      0.25956877E-03      0.17980349E-15      0.15359462E-03      0.16716389E-15
    0.890431450718         0.10175980E-02      0.36221021E+01      0.24997792E-11      0.25655420E-03      0.17705985E-15      0.15520338E-03      0.16827417E-15
    0.896702094737         0.10276945E-02      0.35702667E+01      0.24562127E-11      0.25360581E-03      0.17447151E-15      0.15679366E-03      0.16936822E-15
    0.902972738756         0.10373842E-02      0.35258074E+01      0.24119969E-11      0.25105348E-03      0.17174512E-15      0.15836792E-03      0.17044517E-15
    0.909243382775         0.10466537E-02      0.34931616E+01      0.23690232E-11      0.24922075E-03      0.16901873E-15      0.15993070E-03      0.17150503E-15
    0.915514026795         0.10554899E-02      0.34736553E+01      0.23289268E-11      0.24820955E-03      0.16641314E-15      0.16148713E-03      0.17254855E-15
    0.921784670814         0.10638804E-02      0.34657591E+01      0.22856178E-11      0.24791590E-03      0.16349694E-15      0.16304172E-03      0.17357378E-15
    0.928055314833         0.10718130E-02      0.34701441E+01      0.22443585E-11      0.24839072E-03      0.16064976E-15      0.16459929E-03      0.17458116E-15
    0.934325958852         0.10792761E-02      0.35010008E+01      0.22024432E-11      0.25065077E-03      0.15768180E-15      0.16617103E-03      0.17556992E-15
    0.940596602871         0.10862586E-02      0.35795306E+01      0.23570215E-11      0.25621147E-03      0.16870813E-15      0.16777765E-03      0.17662783E-15
    0.946867246890         0.10927497E-02      0.37235750E+01      0.23106330E-11      0.26633877E-03      0.16527427E-15      0.16944776E-03      0.17766421E-15
    0.953137890909         0.10987394E-02      0.38878871E+01      0.22613292E-11      0.27777636E-03      0.16156431E-15      0.17118960E-03      0.17867732E-15
    0.959408534929         0.11042182E-02      0.40861477E+01      0.24388388E-11      0.29147953E-03      0.17397110E-15      0.17301736E-03      0.17976823E-15
    0.965679178948         0.11091771E-02      0.42497054E+01      0.23943560E-11      0.30253075E-03      0.17045095E-15      0.17491442E-03      0.18083707E-15
    0.971949822967         0.11136077E-02      0.43737420E+01      0.23495294E-11      0.31058769E-03      0.16684453E-15      0.17686201E-03      0.18188329E-15
    0.978220466986         0.11175024E-02      0.43406052E+01      0.23067292E-11      0.30732981E-03      0.16332438E-15      0.17878917E-03      0.18290744E-15
    0.984491111005         0.11208540E-02      0.46238228E+01      0.22529500E-11      0.32627297E-03      0.15897597E-15      0.18083511E-03      0.18390432E-15
    0.990761755024         0.11236560E-02      0.63693074E+01      0.21200017E-11      0.44771232E-03      0.14901948E-15      0.18364255E-03      0.18483877E-15
    0.997032399043         0.11259028E-02      0.78294329E+01      0.19728527E-11      0.54797985E-03      0.13807942E-15      0.18707874E-03      0.18570462E-15
    1.003303043063         0.11275890E-02      0.75747766E+01      0.19223423E-11      0.52763211E-03      0.13390356E-15      0.19038733E-03      0.18654428E-15
    1.009573687082         0.11287105E-02      0.78954770E+01      0.18308328E-11      0.54709858E-03      0.12686327E-15      0.19381799E-03      0.18733979E-15
    1.015844331101         0.11292634E-02      0.96482305E+01      0.16103883E-11      0.66475015E-03      0.11095359E-15      0.19798640E-03      0.18803554E-15
    1.022114975120         0.11292448E-02      0.11329428E+02      0.13688603E-11      0.77578080E-03      0.93732493E-16      0.20285105E-03      0.18862330E-15
    1.028385619139         0.11286525E-02      0.10562212E+02      0.19492648E-11      0.71845869E-03      0.13259213E-15      0.20735625E-03      0.18945474E-15
    1.034656263158         0.11274848E-02      0.70554113E+01      0.24542324E-11      0.47651835E-03      0.16575742E-15      0.21034432E-03      0.19049415E-15
    1.040926907177         0.11257412E-02      0.44106799E+01      0.21640077E-11      0.29564227E-03      0.14505069E-15      0.21219819E-03      0.19140371E-15
    1.047197551197         0.11234215E-02      0.36628564E+01      0.23914922E-11      0.24354357E-03      0.15901048E-15      0.21372537E-03      0.19240081E-15
    1.053468195216         0.11205265E-02      0.28476267E+01      0.22209505E-11      0.18772686E-03      0.14641388E-15      0.21490254E-03      0.19331892E-15
    1.059738839235         0.11170577E-02      0.20915541E+01      0.23871698E-11      0.13664336E-03      0.15595623E-15      0.21575938E-03      0.19429686E-15
    1.066009483254         0.11130174E-02      0.19145505E+01      0.22725521E-11      0.12389403E-03      0.14706097E-15      0.21653627E-03      0.19521903E-15
    1.072280127273         0.11084087E-02      0.18584183E+01      0.23724553E-11      0.11906327E-03      0.15199607E-15      0.21728288E-03      0.19617214E-15
    1.078550771292         0.11032353E-02      0.17802354E+01      0.22663275E-11      0.11286198E-03      0.14367887E-15      0.21799059E-03      0.19707310E-15
    1.084821415311         0.10975018E-02      0.17025933E+01      0.23635133E-11      0.10675804E-03      0.14819984E-15      0.21866003E-03      0.19800241E-15
    1.091092059331         0.10912137E-02      0.16266541E+01      0.24540662E-11      0.10082919E-03      0.15211686E-15      0.21929230E-03      0.19895628E-15
    1.097362703350         0.10843770E-02      0.15636017E+01      0.23611717E-11      0.95763252E-04      0.14461067E-15      0.21989280E-03      0.19986308E-15
    1.103633347369         0.10769985E-02      0.14891252E+01      0.24479209E-11      0.90066685E-04      0.14805748E-15      0.22045757E-03      0.20079150E-15
    1.109903991388         0.10690860E-02      0.13657866E+01      0.23719485E-11      0.81536626E-04      0.14160388E-15      0.22096886E-03      0.20167945E-15
    1.116174635407         0.10606478E-02      0.12291502E+01      0.24558923E-11      0.72391346E-04      0.14464087E-15      0.22142280E-03      0.20258644E-15
    1.122445279426         0.10516929E-02      0.11409663E+01      0.23961526E-11      0.66258144E-04      0.13914927E-15      0.22183828E-03      0.20345899E-15
    1.128715923445         0.10422313E-02      0.13473820E+01      0.24473935E-11      0.77110389E-04      0.14006381E-15      0.22232181E-03      0.20433728E-15
    1.134986567465         0.10322736E-02      0.17180046E+01      0.23211884E-11      0.96843636E-04      0.13084500E-15      0.22292908E-03      0.20515777E-15
    1.141257211484         0.10218309E-02      0.16647880E+01      0.24210661E-11      0.92384071E-04      0.13435221E-15      0.22350839E-03      0.20600024E-15
    1.147527855503         0.10109152E-02      0.14955584E+01      0.23513062E-11      0.81657776E-04      0.12838176E-15      0.22402044E-03      0.20680528E-15
    1.153798499522         0.99953920E-03      0.15870587E+01      0.24285025E-11      0.85212935E-04      0.13039204E-15      0.22455478E-03      0.20762292E-15
    1.160069143541         0.98771619E-03      0.16316823E+01      0.25168708E-11      0.86104642E-04      0.13281646E-15      0.22509471E-03      0.20845576E-15
    1.166339787560         0.97546013E-03      0.15753170E+01      0.26109548E-11      0.81657310E-04      0.13534009E-15      0.22560675E-03      0.20930443E-15
    1.172610431579         0.96278560E-03      0.15351534E+01      0.27019347E-11      0.78121448E-04      0.13749704E-15      0.22609663E-03      0.21016663E-15
    1.178881075599         0.94970780E-03      0.15051618E+01      0.26189205E-11      0.75152922E-04      0.13076304E-15      0.22656788E-03      0.21098660E-15
    1.185151719618         0.93624252E-03      0.14575513E+01      0.27080749E-11      0.71364286E-04      0.13259213E-15      0.22701538E-03      0.21181804E-15
    1.191422363637         0.92240614E-03      0.14037627E+01      0.26336010E-11      0.67358564E-04      0.12637149E-15      0.22743777E-03      0.21261047E-15
    1.197693007656         0.90821557E-03      0.13656636E+01      0.27205863E-11      0.64184454E-04      0.12786410E-15      0.22784024E-03      0.21341226E-15
    1.203963651675         0.89368826E-03      0.13351820E+01      0.26522304E-11      0.61426506E-04      0.12201876E-15      0.22822543E-03      0.21417739E-15
    1.210234295694         0.87884217E-03      0.12984485E+01      0.27379665E-11      0.58439816E-04      0.12322881E-15      0.22859188E-03      0.21495012E-15
    1.216504939713         0.86369574E-03      0.12605901E+01      0.26773339E-11      0.55470677E-04      0.11781270E-15      0.22893972E-03      0.21568888E-15
    1.222775583733         0.84826788E-03      0.12252973E+01      0.27603467E-11      0.52682989E-04      0.11868411E-15      0.22927008E-03      0.21643310E-15
    1.229046227752         0.83257790E-03      0.11906388E+01      0.27064707E-11      0.49989566E-04      0.11363253E-15      0.22958354E-03      0.21714565E-15
    1.235316871771         0.81664556E-03      0.11573452E+01      0.27889856E-11      0.47419922E-04      0.11427314E-15      0.22988090E-03      0.21786222E-15
    1.241587515790         0.80049097E-03      0.11252882E+01      0.27400969E-11      0.44966134E-04      0.10949334E-15      0.23016286E-03      0.21854881E-15
    1.247858159809         0.78413460E-03      0.10951983E+01      0.28215709E-11      0.42654105E-04      0.10989022E-15      0.23043033E-03      0.21923790E-15
    1.254128803828         0.76759725E-03      0.10666783E+01      0.29003124E-11      0.40463867E-04      0.11002179E-15      0.23068407E-03      0.21992780E-15
    1.260399447847         0.75090000E-03      0.10395245E+01      0.28587097E-11      0.38384096E-04      0.10555690E-15      0.23092476E-03      0.22058971E-15
    1.266670091867         0.73406423E-03      0.10122700E+01      0.29369613E-11      0.36358804E-04      0.10549004E-15      0.23115275E-03      0.22125120E-15
    1.272940735886         0.71711152E-03      0.98377478E+00      0.29012444E-11      0.34349219E-04      0.10129908E-15      0.23136814E-03      0.22188641E-15
    1.279211379905         0.70006367E-03      0.95455561E+00      0.29775684E-11      0.32377189E-04      0.10099495E-15      0.23157117E-03      0.22251972E-15
    1.285482023924         0.68294267E-03      0.92662004E+00      0.29473990E-11      0.30511433E-04      0.97050963E-16      0.23176250E-03      0.22312829E-15
    1.291752667943         0.66577064E-03      0.89942658E+00      0.30233812E-11      0.28731194E-04      0.96578590E-16      0.23194266E-03      0.22373390E-15
    1.298023311962         0.64856983E-03      0.87193257E+00      0.29976479E-11      0.27002242E-04      0.92831965E-16      0.23211198E-03      0.22431602E-15
    1.304293955981         0.63136256E-03      0.84254457E+00      0.30730136E-11      0.25277778E-04      0.92195664E-16      0.23227049E-03      0.22489414E-15
    1.310564600001         0.61417120E-03      0.80838524E+00      0.30535055E-11      0.23479674E-04      0.88689540E-16      0.23241772E-03      0.22545028E-15
    1.316835244020         0.59701816E-03      0.76563172E+00      0.31277110E-11      0.21513878E-04      0.87887153E-16      0.23255263E-03      0.22600139E-15
    1.323105888039         0.57992583E-03      0.70975995E+00      0.31179343E-11      0.19281109E-04      0.84700797E-16      0.23267353E-03      0.22653252E-15
    1.329376532058         0.56291656E-03      0.66364260E+00      0.31898932E-11      0.17416984E-04      0.83717227E-16      0.23278275E-03      0.22705748E-15
    1.335647176077         0.54601263E-03      0.65590362E+00      0.32524442E-11      0.16618570E-04      0.82406878E-16      0.23288696E-03      0.22757422E-15
    1.341917820096         0.52923619E-03      0.64510286E+00      0.33159265E-11      0.15768677E-04      0.81053391E-16      0.23298584E-03      0.22808248E-15
    1.348188464115         0.51260931E-03      0.60676488E+00      0.33769640E-11      0.14298780E-04      0.79580193E-16      0.23307550E-03      0.22858150E-15
    1.354459108135         0.49615384E-03      0.57593114E+00      0.33688124E-11      0.13075662E-04      0.76483889E-16      0.23315749E-03      0.22906110E-15
    1.360729752154         0.47989145E-03      0.55575837E+00      0.34266924E-11      0.12147861E-04      0.74901226E-16      0.23323367E-03      0.22953078E-15
    1.367000396173         0.46384360E-03      0.53268771E+00      0.34205340E-11      0.11202586E-04      0.71934878E-16      0.23330391E-03      0.22998186E-15
    1.373271040192         0.44803146E-03      0.50697871E+00      0.34733474E-11      0.10251435E-04      0.70233313E-16      0.23336820E-03      0.23042227E-15
    1.379541684211         0.43247595E-03      0.48162655E+00      0.34691582E-11      0.93579395E-05      0.67405279E-16      0.23342688E-03      0.23084494E-15
    1.385812328230         0.41719764E-03      0.45789508E+00      0.35169768E-11      0.85437016E-05      0.65622020E-16      0.23348045E-03      0.23125644E-15
    1.392082972249         0.40221676E-03      0.43573888E+00      0.35106628E-11      0.78030435E-05      0.62867592E-16      0.23352938E-03      0.23165066E-15
    1.398353616269         0.38755318E-03      0.41461977E+00      0.35525908E-11      0.71220821E-05      0.61024208E-16      0.23357404E-03      0.23203332E-15
    1.404624260288         0.37322634E-03      0.39334971E+00      0.35438578E-11      0.64778911E-05      0.58362125E-16      0.23361466E-03      0.23239929E-15
    1.410894904307         0.35925529E-03      0.37231180E+00      0.35742319E-11      0.58756779E-05      0.56407118E-16      0.23365151E-03      0.23275299E-15
    1.417165548326         0.34565858E-03      0.35207552E+00      0.36013710E-11      0.53223724E-05      0.54442404E-16      0.23368488E-03      0.23309438E-15
    1.423436192345         0.33245430E-03      0.33239723E+00      0.35828775E-11      0.48116499E-05      0.51864308E-16      0.23371505E-03      0.23341961E-15
    1.429706836364         0.31966002E-03      0.31302251E+00      0.35958720E-11      0.43377006E-05      0.49829696E-16      0.23374225E-03      0.23373207E-15
    1.435977480383         0.30729279E-03      0.29390635E+00      0.35680037E-11      0.38981305E-05      0.47323048E-16      0.23376670E-03      0.23402882E-15
    1.442248124402         0.29536908E-03      0.27512577E+00      0.35641654E-11      0.34921990E-05      0.45240309E-16      0.23378860E-03      0.23431250E-15
    1.448518768422         0.28390479E-03      0.25683097E+00      0.35227841E-11      0.31198856E-05      0.42793450E-16      0.23380816E-03      0.23458084E-15
    1.454789412441         0.27291523E-03      0.23902937E+00      0.35001555E-11      0.27792113E-05      0.40696556E-16      0.23382559E-03      0.23483604E-15
    1.461060056460         0.26241505E-03      0.22149061E+00      0.34394969E-11      0.24655776E-05      0.38287611E-16      0.23384105E-03      0.23507613E-15
    1.467330700479         0.25241829E-03      0.20435028E+00      0.33889749E-11      0.21787667E-05      0.36132985E-16      0.23385471E-03      0.23530270E-15
    1.473601344498         0.24293830E-03      0.18785511E+00      0.33050578E-11      0.19194715E-05      0.33770516E-16      0.23386675E-03      0.23551447E-15
    1.479871988517         0.23398775E-03      0.17186579E+00      0.32271849E-11      0.16842288E-05      0.31625360E-16      0.23387731E-03      0.23571278E-15
    1.486142632536         0.22557861E-03      0.15630863E+00      0.31128263E-11      0.14704934E-05      0.29284310E-16      0.23388653E-03      0.23589641E-15
    1.492413276556         0.21772213E-03      0.14118380E+00      0.30014025E-11      0.12765594E-05      0.27138159E-16      0.23389453E-03      0.23606658E-15
    1.498683920575         0.21042883E-03      0.12628260E+00      0.28692926E-11      0.10989588E-05      0.24969665E-16      0.23390142E-03      0.23622316E-15
    1.504954564594         0.20370846E-03      0.11171710E+00      0.27016227E-11      0.93723398E-06      0.22664861E-16      0.23390730E-03      0.23636528E-15
    1.511225208613         0.19757003E-03      0.97590735E-01      0.25287729E-11      0.79075717E-06      0.20490114E-16      0.23391226E-03      0.23649377E-15
    1.517495852632         0.19202175E-03      0.84316389E-01      0.23345758E-11      0.66126813E-06      0.18309377E-16      0.23391641E-03      0.23660858E-15
    1.523766496651         0.18707106E-03      0.71918546E-01      0.21221370E-11      0.54723235E-06      0.16147463E-16      0.23391984E-03      0.23670983E-15
    1.530037140670         0.18272459E-03      0.59860153E-01      0.18813952E-11      0.44307325E-06      0.13925722E-16      0.23392262E-03      0.23679716E-15
    1.536307784690         0.17898817E-03      0.48337128E-01      0.16283389E-11      0.34903551E-06      0.11758003E-16      0.23392480E-03      0.23687089E-15
    1.542578428709         0.17586680E-03      0.37614627E-01      0.13533158E-11      0.26578842E-06      0.95626536E-17      0.23392647E-03      0.23693085E-15
    1.548849072728         0.17336467E-03      0.27770739E-01      0.10704852E-11      0.19265559E-06      0.74263404E-17      0.23392768E-03      0.23697742E-15
    1.555119716747         0.17148513E-03      0.18821187E-01      0.77006365E-12      0.12863298E-06      0.52629827E-17      0.23392849E-03      0.23701042E-15
    1.561390360766         0.17023070E-03      0.10671130E-01      0.46941638E-12      0.72107340E-07      0.31719571E-17      0.23392894E-03      0.23703031E-15
    1.567661004785         0.16960307E-03      0.33246987E-02      0.15811078E-12      0.22293410E-07      0.10601949E-17      0.23392908E-03      0.23703696E-15
    1.573931648804         0.16960307E-03     -0.30770653E-02     -0.15414981E-12     -0.20550728E-07     -0.10295169E-17      0.23392895E-03      0.23703050E-15
    1.580202292824         0.17023070E-03     -0.86128552E-02     -0.46799066E-12     -0.57506247E-07     -0.31246765E-17      0.23392859E-03      0.23701091E-15
    1.586472936843         0.17148513E-03     -0.13348224E-01     -0.77256946E-12     -0.89425207E-07     -0.51757586E-17      0.23392803E-03      0.23697846E-15
    1.592743580862         0.17336467E-03     -0.16937865E-01     -0.10706917E-11     -0.11426575E-06     -0.72230704E-17      0.23392731E-03      0.23693316E-15
    1.599014224881         0.17586680E-03     -0.19628557E-01     -0.13586037E-11     -0.13380199E-06     -0.92611944E-17      0.23392647E-03      0.23687509E-15
    1.605284868900         0.17898817E-03     -0.21941994E-01     -0.16300959E-11     -0.15163204E-06     -0.11264918E-16      0.23392552E-03      0.23680445E-15
    1.611555512919         0.18272459E-03     -0.23759104E-01     -0.18838007E-11     -0.16696463E-06     -0.13238213E-16      0.23392447E-03      0.23672144E-15
    1.617826156938         0.18707106E-03     -0.24707799E-01     -0.21202285E-11     -0.17707266E-06     -0.15194979E-16      0.23392336E-03      0.23662616E-15
    1.624096800958         0.19202175E-03     -0.25022577E-01     -0.23365678E-11     -0.18336364E-06     -0.17122201E-16      0.23392221E-03      0.23651879E-15
    1.630367444977         0.19757003E-03     -0.24981160E-01     -0.25376614E-11     -0.18762506E-06     -0.19059518E-16      0.23392104E-03      0.23639927E-15
    1.636638088996         0.20370846E-03     -0.24509302E-01     -0.27113230E-11     -0.18907323E-06     -0.20916083E-16      0.23391985E-03      0.23626812E-15
    1.642908733015         0.21042883E-03     -0.23742712E-01     -0.28719901E-11     -0.18847980E-06     -0.22799085E-16      0.23391867E-03      0.23612515E-15
    1.649179377034         0.21772213E-03     -0.22812442E-01     -0.30110756E-11     -0.18665908E-06     -0.24637635E-16      0.23391750E-03      0.23597066E-15
    1.655450021053         0.22557861E-03     -0.21690444E-01     -0.31358248E-11     -0.18318628E-06     -0.26483556E-16      0.23391635E-03      0.23580459E-15
    1.661720665072         0.23398775E-03     -0.20422769E-01     -0.32389188E-11     -0.17823476E-06     -0.28266877E-16      0.23391523E-03      0.23562734E-15
    1.667991309092         0.24293830E-03     -0.19082270E-01     -0.33297033E-11     -0.17225622E-06     -0.30057330E-16      0.23391415E-03      0.23543886E-15
    1.674261953111         0.25241829E-03     -0.17605268E-01     -0.34033503E-11     -0.16450638E-06     -0.31801436E-16      0.23391312E-03      0.23523944E-15
    1.680532597130         0.26241505E-03     -0.16071904E-01     -0.34632833E-11     -0.15554348E-06     -0.33517567E-16      0.23391215E-03      0.23502927E-15
    1.686803241149         0.27291523E-03     -0.14635567E-01     -0.35122321E-11     -0.14676266E-06     -0.35219990E-16      0.23391123E-03      0.23480841E-15
    1.693073885168         0.28390479E-03     -0.13328959E-01     -0.35474177E-11     -0.13852741E-06     -0.36868190E-16      0.23391036E-03      0.23457723E-15
    1.699344529187         0.29536908E-03     -0.12155933E-01     -0.35760127E-11     -0.13095274E-06     -0.38523463E-16      0.23390954E-03      0.23433566E-15
    1.705615173206         0.30729279E-03     -0.11074281E-01     -0.35940483E-11     -0.12366009E-06     -0.40132656E-16      0.23390876E-03      0.23408400E-15
    1.711885817226         0.31966002E-03     -0.99865943E-02     -0.36054576E-11     -0.11557758E-06     -0.41726947E-16      0.23390804E-03      0.23382235E-15
    1.718156461245         0.33245430E-03     -0.88185355E-02     -0.36075885E-11     -0.10575682E-06     -0.43264223E-16      0.23390737E-03      0.23355105E-15
    1.724427105264         0.34565858E-03     -0.76382462E-02     -0.36056947E-11     -0.94894017E-07     -0.44795474E-16      0.23390678E-03      0.23327016E-15
    1.730697749283         0.35925529E-03     -0.65642079E-02     -0.35970750E-11     -0.84451418E-07     -0.46277950E-16      0.23390625E-03      0.23297996E-15
    1.736968393302         0.37322634E-03     -0.57939165E-02     -0.35858113E-11     -0.77160545E-07     -0.47754080E-16      0.23390576E-03      0.23268051E-15
    1.743239037321         0.38755318E-03     -0.54036731E-02     -0.35684636E-11     -0.74457097E-07     -0.49169784E-16      0.23390530E-03      0.23237219E-15
    1.749509681340         0.40221676E-03     -0.51222321E-02     -0.35493997E-11     -0.72987038E-07     -0.50575641E-16      0.23390484E-03      0.23205505E-15
    1.755780325360         0.41719764E-03     -0.47475466E-02     -0.35282479E-11     -0.69917126E-07     -0.51960513E-16      0.23390440E-03      0.23172922E-15
    1.762050969379         0.43247595E-03     -0.43796464E-02     -0.35035979E-11     -0.66623159E-07     -0.53296713E-16      0.23390398E-03      0.23139502E-15
    1.768321613398         0.44803146E-03     -0.41566864E-02     -0.34782955E-11     -0.65273544E-07     -0.54620593E-16      0.23390357E-03      0.23105251E-15
    1.774592257417         0.46384360E-03     -0.42574265E-02     -0.34507005E-11     -0.68970412E-07     -0.55901430E-16      0.23390314E-03      0.23070197E-15
    1.780862901436         0.47989145E-03     -0.46674925E-02     -0.34216704E-11     -0.77954076E-07     -0.57146992E-16      0.23390265E-03      0.23034362E-15
    1.787133545455         0.49615384E-03     -0.49114963E-02     -0.33908000E-11     -0.84511506E-07     -0.58345073E-16      0.23390212E-03      0.22997776E-15
    1.793404189474         0.51260931E-03     -0.45617755E-02     -0.33608191E-11     -0.80813682E-07     -0.59538257E-16      0.23390162E-03      0.22960442E-15
    1.799674833494         0.52923619E-03     -0.38481703E-02     -0.33296244E-11     -0.70137851E-07     -0.60686685E-16      0.23390118E-03      0.22922387E-15
    1.805945477513         0.54601263E-03     -0.31489928E-02     -0.32981551E-11     -0.59008203E-07     -0.61803320E-16      0.23390081E-03      0.22883633E-15
    1.812216121532         0.56291656E-03     -0.25741545E-02     -0.32665949E-11     -0.49557720E-07     -0.62888610E-16      0.23390050E-03      0.22844198E-15
    1.818486765551         0.57992583E-03     -0.21378846E-02     -0.32354802E-11     -0.42256084E-07     -0.63950468E-16      0.23390023E-03      0.22804097E-15
    1.824757409570         0.59701816E-03     -0.17961388E-02     -0.32051419E-11     -0.36422099E-07     -0.64993862E-16      0.23390000E-03      0.22763341E-15
    1.831028053589         0.61417120E-03     -0.15643468E-02     -0.31747565E-11     -0.32521469E-07     -0.66000549E-16      0.23389980E-03      0.22721955E-15
    1.837298697608         0.63136256E-03     -0.14568065E-02     -0.31440954E-11     -0.31027272E-07     -0.66963392E-16      0.23389960E-03      0.22679964E-15
    1.843569341628         0.64856983E-03     -0.13718201E-02     -0.31127609E-11     -0.29911426E-07     -0.67871227E-16      0.23389942E-03      0.22637405E-15
    1.849839985647         0.66577064E-03     -0.12849701E-02     -0.30834892E-11     -0.28663299E-07     -0.68782123E-16      0.23389924E-03      0.22594274E-15
    1.856110629666         0.68294267E-03     -0.12774220E-02     -0.30543950E-11     -0.29131139E-07     -0.69654355E-16      0.23389905E-03      0.22550596E-15
    1.862381273685         0.70006367E-03     -0.13455620E-02     -0.30254630E-11     -0.31348397E-07     -0.70486096E-16      0.23389886E-03      0.22506397E-15
    1.868651917704         0.71711152E-03     -0.14339675E-02     -0.29975942E-11     -0.34106745E-07     -0.71297419E-16      0.23389864E-03      0.22461689E-15
    1.874922561723         0.73406423E-03     -0.15595806E-02     -0.29704502E-11     -0.37844364E-07     -0.72080150E-16      0.23389841E-03      0.22416490E-15
    1.881193205742         0.75090000E-03     -0.17829425E-02     -0.29427090E-11     -0.44109154E-07     -0.72801227E-16      0.23389813E-03      0.22370839E-15
    1.887463849762         0.76759725E-03     -0.22731850E-02     -0.29171728E-11     -0.57297044E-07     -0.73529158E-16      0.23389777E-03      0.22324731E-15
    1.893734493781         0.78413460E-03     -0.30432948E-02     -0.28913028E-11     -0.78101294E-07     -0.74200663E-16      0.23389728E-03      0.22278203E-15
    1.900005137800         0.80049097E-03     -0.39446649E-02     -0.28658951E-11     -0.10300409E-06     -0.74834975E-16      0.23389663E-03      0.22231276E-15
    1.906275781819         0.81664556E-03     -0.47577467E-02     -0.28418801E-11     -0.12632574E-06     -0.75456439E-16      0.23389584E-03      0.22183960E-15
    1.912546425838         0.83257790E-03     -0.48122767E-02     -0.28188484E-11     -0.12983930E-06     -0.76054917E-16      0.23389503E-03      0.22136269E-15
    1.918817069857         0.84826788E-03     -0.42044107E-02     -0.27961898E-11     -0.11519862E-06     -0.76614111E-16      0.23389431E-03      0.22088227E-15
    1.925087713876         0.86369574E-03     -0.38353600E-02     -0.27742199E-11     -0.10664956E-06     -0.77142518E-16      0.23389364E-03      0.22039854E-15
    1.931358357896         0.87884217E-03     -0.38871480E-02     -0.27533285E-11     -0.10962807E-06     -0.77651301E-16      0.23389295E-03      0.21991161E-15
    1.937629001915         0.89368826E-03     -0.41048524E-02     -0.27329185E-11     -0.11734258E-06     -0.78124057E-16      0.23389221E-03      0.21942172E-15
    1.943899645934         0.90821557E-03     -0.44735284E-02     -0.27136293E-11     -0.12954122E-06     -0.78579326E-16      0.23389140E-03      0.21892898E-15
    1.950170289953         0.92240614E-03     -0.49119562E-02     -0.26940940E-11     -0.14399480E-06     -0.78977806E-16      0.23389050E-03      0.21843374E-15
    1.956440933972         0.93624252E-03     -0.54092380E-02     -0.26749110E-11     -0.16043547E-06     -0.79336609E-16      0.23388949E-03      0.21793625E-15
    1.962711577991         0.94970780E-03     -0.57774166E-02     -0.26575923E-11     -0.17326462E-06     -0.79701143E-16      0.23388841E-03      0.21743647E-15
    1.968982222010         0.96278560E-03     -0.69672768E-02     -0.26406280E-11     -0.21115119E-06     -0.80027213E-16      0.23388708E-03      0.21693465E-15
    1.975252866030         0.97546013E-03     -0.90948850E-02     -0.26233388E-11     -0.27837275E-06     -0.80294144E-16      0.23388534E-03      0.21643115E-15
    1.981523510049         0.98771619E-03     -0.82880680E-02     -0.26085654E-11     -0.25605244E-06     -0.80589293E-16      0.23388373E-03      0.21592580E-15
    1.987794154068         0.99953920E-03     -0.49439110E-02     -0.25938871E-11     -0.15407839E-06     -0.80839230E-16      0.23388277E-03      0.21541889E-15
    1.994064798087         0.10109152E-02     -0.38371226E-02     -0.25794891E-11     -0.12056571E-06     -0.81049777E-16      0.23388201E-03      0.21491066E-15
    2.000335442106         0.10218309E-02     -0.48549893E-02     -0.25665487E-11     -0.15371177E-06     -0.81258420E-16      0.23388105E-03      0.21440111E-15
    2.006606086125         0.10322736E-02     -0.58024462E-02     -0.25539154E-11     -0.18500628E-06     -0.81429518E-16      0.23387989E-03      0.21389050E-15
    2.012876730144         0.10422313E-02     -0.59645681E-02     -0.25414710E-11     -0.19141176E-06     -0.81559542E-16      0.23387868E-03      0.21337907E-15
    2.019147374163         0.10516929E-02     -0.48308963E-02     -0.25301615E-11     -0.15595213E-06     -0.81679270E-16      0.23387771E-03      0.21286689E-15
    2.025418018183         0.10606478E-02     -0.29776168E-02     -0.25203530E-11     -0.96642462E-07     -0.81801365E-16      0.23387710E-03      0.21235394E-15
    2.031688662202         0.10690860E-02     -0.28655551E-02     -0.25105293E-11     -0.93455943E-07     -0.81877288E-16      0.23387651E-03      0.21184052E-15
    2.037959306221         0.10769985E-02     -0.59680428E-02     -0.25012939E-11     -0.19547634E-06     -0.81926990E-16      0.23387529E-03      0.21132678E-15
    2.044229950240         0.10843770E-02     -0.80406330E-02     -0.24923416E-11     -0.26435252E-06     -0.81940910E-16      0.23387363E-03      0.21081296E-15
    2.050500594259         0.10912137E-02     -0.57264902E-02     -0.24837271E-11     -0.18887788E-06     -0.81921227E-16      0.23387245E-03      0.21029926E-15
    2.056771238278         0.10975018E-02     -0.29865367E-02     -0.24768842E-11     -0.98771079E-07     -0.81915793E-16      0.23387183E-03      0.20978559E-15
    2.063041882297         0.11032353E-02     -0.24377324E-02     -0.24707913E-11     -0.80795801E-07     -0.81891502E-16      0.23387132E-03      0.20927208E-15
    2.069312526317         0.11084087E-02     -0.32013148E-02     -0.24651872E-11     -0.10627837E-06     -0.81840148E-16      0.23387065E-03      0.20875889E-15
    2.075583170336         0.11130174E-02     -0.41273134E-02     -0.24593209E-11     -0.13717404E-06     -0.81737187E-16      0.23386979E-03      0.20824635E-15
    2.081853814355         0.11170577E-02     -0.37243675E-02     -0.24551501E-11     -0.12385701E-06     -0.81648103E-16      0.23386902E-03      0.20773436E-15
    2.088124458374         0.11205265E-02     -0.24007597E-02     -0.24517324E-11     -0.79846726E-07     -0.81542025E-16      0.23386852E-03      0.20722304E-15
    2.094395102393         0.11234215E-02     -0.22445154E-02     -0.24487390E-11     -0.74618992E-07     -0.81408412E-16      0.23386805E-03      0.20671256E-15
    2.100665746412         0.11257412E-02     -0.34809187E-02     -0.24462823E-11     -0.11561606E-06     -0.81251401E-16      0.23386732E-03      0.20620306E-15
    2.106936390431         0.11274848E-02     -0.35178944E-02     -0.24439623E-11     -0.11667687E-06     -0.81058110E-16      0.23386659E-03      0.20569477E-15
    2.113207034451         0.11286525E-02     -0.20185693E-02     -0.24431044E-11     -0.66819700E-07     -0.80872877E-16      0.23386617E-03      0.20518765E-15
    2.119477678470         0.11292448E-02     -0.11818633E-02     -0.24426649E-11     -0.39027362E-07     -0.80661414E-16      0.23386593E-03      0.20468185E-15
    2.125748322489         0.11292634E-02     -0.10377191E-02     -0.24435303E-11     -0.34166927E-07     -0.80453293E-16      0.23386571E-03      0.20417735E-15
    2.132018966508         0.11287105E-02     -0.74456548E-03     -0.24447359E-11     -0.24430765E-07     -0.80216947E-16      0.23386556E-03      0.20367434E-15
    2.138289610527         0.11275890E-02     -0.48467522E-03     -0.24445823E-11     -0.15840826E-07     -0.79897218E-16      0.23386546E-03      0.20317333E-15
    2.144560254546         0.11259028E-02     -0.40791268E-03     -0.24470610E-11     -0.13273104E-07     -0.79625120E-16      0.23386538E-03      0.20267403E-15
    2.150830898565         0.11236560E-02     -0.38946124E-03     -0.24495840E-11     -0.12610550E-07     -0.79316244E-16      0.23386530E-03      0.20217667E-15
    2.157101542585         0.11208540E-02     -0.45168385E-03     -0.24532237E-11     -0.14546405E-07     -0.79005674E-16      0.23386521E-03      0.20168125E-15
    2.163372186604         0.11175024E-02     -0.66672261E-03     -0.24574000E-11     -0.21345439E-07     -0.78674821E-16      0.23386507E-03      0.20118791E-15
    2.169642830623         0.11136077E-02     -0.93020040E-03     -0.24633186E-11     -0.29591242E-07     -0.78362316E-16      0.23386489E-03      0.20069653E-15
    2.175913474642         0.11091771E-02     -0.12436430E-02     -0.24686994E-11     -0.39291414E-07     -0.77995611E-16      0.23386464E-03      0.20020745E-15
    2.182184118661         0.11042182E-02     -0.14368070E-02     -0.24755540E-11     -0.45061394E-07     -0.77638760E-16      0.23386436E-03      0.19972060E-15
    2.188454762680         0.10987394E-02     -0.11136818E-02     -0.24825677E-11     -0.34654603E-07     -0.77250431E-16      0.23386414E-03      0.19923619E-15
    2.194725406699         0.10927497E-02     -0.60071637E-03     -0.24912188E-11     -0.18537563E-07     -0.76876757E-16      0.23386403E-03      0.19875412E-15
    2.200996050719         0.10862586E-02     -0.38134182E-03     -0.25012011E-11     -0.11664632E-07     -0.76507715E-16      0.23386395E-03      0.19827437E-15
    2.207266694738         0.10792761E-02     -0.32716180E-03     -0.25109850E-11     -0.99147789E-08     -0.76096478E-16      0.23386389E-03      0.19779720E-15
    2.213537338757         0.10718130E-02     -0.30388385E-03     -0.25217079E-11     -0.91197404E-08     -0.75678000E-16      0.23386383E-03      0.19732265E-15
    2.219807982776         0.10638804E-02     -0.31349832E-03     -0.25322526E-11     -0.93122644E-08     -0.75218922E-16      0.23386378E-03      0.19685098E-15
    2.226078626795         0.10554899E-02     -0.30176228E-03     -0.25446390E-11     -0.88679090E-08     -0.74779481E-16      0.23386372E-03      0.19638206E-15
    2.232349270814         0.10466537E-02     -0.26926969E-03     -0.25579235E-11     -0.78247596E-08     -0.74331191E-16      0.23386367E-03      0.19591596E-15
    2.238619914833         0.10373842E-02     -0.23837176E-03     -0.25712208E-11     -0.68463129E-08     -0.73848439E-16      0.23386363E-03      0.19545288E-15
    2.244890558853         0.10276945E-02     -0.21174123E-03     -0.25862887E-11     -0.60078210E-08     -0.73381831E-16      0.23386359E-03      0.19499273E-15
    2.251161202872         0.10175980E-02     -0.21061094E-03     -0.26023914E-11     -0.59005603E-08     -0.72909640E-16      0.23386355E-03      0.19453554E-15
    2.257431846891         0.10071084E-02     -0.23014214E-03     -0.26187849E-11     -0.63635640E-08     -0.72410923E-16      0.23386351E-03      0.19408147E-15
    2.263702490910         0.99623989E-03     -0.23943131E-03     -0.26367653E-11     -0.65308272E-08     -0.71921499E-16      0.23386347E-03      0.19363048E-15
    2.269973134929         0.98500679E-03     -0.24445988E-03     -0.26559041E-11     -0.65745916E-08     -0.71428836E-16      0.23386343E-03      0.19318258E-15
    2.276243778948         0.97342387E-03     -0.23241990E-03     -0.26743392E-11     -0.61602622E-08     -0.70883049E-16      0.23386339E-03      0.19273809E-15
    2.282514422967         0.96150611E-03     -0.18460641E-03     -0.26954401E-11     -0.48197884E-08     -0.70373779E-16      0.23386336E-03      0.19229680E-15
    2.288785066987         0.94926875E-03     -0.15467077E-03     -0.27177804E-11     -0.39758967E-08     -0.69862031E-16      0.23386334E-03      0.19185872E-15
    2.295055711006         0.93672724E-03     -0.15063890E-03     -0.27394743E-11     -0.38106559E-08     -0.69299454E-16      0.23386331E-03      0.19142417E-15
    2.301326355025         0.92389720E-03     -0.13922431E-03     -0.27642000E-11     -0.34642018E-08     -0.68779273E-16      0.23386329E-03      0.19099288E-15
    2.307596999044         0.91079443E-03     -0.11952410E-03     -0.27896975E-11     -0.29238734E-08     -0.68243328E-16      0.23386327E-03      0.19056495E-15
    2.313867643063         0.89743486E-03     -0.89243394E-04     -0.28154449E-11     -0.21452760E-08     -0.67679031E-16      0.23386326E-03      0.19014056E-15
    2.320138287082         0.88383453E-03     -0.61787235E-04     -0.28432798E-11     -0.14588093E-08     -0.67130420E-16      0.23386325E-03      0.18971961E-15
    2.326408931101         0.87000955E-03     -0.65529812E-04     -0.28725351E-11     -0.15188664E-08     -0.66580337E-16      0.23386324E-03      0.18930211E-15
    2.332679575121         0.85597609E-03     -0.86168236E-04     -0.29026351E-11     -0.19597308E-08     -0.66014853E-16      0.23386323E-03      0.18888815E-15
    2.338950219140         0.84175034E-03     -0.89831013E-04     -0.29347183E-11     -0.20036935E-08     -0.65459309E-16      0.23386322E-03      0.18847768E-15
    2.345220863159         0.82734851E-03     -0.77255058E-04     -0.29678416E-11     -0.16891738E-08     -0.64891548E-16      0.23386321E-03      0.18807077E-15
    2.351491507178         0.81278676E-03     -0.67009283E-04     -0.30021535E-11     -0.14355253E-08     -0.64314482E-16      0.23386320E-03      0.18766748E-15
    2.357762151197         0.79808122E-03     -0.60268239E-04     -0.30388249E-11     -0.12643819E-08     -0.63752240E-16      0.23386319E-03      0.18726771E-15
    2.364032795216         0.78324792E-03     -0.54133300E-04     -0.30765991E-11     -0.11116112E-08     -0.63177049E-16      0.23386318E-03      0.18687155E-15
    2.370303439235         0.76830282E-03     -0.56097934E-04     -0.31140905E-11     -0.11269847E-08     -0.62560814E-16      0.23386318E-03      0.18647925E-15
    2.376574083255         0.75326174E-03     -0.60798397E-04     -0.31559450E-11     -0.11943438E-08     -0.61996425E-16      0.23386317E-03      0.18609049E-15
    2.382844727274         0.73814035E-03     -0.62549407E-04     -0.31989664E-11     -0.12009062E-08     -0.61417985E-16      0.23386316E-03      0.18570536E-15
    2.389115371293         0.72295415E-03     -0.61156348E-04     -0.32430338E-11     -0.11469853E-08     -0.60822992E-16      0.23386315E-03      0.18532396E-15
    2.395386015312         0.70771846E-03     -0.56417289E-04     -0.32892397E-11     -0.10330942E-08     -0.60231436E-16      0.23386315E-03      0.18494627E-15
    2.401656659331         0.69244838E-03     -0.52905742E-04     -0.33384084E-11     -0.94541386E-09     -0.59656617E-16      0.23386314E-03      0.18457219E-15
    2.407927303350         0.67715875E-03     -0.50450369E-04     -0.33898390E-11     -0.87933457E-09     -0.59083862E-16      0.23386313E-03      0.18420169E-15
    2.414197947369         0.66186420E-03     -0.48381587E-04     -0.34424007E-11     -0.82208892E-09     -0.58492491E-16      0.23386313E-03      0.18383491E-15
    2.420468591389         0.64657905E-03     -0.46911996E-04     -0.34974532E-11     -0.77669187E-09     -0.57905092E-16      0.23386312E-03      0.18347181E-15
    2.426739235408         0.63131734E-03     -0.45432354E-04     -0.35512680E-11     -0.73254198E-09     -0.57259919E-16      0.23386312E-03      0.18311275E-15
    2.433009879427         0.61609280E-03     -0.46582571E-04     -0.36102242E-11     -0.73108587E-09     -0.56660332E-16      0.23386312E-03      0.18275745E-15
    2.439280523446         0.60091883E-03     -0.49018893E-04     -0.36721833E-11     -0.74844560E-09     -0.56068777E-16      0.23386311E-03      0.18240587E-15
    2.445551167465         0.58580849E-03     -0.50209464E-04     -0.37366308E-11     -0.74543051E-09     -0.55475570E-16      0.23386311E-03      0.18205800E-15
    2.451821811484         0.57077448E-03     -0.52770884E-04     -0.38035854E-11     -0.76139968E-09     -0.54879670E-16      0.23386310E-03      0.18171387E-15
    2.458092455503         0.55582913E-03     -0.56711382E-04     -0.38738722E-11     -0.79479659E-09     -0.54291401E-16      0.23386310E-03      0.18137343E-15
    2.464363099523         0.54098437E-03     -0.58541794E-04     -0.39475261E-11     -0.79650540E-09     -0.53709080E-16      0.23386309E-03      0.18103664E-15
    2.470633743542         0.52625176E-03     -0.58798172E-04     -0.40226870E-11     -0.77623227E-09     -0.53106063E-16      0.23386309E-03      0.18070363E-15
    2.476904387561         0.51164243E-03     -0.62586888E-04     -0.41022943E-11     -0.80127822E-09     -0.52520252E-16      0.23386308E-03      0.18037429E-15
    2.483175031580         0.49716709E-03     -0.70067524E-04     -0.41844806E-11     -0.86946978E-09     -0.51925331E-16      0.23386308E-03      0.18004869E-15
    2.489445675599         0.48283605E-03     -0.74837751E-04     -0.42694139E-11     -0.89962275E-09     -0.51322520E-16      0.23386307E-03      0.17972686E-15
    2.495716319618         0.46865914E-03     -0.78211138E-04     -0.43602504E-11     -0.91027612E-09     -0.50747655E-16      0.23386306E-03      0.17940864E-15
    2.501986963637         0.45464578E-03     -0.80816268E-04     -0.44514900E-11     -0.91018483E-09     -0.50134444E-16      0.23386306E-03      0.17909426E-15
    2.508257607657         0.44080494E-03     -0.81640869E-04     -0.45486364E-11     -0.88925151E-09     -0.49544816E-16      0.23386305E-03      0.17878359E-15
    2.514528251676         0.42714512E-03     -0.80358497E-04     -0.46508460E-11     -0.84604491E-09     -0.48965880E-16      0.23386305E-03      0.17847654E-15
    2.520798895695         0.41367437E-03     -0.76352548E-04     -0.47541691E-11     -0.77658077E-09     -0.48354592E-16      0.23386304E-03      0.17817332E-15
    2.527069539714         0.40040028E-03     -0.79556350E-04     -0.48641757E-11     -0.78125841E-09     -0.47767126E-16      0.23386304E-03      0.17787379E-15
    2.533340183733         0.38732997E-03     -0.92181274E-04     -0.49796733E-11     -0.87352023E-09     -0.47187951E-16      0.23386303E-03      0.17757789E-15
    2.539610827752         0.37447010E-03     -0.94297999E-04     -0.50977945E-11     -0.86177745E-09     -0.46588097E-16      0.23386303E-03      0.17728576E-15
    2.545881471771         0.36182686E-03     -0.85483672E-04     -0.52224085E-11     -0.75298871E-09     -0.46001939E-16      0.23386302E-03      0.17699730E-15
    2.552152115791         0.34940598E-03     -0.80096773E-04     -0.53544766E-11     -0.67964398E-09     -0.45434262E-16      0.23386302E-03      0.17671239E-15
    2.558422759810         0.33721273E-03     -0.73108163E-04     -0.54906171E-11     -0.59722805E-09     -0.44853412E-16      0.23386301E-03      0.17643113E-15
    2.564693403829         0.32525191E-03     -0.69868374E-04     -0.56319806E-11     -0.54917116E-09     -0.44267830E-16      0.23386301E-03      0.17615355E-15
    2.570964047848         0.31352788E-03     -0.73722714E-04     -0.57822168E-11     -0.55721674E-09     -0.43703600E-16      0.23386301E-03      0.17587950E-15
    2.577234691867         0.30204453E-03     -0.77667913E-04     -0.59392085E-11     -0.56415874E-09     -0.43140806E-16      0.23386300E-03      0.17560898E-15
    2.583505335886         0.29080531E-03     -0.80964247E-04     -0.61012886E-11     -0.56484452E-09     -0.42565448E-16      0.23386300E-03      0.17534206E-15
    2.589775979905         0.27981322E-03     -0.80414401E-04     -0.62727271E-11     -0.53849607E-09     -0.42005397E-16      0.23386300E-03      0.17507866E-15
    2.596046623924         0.26907084E-03     -0.76299293E-04     -0.64457121E-11     -0.49013682E-09     -0.41406424E-16      0.23386299E-03      0.17481902E-15
    2.602317267944         0.25858031E-03     -0.71645534E-04     -0.66305020E-11     -0.44123201E-09     -0.40834223E-16      0.23386299E-03      0.17456296E-15
    2.608587911963         0.24834337E-03     -0.69387091E-04     -0.68265370E-11     -0.40941943E-09     -0.40280070E-16      0.23386299E-03      0.17431038E-15
    2.614858555982         0.23836132E-03     -0.72441242E-04     -0.70314972E-11     -0.40927587E-09     -0.39726295E-16      0.23386299E-03      0.17406127E-15
    2.621129200001         0.22863508E-03     -0.74595881E-04     -0.72443013E-11     -0.40328489E-09     -0.39164592E-16      0.23386298E-03      0.17381568E-15
    2.627399844020         0.21916516E-03     -0.70928411E-04     -0.74690402E-11     -0.36669776E-09     -0.38614715E-16      0.23386298E-03      0.17357354E-15
    2.633670488039         0.20995173E-03     -0.66702586E-04     -0.77005790E-11     -0.32956673E-09     -0.38047320E-16      0.23386298E-03      0.17333496E-15
    2.639941132058         0.20099453E-03     -0.67468169E-04     -0.79466536E-11     -0.31836960E-09     -0.37498764E-16      0.23386298E-03      0.17309982E-15
    2.646211776078         0.19229300E-03     -0.69550943E-04     -0.82059935E-11     -0.31324531E-09     -0.36958363E-16      0.23386298E-03      0.17286807E-15
    2.652482420097         0.18384620E-03     -0.64311626E-04     -0.84677906E-11     -0.27627036E-09     -0.36375999E-16      0.23386297E-03      0.17263997E-15
    2.658753064116         0.17565286E-03     -0.58203941E-04     -0.87490778E-11     -0.23832648E-09     -0.35824668E-16      0.23386297E-03      0.17241532E-15
    2.665023708135         0.16771141E-03     -0.64998502E-04     -0.90462545E-11     -0.25351727E-09     -0.35283609E-16      0.23386297E-03      0.17219407E-15
    2.671294352154         0.16001994E-03     -0.73244511E-04     -0.93634054E-11     -0.27193814E-09     -0.34763930E-16      0.23386297E-03      0.17197608E-15
    2.677564996173         0.15257628E-03     -0.70039899E-04     -0.96890350E-11     -0.24736326E-09     -0.34219229E-16      0.23386297E-03      0.17176150E-15
    2.683835640192         0.14537797E-03     -0.68803031E-04     -0.10035720E-10     -0.23098986E-09     -0.33692551E-16      0.23386297E-03      0.17155023E-15
    2.690106284212         0.13842226E-03     -0.68469921E-04     -0.10388219E-10     -0.21836297E-09     -0.33129909E-16      0.23386296E-03      0.17134248E-15
    2.696376928231         0.13170617E-03     -0.64569333E-04     -0.10767457E-10     -0.19547648E-09     -0.32597280E-16      0.23386296E-03      0.17113808E-15
    2.702647572250         0.12522650E-03     -0.66853385E-04     -0.11168293E-10     -0.19198747E-09     -0.32072757E-16      0.23386296E-03      0.17093696E-15
    2.708918216269         0.11897978E-03     -0.69325846E-04     -0.11588428E-10     -0.18871878E-09     -0.31546011E-16      0.23386296E-03      0.17073915E-15
    2.715188860288         0.11296238E-03     -0.68668054E-04     -0.12028319E-10     -0.17706438E-09     -0.31015686E-16      0.23386296E-03      0.17054466E-15
    2.721459504307         0.10717043E-03     -0.67506633E-04     -0.12496774E-10     -0.16476396E-09     -0.30500974E-16      0.23386296E-03      0.17035340E-15
    2.727730148326         0.10159992E-03     -0.65757691E-04     -0.12993466E-10     -0.15180330E-09     -0.29995746E-16      0.23386296E-03      0.17016530E-15
    2.734000792346         0.96246660E-04     -0.64742397E-04     -0.13510514E-10     -0.14125977E-09     -0.29478242E-16      0.23386296E-03      0.16998046E-15
    2.740271436365         0.91106293E-04     -0.64545744E-04     -0.14057227E-10     -0.13300411E-09     -0.28966573E-16      0.23386296E-03      0.16979882E-15
    2.746542080384         0.86174343E-04     -0.65761140E-04     -0.14615095E-10     -0.12788033E-09     -0.28420784E-16      0.23386296E-03      0.16962060E-15
    2.752812724403         0.81446204E-04     -0.69928868E-04     -0.15217607E-10     -0.12823110E-09     -0.27905077E-16      0.23386295E-03      0.16944562E-15
    2.759083368422         0.76917163E-04     -0.75389687E-04     -0.15856841E-10     -0.13026059E-09     -0.27397932E-16      0.23386295E-03      0.16927382E-15
    2.765354012441         0.72582407E-04     -0.78636723E-04     -0.16523874E-10     -0.12792302E-09     -0.26880366E-16      0.23386295E-03      0.16910526E-15
    2.771624656460         0.68437043E-04     -0.80086169E-04     -0.17227896E-10     -0.12256233E-09     -0.26365241E-16      0.23386295E-03      0.16893993E-15
    2.777895300480         0.64476108E-04     -0.91880345E-04     -0.17981624E-10     -0.13217467E-09     -0.25867504E-16      0.23386295E-03      0.16877773E-15
    2.784165944499         0.60694581E-04     -0.11173740E-03     -0.18768821E-10     -0.15097187E-09     -0.25359137E-16      0.23386295E-03      0.16861871E-15
    2.790436588518         0.57087396E-04     -0.10674110E-03     -0.19604481E-10     -0.13534507E-09     -0.24857996E-16      0.23386295E-03      0.16846283E-15
    2.796707232537         0.53649455E-04     -0.87622947E-04     -0.20492639E-10     -0.10417868E-09     -0.24364577E-16      0.23386295E-03      0.16831005E-15
    2.802977876556         0.50375638E-04     -0.80770687E-04     -0.21420724E-10     -0.89969922E-10     -0.23860400E-16      0.23386295E-03      0.16816043E-15
    2.809248520575         0.47260816E-04     -0.82018416E-04     -0.22407672E-10     -0.85519492E-10     -0.23364176E-16      0.23386295E-03      0.16801392E-15
    2.815519164594         0.44299860E-04     -0.98131267E-04     -0.23463485E-10     -0.95696036E-10     -0.22881214E-16      0.23386295E-03      0.16787044E-15
    2.821789808614         0.41487653E-04     -0.12352621E-03     -0.24561029E-10     -0.11256309E-09     -0.22381204E-16      0.23386295E-03      0.16773010E-15
    2.828060452633         0.38819099E-04     -0.11871141E-03     -0.25730689E-10     -0.10099315E-09     -0.21890257E-16      0.23386295E-03      0.16759283E-15
    2.834331096652         0.36289132E-04     -0.91670904E-04     -0.26980140E-10     -0.72744504E-10     -0.21409813E-16      0.23386295E-03      0.16745858E-15
    2.840601740671         0.33892727E-04     -0.97757394E-04     -0.28328120E-10     -0.72291702E-10     -0.20948676E-16      0.23386295E-03      0.16732722E-15
    2.846872384690         0.31624906E-04     -0.12549540E-03     -0.29717560E-10     -0.86403577E-10     -0.20460538E-16      0.23386294E-03      0.16719892E-15
    2.853143028709         0.29480748E-04     -0.15270160E-03     -0.31218641E-10     -0.97791525E-10     -0.19992708E-16      0.23386294E-03      0.16707355E-15
    2.859413672728         0.27455397E-04     -0.16257591E-03     -0.32753764E-10     -0.96749696E-10     -0.19491920E-16      0.23386294E-03      0.16695132E-15
    2.865684316748         0.25544067E-04     -0.16395183E-03     -0.34424083E-10     -0.90577566E-10     -0.19018084E-16      0.23386294E-03      0.16683207E-15
    2.871954960767         0.23742049E-04     -0.18327256E-03     -0.36205014E-10     -0.93903268E-10     -0.18550345E-16      0.23386294E-03      0.16671574E-15
    2.878225604786         0.22044721E-04     -0.18246578E-03     -0.38074009E-10     -0.86617147E-10     -0.18073866E-16      0.23386294E-03      0.16660241E-15
    2.884496248805         0.20447546E-04     -0.16945487E-03     -0.40083417E-10     -0.74450555E-10     -0.17610781E-16      0.23386294E-03      0.16649198E-15
    2.890766892824         0.18946084E-04     -0.16609655E-03     -0.42228943E-10     -0.67469839E-10     -0.17153758E-16      0.23386294E-03      0.16638441E-15
    2.897037536843         0.17535997E-04     -0.17270121E-03     -0.44428973E-10     -0.64790956E-10     -0.16668068E-16      0.23386294E-03      0.16627989E-15
    2.903308180862         0.16213045E-04     -0.22815680E-03     -0.46828235E-10     -0.78967345E-10     -0.16207720E-16      0.23386294E-03      0.16617826E-15
    2.909578824882         0.14973100E-04     -0.29141341E-03     -0.49390926E-10     -0.92946665E-10     -0.15753296E-16      0.23386294E-03      0.16607948E-15
    2.915849468901         0.13812143E-04     -0.30451264E-03     -0.52094717E-10     -0.89401329E-10     -0.15294396E-16      0.23386294E-03      0.16598357E-15
    2.922120112920         0.12726269E-04     -0.31083438E-03     -0.54964547E-10     -0.83902474E-10     -0.14836394E-16      0.23386294E-03      0.16589054E-15
    2.928390756939         0.11711688E-04     -0.34970952E-03     -0.58066606E-10     -0.86684333E-10     -0.14393274E-16      0.23386294E-03      0.16580028E-15
    2.934661400958         0.10764730E-04     -0.51621176E-03     -0.61275772E-10     -0.11735881E-09     -0.13930818E-16      0.23386294E-03      0.16571293E-15
    2.940932044977         0.98818426E-05     -0.80790419E-03     -0.64721026E-10     -0.16825016E-09     -0.13478483E-16      0.23386294E-03      0.16562841E-15
    2.947202688996         0.90595963E-05     -0.88935385E-03     -0.68384549E-10     -0.16944006E-09     -0.13028652E-16      0.23386293E-03      0.16554671E-15
    2.953473333016         0.82946828E-05     -0.73351475E-03     -0.72192423E-10     -0.12767864E-09     -0.12566115E-16      0.23386293E-03      0.16546791E-15
    2.959743977035         0.75839168E-05     -0.73601566E-03     -0.76323417E-10     -0.11688779E-09     -0.12121040E-16      0.23386293E-03      0.16539191E-15
    2.966014621054         0.69242356E-05     -0.84983708E-03     -0.80700438E-10     -0.12296369E-09     -0.11676619E-16      0.23386293E-03      0.16531869E-15
    2.972285265073         0.63126995E-05     -0.80588232E-03     -0.85382440E-10     -0.10608132E-09     -0.11239212E-16      0.23386293E-03      0.16524821E-15
    2.978555909092         0.57464915E-05     -0.76898080E-03     -0.90307114E-10     -0.91950730E-10     -0.10798456E-16      0.23386293E-03      0.16518050E-15
    2.984826553111         0.52229165E-05     -0.89240746E-03     -0.95590724E-10     -0.96783172E-10     -0.10366983E-16      0.23386293E-03      0.16511549E-15
    2.991097197130         0.47394007E-05     -0.10251359E-02     -0.10131055E-09     -0.10067393E-09     -0.99492477E-17      0.23386293E-03      0.16505310E-15
    2.997367841150         0.42934906E-05     -0.10703278E-02     -0.10716444E-09     -0.95023267E-10     -0.95140148E-17      0.23386293E-03      0.16499344E-15
    3.003638485169         0.38828517E-05     -0.11555781E-02     -0.11337501E-09     -0.92585960E-10     -0.90837075E-17      0.23386293E-03      0.16493648E-15
    3.009909129188         0.35052673E-05     -0.12951312E-02     -0.11973634E-09     -0.93481186E-10     -0.86424405E-17      0.23386293E-03      0.16488229E-15
    3.016179773207         0.31586369E-05     -0.14436887E-02     -0.12648229E-09     -0.93704129E-10     -0.82094656E-17      0.23386293E-03      0.16483081E-15
    3.022450417226         0.28409746E-05     -0.17068139E-02     -0.13368309E-09     -0.99434477E-10     -0.77880248E-17      0.23386293E-03      0.16478197E-15
    3.028721061245         0.25504072E-05     -0.20987260E-02     -0.14097368E-09     -0.10953393E-09     -0.73575117E-17      0.23386293E-03      0.16473584E-15
    3.034991705264         0.22851729E-05     -0.25091638E-02     -0.14848362E-09     -0.11709362E-09     -0.69291946E-17      0.23386293E-03      0.16469238E-15
    3.041262349284         0.20436188E-05     -0.28716153E-02     -0.15649884E-09     -0.11959553E-09     -0.65177814E-17      0.23386292E-03      0.16465151E-15
    3.047532993303         0.18241995E-05     -0.30296306E-02     -0.16413032E-09     -0.11239740E-09     -0.60891323E-17      0.23386292E-03      0.16461333E-15
    3.053803637322         0.16254751E-05     -0.34058555E-02     -0.17185537E-09     -0.11235906E-09     -0.56695030E-17      0.23386292E-03      0.16457778E-15
    3.060074281341         0.14461090E-05     -0.38825989E-02     -0.17943887E-09     -0.11371932E-09     -0.52556719E-17      0.23386292E-03      0.16454482E-15
    3.066344925360         0.12848664E-05     -0.43881307E-02     -0.18630634E-09     -0.11396178E-09     -0.48384616E-17      0.23386292E-03      0.16451448E-15
    3.072615569379         0.11406125E-05     -0.49594582E-02     -0.19231757E-09     -0.11410556E-09     -0.44247786E-17      0.23386292E-03      0.16448674E-15
    3.078886213398         0.10123102E-05     -0.54929988E-02     -0.19745712E-09     -0.11193661E-09     -0.40237912E-17      0.23386292E-03      0.16446151E-15
    3.085156857418         0.89901904E-06     -0.61422525E-02     -0.19937448E-09     -0.11093331E-09     -0.36008405E-17      0.23386292E-03      0.16443893E-15
    3.091427501437         0.79989324E-06     -0.72229347E-02     -0.19895146E-09     -0.11583220E-09     -0.31905294E-17      0.23386292E-03      0.16441892E-15
    3.097698145456         0.71418031E-06     -0.78853937E-02     -0.19511526E-09     -0.11267689E-09     -0.27880636E-17      0.23386292E-03      0.16440144E-15
    3.103968789475         0.64121969E-06     -0.10410577E-01     -0.18598215E-09     -0.13329289E-09     -0.23812415E-17      0.23386292E-03      0.16438650E-15
    3.110239433494         0.58044149E-06     -0.12423190E-01     -0.17104414E-09     -0.14369459E-09     -0.19784064E-17      0.23386292E-03      0.16437410E-15
    3.116510077513         0.53136541E-06     -0.18094260E-01     -0.14895280E-09     -0.19120897E-09     -0.15740412E-17      0.23386292E-03      0.16436423E-15
    3.122780721532         0.49359979E-06     -0.20565612E-01     -0.11878782E-09     -0.20147343E-09     -0.11637188E-17      0.23386291E-03      0.16435693E-15
    3.129051365552         0.46684081E-06     -0.60956426E-01     -0.72975237E-10     -0.56366139E-09     -0.67479881E-18      0.23386291E-03      0.16435270E-15
    3.135322009571         0.45087192E-06     -0.51164639E-01     -0.17689269E-10     -0.45601972E-09     -0.15766075E-18      0.23386291E-03      0.16435171E-15
