 
 # six columns.
 # Omega (column 1); |pulse ft|^2 (2); cross section (Mb) (3); flux (column 5)
 
  0.0000      0.324245E-08      0.000000E+00      0.000000E+00     -0.485774E-01     -0.103693E-14
  0.0157      0.109649E-06     -0.540928E+04     -0.190884E-09     -0.294822E-01     -0.104037E-14
  0.0313      0.433370E-06     -0.674845E+03     -0.964188E-10     -0.726859E-02     -0.103850E-14
  0.0470      0.987990E-06     -0.192180E+03     -0.632979E-10     -0.314599E-02     -0.103619E-14
  0.0627      0.179639E-05     -0.759105E+02     -0.466725E-10     -0.169457E-02     -0.104188E-14
  0.0783      0.289113E-05     -0.352852E+02     -0.361208E-10     -0.101416E-02     -0.103818E-14
  0.0940      0.431488E-05     -0.177642E+02     -0.290027E-10     -0.635010E-03     -0.103675E-14
  0.1097      0.612102E-05     -0.910284E+01     -0.238847E-10     -0.395657E-03     -0.103815E-14
  0.1254      0.837426E-05     -0.436158E+01     -0.199489E-10     -0.226943E-03     -0.103799E-14
  0.1410      0.111513E-04     -0.151730E+01     -0.168596E-10     -0.934483E-04     -0.103835E-14
  0.1567      0.145414E-04      0.422151E+00     -0.143506E-10      0.305135E-04     -0.103728E-14
  0.1724      0.186471E-04      0.232313E+01     -0.123286E-10      0.195754E-03     -0.103884E-14
  0.1880      0.235846E-04      0.562007E+01     -0.106077E-10      0.549042E-03     -0.103630E-14
  0.2037      0.294839E-04      0.116185E+02     -0.919651E-11      0.130981E-02     -0.103677E-14
  0.2194      0.364894E-04      0.198899E+02     -0.792719E-11      0.257685E-02     -0.102701E-14
  0.2350      0.447592E-04      0.277865E+02     -0.702320E-11      0.412137E-02     -0.104170E-14
  0.2507      0.544654E-04      0.328640E+02     -0.607437E-11      0.556080E-02     -0.102782E-14
  0.2664      0.657926E-04      0.360890E+02     -0.525155E-11      0.694257E-02     -0.101026E-14
  0.2820      0.789376E-04      0.392602E+02     -0.479566E-11      0.855817E-02     -0.104539E-14
  0.2977      0.941076E-04      0.417546E+02     -0.415537E-11      0.102800E-01     -0.102305E-14
  0.3134      0.111519E-03      0.431144E+02     -0.357616E-11      0.119497E-01     -0.991178E-15
  0.3290      0.131393E-03      0.439893E+02     -0.369247E-11      0.136810E-01     -0.114839E-14
  0.3447      0.153958E-03      0.444410E+02     -0.324026E-11      0.154590E-01     -0.112714E-14
  0.3604      0.179441E-03      0.443847E+02     -0.282818E-11      0.172125E-01     -0.109678E-14
  0.3761      0.208069E-03      0.439275E+02     -0.245353E-11      0.189299E-01     -0.105731E-14
  0.3917      0.240061E-03      0.430326E+02     -0.212067E-11      0.205398E-01     -0.101221E-14
  0.4074      0.275630E-03      0.419840E+02     -0.181719E-11      0.221235E-01     -0.957567E-15
  0.4231      0.314973E-03      0.407596E+02     -0.154666E-11      0.236351E-01     -0.896852E-15
  0.4387      0.358272E-03      0.393272E+02     -0.130782E-11      0.250129E-01     -0.831800E-15
  0.4544      0.405686E-03      0.379549E+02     -0.163279E-11      0.263923E-01     -0.113538E-14
  0.4701      0.457350E-03      0.363077E+02     -0.141702E-11      0.275133E-01     -0.107379E-14
  0.4857      0.513368E-03      0.349657E+02     -0.122967E-11      0.287823E-01     -0.101221E-14
  0.5014      0.573809E-03      0.335719E+02     -0.105389E-11      0.299234E-01     -0.939353E-15
  0.5171      0.638708E-03      0.317583E+02     -0.902462E-12      0.305536E-01     -0.868229E-15
  0.5327      0.708056E-03      0.319209E+02     -0.747411E-12      0.330431E-01     -0.773687E-15
  0.5484      0.781801E-03      0.327410E+02     -0.601514E-12      0.363528E-01     -0.667869E-15
  0.5641      0.859845E-03      0.314929E+02     -0.923448E-12      0.373893E-01     -0.109635E-14
  0.5797      0.942039E-03      0.296333E+02     -0.799125E-12      0.375028E-01     -0.101134E-14
  0.5954      0.102819E-02      0.280523E+02     -0.687468E-12      0.377288E-01     -0.924608E-15
  0.6111      0.111803E-02      0.265194E+02     -0.585555E-12      0.377896E-01     -0.834402E-15
  0.6268      0.121129E-02      0.251082E+02     -0.495559E-12      0.377937E-01     -0.745931E-15
  0.6424      0.130759E-02      0.237399E+02     -0.753956E-12      0.376342E-01     -0.119522E-14
  0.6581      0.140653E-02      0.224635E+02     -0.983748E-12      0.373934E-01     -0.163758E-14
  0.6738      0.150768E-02      0.212438E+02     -0.587252E-12      0.370246E-01     -0.102349E-14
  0.6894      0.161053E-02      0.201232E+02     -0.801851E-12      0.366125E-01     -0.145890E-14
  0.7051      0.171454E-02      0.190605E+02     -0.450654E-12      0.360982E-01     -0.853484E-15
  0.7208      0.181914E-02      0.180555E+02     -0.651270E-12      0.354923E-01     -0.128023E-14
  0.7364      0.192372E-02      0.171169E+02     -0.343616E-12      0.348247E-01     -0.699094E-15
  0.7521      0.202765E-02      0.162252E+02     -0.529565E-12      0.340690E-01     -0.111196E-14
  0.7678      0.213027E-02      0.154022E+02     -0.696778E-12      0.332842E-01     -0.150574E-14
  0.7834      0.223090E-02      0.146113E+02     -0.431759E-12      0.324054E-01     -0.957567E-15
  0.7991      0.232887E-02      0.138832E+02     -0.587712E-12      0.315125E-01     -0.133400E-14
  0.8148      0.242349E-02      0.131828E+02     -0.354190E-12      0.305396E-01     -0.820524E-15
  0.8304      0.251409E-02      0.125307E+02     -0.500284E-12      0.295460E-01     -0.117961E-14
  0.8461      0.260001E-02      0.119081E+02     -0.291379E-12      0.284997E-01     -0.697359E-15
  0.8618      0.268060E-02      0.113307E+02     -0.429631E-12      0.274500E-01     -0.104083E-14
  0.8775      0.275524E-02      0.108144E+02     -0.246133E-12      0.264478E-01     -0.601949E-15
  0.8931      0.282337E-02      0.103267E+02     -0.375532E-12      0.254256E-01     -0.924608E-15
  0.9088      0.288445E-02      0.993487E+01     -0.492625E-12      0.245592E-01     -0.121778E-14
  0.9245      0.293797E-02      0.951942E+01     -0.603421E-12      0.235626E-01     -0.149360E-14
  0.9401      0.298352E-02      0.914800E+01     -0.444262E-12      0.226111E-01     -0.109808E-14
  0.9558      0.302072E-02      0.818337E+01     -0.540541E-12      0.201432E-01     -0.133053E-14
  0.9715      0.304924E-02      0.760684E+01     -0.409084E-12      0.185961E-01     -0.100007E-14
  0.9871      0.306886E-02      0.100834E+02     -0.528728E-12      0.244152E-01     -0.128023E-14
  1.0028      0.307940E-02      0.123542E+02     -0.351053E-12      0.295474E-01     -0.839606E-15
  1.0185      0.308075E-02      0.108413E+02     -0.498492E-12      0.255412E-01     -0.117441E-14
  1.0341      0.307290E-02      0.860830E+01     -0.350796E-12      0.199222E-01     -0.811851E-15
  1.0498      0.305588E-02      0.736525E+01     -0.462922E-12      0.166980E-01     -0.104951E-14
  1.0655      0.302982E-02      0.622982E+01     -0.369307E-12      0.137975E-01     -0.817922E-15
  1.0811      0.299491E-02      0.548411E+01     -0.459510E-12      0.118320E-01     -0.991394E-15
  1.0968      0.295142E-02      0.527490E+01     -0.385301E-12      0.110551E-01     -0.807514E-15
  1.1125      0.289967E-02      0.519622E+01     -0.613974E-12      0.105486E-01     -0.124640E-14
  1.1282      0.284006E-02      0.523148E+01     -0.544560E-12      0.102574E-01     -0.106772E-14
  1.1438      0.277305E-02      0.531359E+01     -0.630694E-12      0.100332E-01     -0.119089E-14
  1.1595      0.269914E-02      0.512229E+01     -0.564511E-12      0.928698E-02     -0.102349E-14
  1.1752      0.261887E-02      0.486202E+01     -0.648642E-12      0.843892E-02     -0.112584E-14
  1.1908      0.253285E-02      0.466315E+01     -0.597149E-12      0.772490E-02     -0.989226E-15
  1.2065      0.244170E-02      0.435742E+01     -0.685370E-12      0.686828E-02     -0.108030E-14
  1.2222      0.234608E-02      0.394994E+01     -0.651209E-12      0.590550E-02     -0.973614E-15
  1.2378      0.224667E-02      0.360256E+01     -0.738751E-12      0.509260E-02     -0.104430E-14
  1.2535      0.214414E-02      0.333863E+01     -0.726906E-12      0.444783E-02     -0.968409E-15
  1.2692      0.203920E-02      0.312806E+01     -0.818747E-12      0.391443E-02     -0.102457E-14
  1.2848      0.193254E-02      0.298634E+01     -0.909215E-12      0.349841E-02     -0.106512E-14
  1.3005      0.182484E-02      0.287285E+01     -0.846044E-12      0.313962E-02     -0.924608E-15
  1.3162      0.171677E-02      0.280802E+01     -0.111035E-11      0.285267E-02     -0.112800E-14
  1.3318      0.160898E-02      0.277559E+01     -0.106932E-11      0.261159E-02     -0.100614E-14
  1.3475      0.150209E-02      0.285153E+01     -0.119012E-11      0.247566E-02     -0.103324E-14
  1.3632      0.139668E-02      0.293312E+01     -0.133477E-11      0.234058E-02     -0.106512E-14
  1.3789      0.129329E-02      0.292470E+01     -0.148593E-11      0.213655E-02     -0.108550E-14
  1.3945      0.119245E-02      0.290443E+01     -0.149300E-11      0.193432E-02     -0.994322E-15
  1.4102      0.109461E-02      0.287044E+01     -0.168095E-11      0.173533E-02     -0.101622E-14
  1.4259      0.100018E-02      0.280572E+01     -0.190871E-11      0.153285E-02     -0.104279E-14
  1.4415      0.909528E-03      0.271432E+01     -0.214585E-11      0.133385E-02     -0.105450E-14
  1.4572      0.822963E-03      0.267260E+01     -0.227829E-11      0.117557E-02     -0.100213E-14
  1.4729      0.740743E-03      0.263466E+01     -0.259520E-11      0.103200E-02     -0.101655E-14
  1.4885      0.663076E-03      0.258797E+01     -0.297940E-11      0.897877E-03     -0.103368E-14
  1.5042      0.590115E-03      0.257560E+01     -0.341406E-11      0.786976E-03     -0.104317E-14
  1.5199      0.521963E-03      0.260753E+01     -0.392658E-11      0.697453E-03     -0.105027E-14
  1.5355      0.458673E-03      0.262542E+01     -0.452680E-11      0.610793E-03     -0.105314E-14
  1.5512      0.400254E-03      0.264255E+01     -0.512526E-11      0.531057E-03     -0.102999E-14
  1.5669      0.346669E-03      0.270163E+01     -0.599346E-11      0.465540E-03     -0.103278E-14
  1.5825      0.297838E-03      0.279940E+01     -0.710891E-11      0.410338E-03     -0.104203E-14
  1.5982      0.253648E-03      0.297683E+01     -0.843138E-11      0.367962E-03     -0.104219E-14
  1.6139      0.213949E-03      0.320139E+01     -0.999488E-11      0.330543E-03     -0.103197E-14
  1.6296      0.178562E-03      0.353054E+01     -0.120741E-10      0.301311E-03     -0.103045E-14
  1.6452      0.147285E-03      0.401202E+01     -0.151059E-10      0.279736E-03     -0.105325E-14
  1.6609      0.119890E-03      0.467777E+01     -0.184908E-10      0.262986E-03     -0.103956E-14
  1.6766      0.961356E-04      0.544494E+01     -0.234041E-10      0.243170E-03     -0.104523E-14
  1.6922      0.757662E-04      0.635851E+01     -0.295906E-10      0.221730E-03     -0.103186E-14
  1.7079      0.585171E-04      0.758072E+01     -0.388460E-10      0.202294E-03     -0.103662E-14
  1.7236      0.441188E-04      0.936534E+01     -0.519608E-10      0.186712E-03     -0.103591E-14
  1.7392      0.323002E-04      0.121472E+02     -0.720270E-10      0.175702E-03     -0.104182E-14
  1.7549      0.227924E-04      0.164586E+02     -0.101840E-09      0.166487E-03     -0.103017E-14
  1.7706      0.153316E-04      0.243878E+02     -0.153403E-09      0.164475E-03     -0.103457E-14
  1.7862      0.966213E-05      0.399915E+02     -0.245371E-09      0.168482E-03     -0.103373E-14
  1.8019      0.553872E-05      0.697779E+02     -0.433688E-09      0.167050E-03     -0.103826E-14
  1.8176      0.272882E-05      0.138008E+03     -0.887349E-09      0.161375E-03     -0.103760E-14
  1.8332      0.101432E-05      0.379884E+03     -0.239941E-08      0.163703E-03     -0.103398E-14
  1.8489      0.193018E-06      0.206516E+04     -0.128065E-07      0.167913E-03     -0.104127E-14
  1.8646      0.796663E-07      0.486587E+04     -0.311773E-07      0.161922E-03     -0.103749E-14
  1.8803      0.506718E-06      0.721910E+03     -0.492241E-08      0.151525E-03     -0.103319E-14
  1.8959      0.132472E-05      0.287347E+03     -0.189300E-08      0.156374E-03     -0.103017E-14
  1.9116      0.240242E-05      0.183427E+03     -0.106440E-08      0.179543E-03     -0.104186E-14
  1.9273      0.362651E-05      0.130068E+03     -0.707453E-09      0.190622E-03     -0.103681E-14
  1.9429      0.490126E-05      0.106250E+03     -0.526414E-09      0.208752E-03     -0.103426E-14
  1.9586      0.614770E-05      0.102316E+03     -0.419509E-09      0.250128E-03     -0.102556E-14
  1.9743      0.730284E-05      0.875257E+02     -0.360353E-09      0.252159E-03     -0.103816E-14
  1.9899      0.831849E-05      0.746147E+02     -0.316885E-09      0.242931E-03     -0.103171E-14
  2.0056      0.916014E-05      0.807279E+02     -0.288880E-09      0.287166E-03     -0.102761E-14
  2.0213      0.980560E-05      0.875059E+02     -0.280136E-09      0.330627E-03     -0.105845E-14
  2.0369      0.102436E-04      0.793087E+02     -0.265586E-09      0.310634E-03     -0.104024E-14
  2.0526      0.104725E-04      0.635942E+02     -0.263059E-09      0.252705E-03     -0.104532E-14
  2.0683      0.104986E-04      0.579673E+02     -0.260182E-09      0.229169E-03     -0.102861E-14
  2.0839      0.103348E-04      0.574051E+02     -0.272218E-09      0.221727E-03     -0.105145E-14
  2.0996      0.999962E-05      0.446106E+02     -0.279214E-09      0.165475E-03     -0.103570E-14
  2.1153      0.951514E-05      0.287789E+02     -0.296965E-09      0.100826E-03     -0.104041E-14
  2.1310      0.890634E-05      0.226355E+02     -0.315590E-09      0.736830E-04     -0.102731E-14
  2.1466      0.819974E-05      0.230964E+02     -0.348527E-09      0.687132E-04     -0.103689E-14
  2.1623      0.742239E-05      0.262874E+02     -0.387271E-09      0.702797E-04     -0.103537E-14
  2.1780      0.660095E-05      0.284122E+02     -0.440414E-09      0.670678E-04     -0.103961E-14
  2.1936      0.576090E-05      0.284241E+02     -0.505777E-09      0.581387E-04     -0.103452E-14
  2.2093      0.492590E-05      0.290799E+02     -0.597149E-09      0.504984E-04     -0.103697E-14
  2.2250      0.411727E-05      0.310362E+02     -0.720257E-09      0.447307E-04     -0.103807E-14
  2.2406      0.335352E-05      0.348241E+02     -0.892775E-09      0.405940E-04     -0.104070E-14
  2.2563      0.265015E-05      0.415084E+02     -0.113215E-08      0.379718E-04     -0.103569E-14
  2.2720      0.201946E-05      0.507054E+02     -0.150133E-08      0.351024E-04     -0.103934E-14
  2.2876      0.147047E-05      0.645545E+02     -0.206898E-08      0.323182E-04     -0.103580E-14
  2.3033      0.100901E-05      0.896125E+02     -0.303835E-08      0.305748E-04     -0.103665E-14
  2.3190      0.637812E-06      0.136326E+03     -0.483690E-08      0.292030E-04     -0.103613E-14
  2.3346      0.356737E-06      0.233633E+03     -0.873778E-08      0.278044E-04     -0.103987E-14
  2.3503      0.163034E-06      0.493267E+03     -0.191974E-07      0.266493E-04     -0.103716E-14
  2.3660      0.516532E-07      0.151599E+04     -0.610498E-07      0.257770E-04     -0.103806E-14
  2.3817      0.156042E-07      0.492213E+04     -0.203143E-06      0.251171E-04     -0.103662E-14
  2.3973      0.463258E-07      0.162495E+04     -0.689732E-07      0.244562E-04     -0.103808E-14
  2.4130      0.134074E-06      0.543499E+03     -0.239643E-07      0.235201E-04     -0.103706E-14
  2.4287      0.268306E-06      0.261983E+03     -0.121016E-07      0.225418E-04     -0.104126E-14
  2.4443      0.438060E-06      0.156023E+03     -0.742153E-08      0.217779E-04     -0.103590E-14
  2.4600      0.632308E-06      0.105778E+03     -0.522161E-08      0.211758E-04     -0.104532E-14
  2.4757      0.840287E-06      0.779355E+02     -0.392862E-08      0.206027E-04     -0.103855E-14
  2.4913      0.105179E-05      0.606650E+02     -0.316951E-08      0.199475E-04     -0.104218E-14
  2.5070      0.125744E-05      0.494973E+02     -0.265842E-08      0.193360E-04     -0.103850E-14
  2.5227      0.144887E-05      0.421472E+02     -0.232971E-08      0.188534E-04     -0.104213E-14
  2.5383      0.161893E-05      0.370324E+02     -0.207714E-08      0.183956E-04     -0.103180E-14
  2.5540      0.176178E-05      0.333513E+02     -0.193830E-08      0.179182E-04     -0.104136E-14
  2.5697      0.187297E-05      0.307934E+02     -0.182403E-08      0.174808E-04     -0.103547E-14
  2.5854      0.194950E-05      0.290708E+02     -0.177185E-08      0.170732E-04     -0.104060E-14
  2.6010      0.198976E-05      0.280208E+02     -0.172977E-08      0.166951E-04     -0.103062E-14
  2.6167      0.199351E-05      0.275462E+02     -0.175073E-08      0.163448E-04     -0.103882E-14
  2.6324      0.196179E-05      0.274753E+02     -0.178140E-08      0.159478E-04     -0.103400E-14
  2.6480      0.189679E-05      0.278814E+02     -0.186434E-08      0.155548E-04     -0.104010E-14
  2.6637      0.180171E-05      0.288549E+02     -0.196534E-08      0.152010E-04     -0.103536E-14
  2.6794      0.168063E-05      0.304607E+02     -0.212503E-08      0.148810E-04     -0.103814E-14
  2.6950      0.153825E-05      0.328218E+02     -0.232878E-08      0.145908E-04     -0.103525E-14
  2.7107      0.137980E-05      0.361580E+02     -0.263017E-08      0.143348E-04     -0.104273E-14
  2.7264      0.121078E-05      0.407879E+02     -0.298446E-08      0.141080E-04     -0.103228E-14
  2.7420      0.103680E-05      0.471800E+02     -0.352690E-08      0.138941E-04     -0.103864E-14
  2.7577      0.863390E-06      0.561332E+02     -0.423793E-08      0.136877E-04     -0.103339E-14
  2.7734      0.695843E-06      0.690508E+02     -0.533103E-08      0.134935E-04     -0.104176E-14
  2.7890      0.539045E-06      0.884377E+02     -0.685033E-08      0.133125E-04     -0.103118E-14
  2.8047      0.397347E-06      0.119226E+03     -0.942049E-08      0.131554E-04     -0.103946E-14
  2.8204      0.274454E-06      0.172040E+03     -0.136478E-07      0.130390E-04     -0.103437E-14
  2.8361      0.173334E-06      0.271296E+03     -0.218402E-07      0.129142E-04     -0.103963E-14
  2.8517      0.961535E-07      0.486009E+03     -0.393464E-07      0.127631E-04     -0.103327E-14
  2.8674      0.442395E-07      0.105062E+04     -0.866720E-07      0.126248E-04     -0.104149E-14
  2.8831      0.180701E-07      0.256301E+04     -0.211647E-06      0.125115E-04     -0.103317E-14
  2.8987      0.172868E-07      0.267087E+04     -0.224532E-06      0.124055E-04     -0.104289E-14
  2.9144      0.407327E-07      0.113114E+04     -0.948656E-07      0.123129E-04     -0.103266E-14
  2.9301      0.865124E-07      0.535497E+03     -0.452268E-07      0.123143E-04     -0.104004E-14
  2.9457      0.152072E-06      0.307669E+03     -0.256014E-07      0.123707E-04     -0.102937E-14
  2.9614      0.234296E-06      0.200262E+03     -0.168137E-07      0.123401E-04     -0.103606E-14
  2.9771      0.329620E-06      0.142190E+03     -0.119270E-07      0.122615E-04     -0.102851E-14
  2.9927      0.434148E-06      0.107925E+03     -0.919792E-08      0.121940E-04     -0.103923E-14
  3.0084      0.543786E-06      0.857952E+02     -0.734204E-08      0.120783E-04     -0.103362E-14
  3.0241      0.654370E-06      0.708408E+02     -0.619087E-08      0.119390E-04     -0.104336E-14
  3.0397      0.761799E-06      0.605162E+02     -0.529775E-08      0.118121E-04     -0.103406E-14
  3.0554      0.862161E-06      0.533095E+02     -0.472700E-08      0.117159E-04     -0.103886E-14
  3.0711      0.951857E-06      0.481961E+02     -0.430291E-08      0.116344E-04     -0.103871E-14
  3.0868      0.102770E-05      0.439063E+02     -0.401139E-08      0.113853E-04     -0.104019E-14
  3.1024      0.108703E-05      0.405109E+02     -0.378025E-08      0.110552E-04     -0.103161E-14
  3.1181      0.112777E-05      0.385614E+02     -0.369193E-08      0.108627E-04     -0.104001E-14
  3.1338      0.114849E-05      0.372014E+02     -0.362958E-08      0.106188E-04     -0.103603E-14
  3.1494      0.114849E-05      0.362425E+02     -0.365775E-08      0.102936E-04     -0.103887E-14
  3.1651      0.112777E-05      0.363353E+02     -0.373167E-08      0.100835E-04     -0.103559E-14
  3.1808      0.108703E-05      0.374305E+02     -0.389219E-08      0.996294E-05     -0.103599E-14
  3.1964      0.102770E-05      0.393964E+02     -0.413611E-08      0.986532E-05     -0.103573E-14
  3.2121      0.951857E-06      0.423274E+02     -0.449979E-08      0.976915E-05     -0.103855E-14
  3.2278      0.862161E-06      0.464540E+02     -0.497796E-08      0.966411E-05     -0.103560E-14
  3.2434      0.761799E-06      0.522739E+02     -0.570339E-08      0.956250E-05     -0.104333E-14
  3.2591      0.654370E-06      0.605409E+02     -0.660327E-08      0.946729E-05     -0.103261E-14
  3.2748      0.543786E-06      0.725028E+02     -0.803341E-08      0.937676E-05     -0.103896E-14
  3.2904      0.434148E-06      0.904557E+02     -0.100693E-07      0.929547E-05     -0.103475E-14
  3.3061      0.329620E-06      0.118791E+03     -0.133756E-07      0.922428E-05     -0.103863E-14
  3.3218      0.234296E-06      0.166667E+03     -0.187611E-07      0.915580E-05     -0.103064E-14
  3.3375      0.152072E-06      0.256135E+03     -0.291924E-07      0.908981E-05     -0.103599E-14
  3.3531      0.865124E-07      0.449223E+03     -0.516265E-07      0.902700E-05     -0.103742E-14
  3.3688      0.407327E-07      0.952201E+03     -0.110392E-06      0.896707E-05     -0.103959E-14
  3.3845      0.172868E-07      0.223944E+04     -0.260052E-06      0.890878E-05     -0.103452E-14
  3.4001      0.180701E-07      0.213828E+04     -0.249847E-06      0.885079E-05     -0.103417E-14
  3.4158      0.442395E-07      0.872030E+03     -0.102651E-06      0.879634E-05     -0.103546E-14
  3.4315      0.961535E-07      0.400672E+03     -0.477859E-07      0.874435E-05     -0.104289E-14
  3.4471      0.173334E-06      0.221988E+03     -0.265726E-07      0.869380E-05     -0.104067E-14
  3.4628      0.274454E-06      0.140057E+03     -0.167944E-07      0.864570E-05     -0.103672E-14
  3.4785      0.397347E-06      0.966618E+02     -0.116610E-07      0.859981E-05     -0.103745E-14
  3.4941      0.539045E-06      0.712066E+02     -0.867901E-08      0.855574E-05     -0.104281E-14
  3.5098      0.695843E-06      0.551321E+02     -0.669778E-08      0.851305E-05     -0.103422E-14
  3.5255      0.863390E-06      0.444153E+02     -0.542134E-08      0.847178E-05     -0.103407E-14
  3.5411      0.103680E-05      0.369776E+02     -0.452724E-08      0.843221E-05     -0.103237E-14
  3.5568      0.121078E-05      0.316593E+02     -0.392699E-08      0.839377E-05     -0.104116E-14
  3.5725      0.137980E-05      0.277819E+02     -0.343718E-08      0.835720E-05     -0.103395E-14
  3.5882      0.153825E-05      0.249252E+02     -0.309322E-08      0.832236E-05     -0.103281E-14
  3.6038      0.168063E-05      0.228202E+02     -0.283662E-08      0.828856E-05     -0.103030E-14
  3.6195      0.180171E-05      0.212965E+02     -0.268838E-08      0.825654E-05     -0.104227E-14
  3.6352      0.189679E-05      0.202397E+02     -0.254684E-08      0.822529E-05     -0.103502E-14
  3.6508      0.196179E-05      0.195821E+02     -0.247654E-08      0.819545E-05     -0.103647E-14
  3.6665      0.199351E-05      0.192846E+02     -0.243624E-08      0.816640E-05     -0.103167E-14
  3.6822      0.198976E-05      0.193392E+02     -0.246284E-08      0.813933E-05     -0.103654E-14
  3.6978      0.194950E-05      0.197597E+02     -0.253087E-08      0.811351E-05     -0.103920E-14
  3.7135      0.187297E-05      0.205919E+02     -0.264534E-08      0.808905E-05     -0.103916E-14
  3.7292      0.176178E-05      0.219200E+02     -0.280504E-08      0.806550E-05     -0.103212E-14
  3.7448      0.161893E-05      0.238887E+02     -0.308722E-08      0.804342E-05     -0.103948E-14
  3.7605      0.144887E-05      0.267337E+02     -0.345530E-08      0.802225E-05     -0.103686E-14
  3.7762      0.125744E-05      0.308544E+02     -0.400364E-08      0.800213E-05     -0.103835E-14
  3.7918      0.105179E-05      0.369515E+02     -0.477392E-08      0.798296E-05     -0.103135E-14
  3.8075      0.840287E-06      0.463403E+02     -0.604794E-08      0.796521E-05     -0.103955E-14
  3.8232      0.632308E-06      0.617053E+02     -0.805311E-08      0.794838E-05     -0.103734E-14
  3.8389      0.438060E-06      0.892565E+02     -0.117095E-07      0.793277E-05     -0.104070E-14
  3.8545      0.268306E-06      0.146055E+03     -0.190273E-07      0.791823E-05     -0.103155E-14
  3.8702      0.134074E-06      0.292981E+03     -0.385950E-07      0.790501E-05     -0.104134E-14
  3.8859      0.463258E-07      0.849965E+03     -0.112000E-06      0.789205E-05     -0.103993E-14
  3.9015      0.156042E-07      0.252974E+04     -0.333273E-06      0.788018E-05     -0.103815E-14
  3.9172      0.516532E-07      0.766315E+03     -0.100064E-06      0.787013E-05     -0.102767E-14
  3.9329      0.163034E-06      0.243469E+03     -0.321634E-07      0.786077E-05     -0.103844E-14
  3.9485      0.356737E-06      0.111589E+03     -0.146753E-07      0.785211E-05     -0.103265E-14
  3.9642      0.637812E-06      0.625986E+02     -0.830720E-08      0.784429E-05     -0.104098E-14
  3.9799      0.100901E-05      0.396936E+02     -0.522781E-08      0.783788E-05     -0.103228E-14
  3.9955      0.147047E-05      0.273223E+02     -0.362461E-08      0.783158E-05     -0.103895E-14
  4.0112      0.201946E-05      0.199571E+02     -0.263984E-08      0.782546E-05     -0.103512E-14
  4.0269      0.265015E-05      0.152574E+02     -0.202776E-08      0.782050E-05     -0.103937E-14
  4.0425      0.335352E-05      0.120980E+02     -0.161012E-08      0.781647E-05     -0.104029E-14
  4.0582      0.411727E-05      0.988762E+01     -0.131276E-08      0.781300E-05     -0.103732E-14
  4.0739      0.492590E-05      0.829315E+01     -0.109763E-08      0.780996E-05     -0.103368E-14
  4.0896      0.576090E-05      0.711684E+01     -0.946860E-09      0.780825E-05     -0.103885E-14
  4.1052      0.660095E-05      0.623394E+01     -0.830144E-09      0.780701E-05     -0.103962E-14
  4.1209      0.742239E-05      0.556446E+01     -0.737477E-09      0.780599E-05     -0.103455E-14
  4.1366      0.819974E-05      0.505646E+01     -0.668236E-09      0.780657E-05     -0.103168E-14
  4.1522      0.890634E-05      0.467350E+01     -0.622805E-09      0.780752E-05     -0.104045E-14
  4.1679      0.951514E-05      0.439163E+01     -0.585596E-09      0.780865E-05     -0.104123E-14
  4.1836      0.999962E-05      0.419640E+01     -0.555758E-09      0.781206E-05     -0.103461E-14
  4.1992      0.103348E-04      0.407854E+01     -0.538768E-09      0.781790E-05     -0.103273E-14
  4.2149      0.104986E-04      0.403260E+01     -0.537701E-09      0.782311E-05     -0.104312E-14
  4.2306      0.104725E-04      0.406119E+01     -0.538246E-09      0.782990E-05     -0.103773E-14
  4.2462      0.102436E-04      0.417097E+01     -0.551909E-09      0.783679E-05     -0.103698E-14
  4.2619      0.980560E-05      0.437854E+01     -0.576909E-09      0.784606E-05     -0.103378E-14
  4.2776      0.916014E-05      0.470893E+01     -0.623570E-09      0.785378E-05     -0.104002E-14
  4.2932      0.831849E-05      0.520989E+01     -0.686861E-09      0.786211E-05     -0.103653E-14
  4.3089      0.730284E-05      0.596308E+01     -0.786347E-09      0.787130E-05     -0.103798E-14
  4.3246      0.614770E-05      0.711611E+01     -0.935162E-09      0.787887E-05     -0.103540E-14
  4.3403      0.490126E-05      0.897189E+01     -0.118444E-08      0.789094E-05     -0.104174E-14
  4.3559      0.362651E-05      0.121870E+02     -0.159498E-08      0.790240E-05     -0.103423E-14
  4.3716      0.240242E-05      0.184964E+02     -0.242094E-08      0.791677E-05     -0.103620E-14
  4.3873      0.132472E-05      0.337319E+02     -0.440169E-08      0.793278E-05     -0.103515E-14
  4.4029      0.506718E-06      0.886715E+02     -0.116197E-07      0.794806E-05     -0.104154E-14
  4.4186      0.796663E-07      0.567132E+03     -0.736395E-07      0.796391E-05     -0.103408E-14
  4.4343      0.193018E-06      0.235399E+03     -0.305905E-07      0.798053E-05     -0.103709E-14
  4.4499      0.101432E-05      0.450407E+02     -0.583776E-08      0.799611E-05     -0.103638E-14
  4.4656      0.272882E-05      0.168423E+02     -0.218527E-08      0.801583E-05     -0.104004E-14
  4.4813      0.553872E-05      0.834867E+01     -0.107663E-08      0.803670E-05     -0.103640E-14
  4.4969      0.966213E-05      0.481494E+01     -0.620566E-09      0.805747E-05     -0.103848E-14
  4.5126      0.153316E-04      0.305322E+01     -0.390824E-09      0.807923E-05     -0.103417E-14
  4.5283      0.227924E-04      0.206664E+01     -0.264416E-09      0.810165E-05     -0.103657E-14
  4.5439      0.323002E-04      0.146752E+01     -0.187185E-09      0.812473E-05     -0.103632E-14
  4.5596      0.441188E-04      0.108131E+01     -0.137981E-09      0.814885E-05     -0.103984E-14
  4.5753      0.585171E-04      0.820548E+00     -0.104110E-09      0.817375E-05     -0.103708E-14
  4.5910      0.757662E-04      0.637921E+00     -0.807321E-10      0.819958E-05     -0.103770E-14
  4.6066      0.961356E-04      0.506106E+00     -0.636414E-10      0.822613E-05     -0.103441E-14
  4.6223      0.119890E-03      0.408584E+00     -0.512236E-10      0.825389E-05     -0.103478E-14
  4.6380      0.147285E-03      0.334897E+00     -0.419052E-10      0.828313E-05     -0.103645E-14
  4.6536      0.178562E-03      0.278149E+00     -0.348123E-10      0.831243E-05     -0.104036E-14
  4.6693      0.213949E-03      0.233770E+00     -0.289900E-10      0.834255E-05     -0.103457E-14
  4.6850      0.253648E-03      0.198571E+00     -0.246146E-10      0.837325E-05     -0.103793E-14
  4.7006      0.297838E-03      0.170320E+00     -0.209613E-10      0.840508E-05     -0.103441E-14
  4.7163      0.346669E-03      0.147382E+00     -0.181905E-10      0.843742E-05     -0.104138E-14
  4.7320      0.400254E-03      0.128571E+00     -0.157359E-10      0.847014E-05     -0.103666E-14
  4.7476      0.458673E-03      0.113017E+00     -0.137575E-10      0.850397E-05     -0.103518E-14
  4.7633      0.521963E-03      0.100032E+00     -0.121241E-10      0.853733E-05     -0.103475E-14
  4.7790      0.590115E-03      0.891470E-01     -0.108226E-10      0.857354E-05     -0.104085E-14
  4.7947      0.663076E-03      0.799522E-01     -0.959131E-11      0.861172E-05     -0.103309E-14
  4.8103      0.740743E-03      0.721180E-01     -0.864762E-11      0.864948E-05     -0.103715E-14
  4.8260      0.822963E-03      0.654052E-01     -0.781196E-11      0.868678E-05     -0.103754E-14
  4.8417      0.909528E-03      0.596430E-01     -0.711464E-11      0.872639E-05     -0.104095E-14
  4.8573      0.100018E-02      0.546627E-01     -0.646056E-11      0.876647E-05     -0.103611E-14
  4.8730      0.109461E-02      0.503386E-01     -0.592443E-11      0.880677E-05     -0.103648E-14
  4.8887      0.119245E-02      0.465738E-01     -0.544267E-11      0.884800E-05     -0.103399E-14
  4.9043      0.129329E-02      0.432864E-01     -0.504163E-11      0.889040E-05     -0.103548E-14
  4.9200      0.139668E-02      0.404013E-01     -0.467620E-11      0.893261E-05     -0.103389E-14
  4.9357      0.150209E-02      0.378679E-01     -0.436740E-11      0.897580E-05     -0.103520E-14
  4.9513      0.160898E-02      0.356356E-01     -0.410251E-11      0.901914E-05     -0.103832E-14
  4.9670      0.171677E-02      0.336682E-01     -0.385450E-11      0.906340E-05     -0.103762E-14
  4.9827      0.182484E-02      0.319298E-01     -0.362379E-11      0.910776E-05     -0.103366E-14
  4.9983      0.193254E-02      0.303924E-01     -0.343170E-11      0.915210E-05     -0.103339E-14
  5.0140      0.203920E-02      0.290305E-01     -0.327660E-11      0.919564E-05     -0.103789E-14
  5.0297      0.214414E-02      0.278332E-01     -0.312471E-11      0.924120E-05     -0.103747E-14
  5.0454      0.224667E-02      0.267734E-01     -0.298611E-11      0.928547E-05     -0.103563E-14
  5.0610      0.234608E-02      0.258440E-01     -0.287265E-11      0.933077E-05     -0.103715E-14
  5.0767      0.244170E-02      0.250286E-01     -0.275770E-11      0.937564E-05     -0.103303E-14
  5.0924      0.253285E-02      0.243163E-01     -0.268379E-11      0.941978E-05     -0.103966E-14
  5.1080      0.261887E-02      0.236970E-01     -0.258946E-11      0.946251E-05     -0.103400E-14
  5.1237      0.269914E-02      0.231686E-01     -0.252661E-11      0.950590E-05     -0.103665E-14
  5.1394      0.277305E-02      0.227254E-01     -0.245337E-11      0.955018E-05     -0.103101E-14
  5.1550      0.284006E-02      0.223591E-01     -0.241850E-11      0.959408E-05     -0.103776E-14
  5.1707      0.289967E-02      0.220555E-01     -0.236616E-11      0.963316E-05     -0.103346E-14
  5.1864      0.295142E-02      0.218028E-01     -0.234309E-11      0.966346E-05     -0.103850E-14
  5.2020      0.299491E-02      0.215881E-01     -0.230270E-11      0.968005E-05     -0.103252E-14
  5.2177      0.302982E-02      0.211866E-01     -0.229901E-11      0.958185E-05     -0.103975E-14
  5.2334      0.305588E-02      0.205853E-01     -0.227578E-11      0.936188E-05     -0.103499E-14
  5.2490      0.307290E-02      0.204579E-01     -0.228437E-11      0.932783E-05     -0.104157E-14
  5.2647      0.308075E-02      0.208678E-01     -0.227182E-11      0.951068E-05     -0.103540E-14
  5.2804      0.307940E-02      0.208768E-01     -0.229188E-11      0.948238E-05     -0.104099E-14
  5.2961      0.306886E-02      0.207981E-01     -0.229093E-11      0.938645E-05     -0.103392E-14
  5.3117      0.304924E-02      0.215166E-01     -0.231909E-11      0.962019E-05     -0.103688E-14
  5.3274      0.302072E-02      0.223427E-01     -0.233924E-11      0.986697E-05     -0.103305E-14
  5.3431      0.298352E-02      0.228545E-01     -0.239018E-11      0.993949E-05     -0.103949E-14
  5.3587      0.293797E-02      0.233878E-01     -0.242320E-11      0.998684E-05     -0.103473E-14
  5.3744      0.288445E-02      0.239641E-01     -0.248601E-11      0.100172E-04     -0.103917E-14
  5.3901      0.282337E-02      0.246010E-01     -0.254194E-11      0.100364E-04     -0.103703E-14
  5.4057      0.275524E-02      0.252981E-01     -0.262619E-11      0.100426E-04     -0.104252E-14
  5.4214      0.268060E-02      0.260734E-01     -0.269296E-11      0.100409E-04     -0.103706E-14
  5.4371      0.260001E-02      0.269308E-01     -0.278910E-11      0.100303E-04     -0.103879E-14
  5.4527      0.251409E-02      0.278882E-01     -0.288231E-11      0.100147E-04     -0.103505E-14
  5.4684      0.242349E-02      0.289464E-01     -0.301495E-11      0.999146E-05     -0.104067E-14
  5.4841      0.232887E-02      0.301078E-01     -0.312146E-11      0.995803E-05     -0.103241E-14
  5.4997      0.223090E-02      0.313774E-01     -0.328278E-11      0.991306E-05     -0.103713E-14
  5.5154      0.213027E-02      0.327738E-01     -0.344060E-11      0.985906E-05     -0.103501E-14
  5.5311      0.202765E-02      0.343073E-01     -0.364176E-11      0.979540E-05     -0.103979E-14
  5.5468      0.192372E-02      0.359816E-01     -0.383284E-11      0.971933E-05     -0.103532E-14
  5.5624      0.181914E-02      0.378017E-01     -0.406722E-11      0.962867E-05     -0.103598E-14
  5.5781      0.171454E-02      0.397643E-01     -0.431712E-11      0.951935E-05     -0.103350E-14
  5.5938      0.161053E-02      0.418714E-01     -0.462994E-11      0.938933E-05     -0.103823E-14
  5.6094      0.150768E-02      0.440967E-01     -0.494357E-11      0.923101E-05     -0.103486E-14
  5.6251      0.140653E-02      0.464458E-01     -0.531065E-11      0.904523E-05     -0.103424E-14
  5.6408      0.130759E-02      0.488703E-01     -0.572497E-11      0.882328E-05     -0.103361E-14
  5.6564      0.121129E-02      0.513496E-01     -0.624767E-11      0.856433E-05     -0.104202E-14
  5.6721      0.111803E-02      0.537886E-01     -0.674746E-11      0.825760E-05     -0.103587E-14
  5.6878      0.102819E-02      0.561262E-01     -0.735872E-11      0.790220E-05     -0.103606E-14
  5.7034      0.942039E-03      0.581749E-01     -0.804727E-11      0.748377E-05     -0.103522E-14
  5.7191      0.859845E-03      0.598074E-01     -0.885454E-11      0.700324E-05     -0.103684E-14
  5.7348      0.781801E-03      0.606449E-01     -0.974484E-11      0.643912E-05     -0.103468E-14
  5.7504      0.708056E-03      0.604066E-01     -0.107972E-10      0.579300E-05     -0.103545E-14
  5.7661      0.638708E-03      0.584755E-01     -0.120052E-10      0.504482E-05     -0.103572E-14
  5.7818      0.573809E-03      0.544306E-01     -0.134259E-10      0.420728E-05     -0.103777E-14
  5.7975      0.513368E-03      0.467873E-01     -0.150169E-10      0.322680E-05     -0.103568E-14
  5.8131      0.457350E-03      0.341792E-01     -0.168810E-10      0.209437E-05     -0.103441E-14
  5.8288      0.405686E-03      0.143397E-01     -0.191278E-10      0.777331E-06     -0.103688E-14
  5.8445      0.358272E-03     -0.150800E-01     -0.217178E-10     -0.719983E-06     -0.103690E-14
  5.8601      0.314973E-03     -0.592647E-01     -0.247156E-10     -0.248093E-05     -0.103464E-14
  5.8758      0.275630E-03     -0.123506E+00     -0.282514E-10     -0.451230E-05     -0.103217E-14
  5.8915      0.240061E-03     -0.217400E+00     -0.326234E-10     -0.689940E-05     -0.103533E-14
  5.9071      0.208069E-03     -0.352329E+00     -0.378715E-10     -0.966564E-05     -0.103895E-14
  5.9228      0.179441E-03     -0.548061E+00     -0.439421E-10     -0.129323E-04     -0.103688E-14
  5.9385      0.153958E-03     -0.829234E+00     -0.513141E-10     -0.167439E-04     -0.103614E-14
  5.9541      0.131393E-03     -0.123762E+01     -0.602792E-10     -0.212713E-04     -0.103603E-14
  5.9698      0.111519E-03     -0.182897E+01     -0.712982E-10     -0.266100E-04     -0.103733E-14
  5.9855      0.941076E-04     -0.269558E+01     -0.846523E-10     -0.330088E-04     -0.103661E-14
  6.0011      0.789376E-04     -0.396789E+01     -0.101019E-09     -0.406501E-04     -0.103491E-14
  6.0168      0.657926E-04     -0.586184E+01     -0.121586E-09     -0.499226E-04     -0.103550E-14
  6.0325      0.544654E-04     -0.870064E+01     -0.147440E-09     -0.611826E-04     -0.103679E-14
  6.0482      0.447592E-04     -0.130265E+02     -0.179221E-09     -0.750829E-04     -0.103300E-14
  6.0638      0.364894E-04     -0.197015E+02     -0.220284E-09     -0.923363E-04     -0.103242E-14
  6.0795      0.294839E-04     -0.302190E+02     -0.272057E-09     -0.114143E-03     -0.102761E-14
  6.0952      0.235846E-04     -0.471225E+02     -0.351191E-09     -0.142012E-03     -0.105837E-14
  6.1108      0.186471E-04     -0.750668E+02     -0.428736E-09     -0.178407E-03     -0.101895E-14
  6.1265      0.145414E-04     -0.122703E+03     -0.548187E-09     -0.226830E-03     -0.101339E-14
  6.1422      0.111513E-04     -0.207318E+03     -0.709568E-09     -0.293152E-03     -0.100334E-14
  6.1578      0.837426E-05     -0.365155E+03     -0.101346E-08     -0.386766E-03     -0.107344E-14
  6.1735      0.612102E-05     -0.679425E+03     -0.140378E-08     -0.524669E-03     -0.108404E-14
  6.1892      0.431488E-05     -0.136042E+04     -0.201611E-08     -0.738686E-03     -0.109472E-14
  6.2048      0.289113E-05     -0.302029E+04     -0.305970E-08     -0.109607E-02     -0.111037E-14
  6.2205      0.179639E-05     -0.781138E+04     -0.324876E-08     -0.175694E-02     -0.730712E-15
  6.2362      0.987990E-06     -0.258544E+05     -0.952199E-08     -0.319022E-02     -0.117494E-14
  6.2518      0.433370E-06     -0.135118E+06     -0.234505E-07     -0.729486E-02     -0.126606E-14
  6.2675      0.109649E-06     -0.216416E+07     -0.118790E-06     -0.294883E-01     -0.161861E-14
