 
 # Omega; pulse ft; projected flux at t=    200.250000000000     
    0.000000000000         0.10808162E-08      0.00000000E+00      0.00000000E+00     -0.29693596E-02     -0.58323301E-16
    0.015668791290         0.36549566E-07     -0.19921819E+04     -0.64440568E-10     -0.18096653E-02     -0.58536753E-16
    0.031337582579         0.14445671E-06     -0.25091881E+03     -0.32536062E-10     -0.45043072E-03     -0.58406310E-16
    0.047006373869         0.32933004E-06     -0.73157054E+02     -0.21365114E-10     -0.19959669E-03     -0.58291113E-16
    0.062675165159         0.59879821E-06     -0.29729838E+02     -0.15738354E-10     -0.11061145E-03     -0.58555388E-16
    0.078343956449         0.96370993E-06     -0.14552326E+02     -0.12198172E-10     -0.69710113E-04     -0.58432991E-16
    0.094012747738         0.14382921E-05     -0.78873149E+01     -0.97834992E-11     -0.46990717E-04     -0.58287725E-16
    0.109681539028         0.20403385E-05     -0.46095263E+01     -0.80641733E-11     -0.33392392E-04     -0.58418592E-16
    0.125350330318         0.27914188E-05     -0.27963387E+01     -0.67329016E-11     -0.24250006E-04     -0.58388099E-16
    0.141019121608         0.37170958E-05     -0.17535333E+01     -0.56899484E-11     -0.17999578E-04     -0.58405886E-16
    0.156687912897         0.48471369E-05     -0.11029865E+01     -0.48460271E-11     -0.13287477E-04     -0.58379205E-16
    0.172356704187         0.62157066E-05     -0.69553986E+00     -0.41567246E-11     -0.97680279E-05     -0.58376240E-16
    0.188025495477         0.78615235E-05     -0.42270836E+00     -0.35792108E-11     -0.68826131E-05     -0.58277349E-16
    0.203694286766         0.98279679E-05     -0.24286806E+00     -0.31098545E-11     -0.45632874E-05     -0.58431562E-16
    0.219363078056         0.12163124E-04     -0.11572263E+00     -0.27040864E-11     -0.24987481E-05     -0.58388152E-16
    0.235031869346         0.14919746E-04     -0.29236481E-01     -0.23618978E-11     -0.72274040E-06     -0.58387291E-16
    0.250700660636         0.18155126E-04      0.32386521E-01     -0.20670824E-11      0.91333615E-06     -0.58294038E-16
    0.266369451925         0.21930868E-04      0.76908625E-01     -0.18203064E-11      0.24658633E-05     -0.58363111E-16
    0.282038243215         0.26312540E-04      0.11073391E+00     -0.16089629E-11      0.40230734E-05     -0.58455226E-16
    0.297707034505         0.31369216E-04      0.13526591E+00     -0.14218145E-11      0.55504151E-05     -0.58341829E-16
    0.313375825794         0.37172887E-04      0.15603474E+00     -0.12622036E-11      0.72078318E-05     -0.58305936E-16
    0.329044617084         0.43797752E-04      0.17256190E+00     -0.11284536E-11      0.89446734E-05     -0.58492919E-16
    0.344713408374         0.51319380E-04      0.18845249E+00     -0.10089072E-11      0.10925659E-04     -0.58492072E-16
    0.360382199664         0.59813762E-04      0.20352036E+00     -0.90419217E-12      0.13154314E-04     -0.58441462E-16
    0.376050990953         0.69356242E-04      0.22032674E+00     -0.81299556E-12      0.15824448E-04     -0.58391487E-16
    0.391719782243         0.80020356E-04      0.23951884E+00     -0.73295063E-12      0.19054046E-04     -0.58307207E-16
    0.407388573533         0.91876582E-04      0.26343698E+00     -0.66285998E-12      0.23136372E-04     -0.58215727E-16
    0.423057364823         0.10499102E-03      0.29532698E+00     -0.60190764E-12      0.28541616E-04     -0.58170835E-16
    0.438726156112         0.11942403E-03      0.33924776E+00     -0.54799558E-12      0.35961493E-04     -0.58089520E-16
    0.454394947402         0.13522882E-03      0.40645846E+00     -0.50544262E-12      0.47105810E-04     -0.58577411E-16
    0.470063738692         0.15245008E-03      0.51686814E+00     -0.46243823E-12      0.65278956E-04     -0.58404616E-16
    0.485732529981         0.17112256E-03      0.73907553E+00     -0.42482164E-12      0.10139614E-03     -0.58282643E-16
    0.501401321271         0.19126977E-03      0.14541158E+01     -0.38717942E-12      0.21601425E-03     -0.57516925E-16
    0.517070112561         0.21290272E-03      0.39013509E+01     -0.34231111E-12      0.62556052E-03     -0.54887735E-16
    0.532738903851         0.23601874E-03      0.85209887E+01     -0.26990990E-12      0.14700923E-02     -0.46566483E-16
    0.548407695140         0.26060048E-03      0.12243780E+02     -0.19041424E-12      0.22657381E-02     -0.35236571E-16
    0.564076486430         0.28661498E-03      0.12429678E+02     -0.31396517E-12      0.24594801E-02     -0.62124784E-16
    0.579745277720         0.31401300E-03      0.11123389E+02     -0.26883079E-12      0.23462273E-02     -0.56703774E-16
    0.595414069010         0.34272850E-03      0.10284636E+02     -0.22877984E-12      0.23053804E-02     -0.51282763E-16
    0.611082860299         0.37267830E-03      0.95020500E+01     -0.19538783E-12      0.22567001E-02     -0.46403853E-16
    0.626751651589         0.40376202E-03      0.88062781E+01     -0.16509013E-12      0.22092503E-02     -0.41416523E-16
    0.642420442879         0.43586227E-03      0.82246681E+01     -0.25647074E-12      0.21730556E-02     -0.67762636E-16
    0.658089234168         0.46884496E-03      0.76206764E+01     -0.33334373E-12      0.21142704E-02     -0.92482445E-16
    0.673758025458         0.50256007E-03      0.71239007E+01     -0.19782427E-12      0.20693046E-02     -0.57462715E-16
    0.689426816748         0.53684244E-03      0.66622116E+01     -0.26851528E-12      0.20202245E-02     -0.81423583E-16
    0.705095608038         0.57151298E-03      0.62584800E+01     -0.15388194E-12      0.19754657E-02     -0.48572257E-16
    0.720764399327         0.60638000E-03      0.58740632E+01     -0.21775197E-12      0.19244769E-02     -0.71340503E-16
    0.736433190617         0.64124085E-03      0.55100268E+01     -0.11830460E-12      0.18683751E-02     -0.40115480E-16
    0.752101981907         0.67588367E-03      0.51982352E+01     -0.17782974E-12      0.18191717E-02     -0.62233205E-16
    0.767770773197         0.71008941E-03      0.48826920E+01     -0.23118917E-12      0.17585849E-02     -0.83266727E-16
    0.783439564486         0.74363396E-03      0.46214291E+01     -0.14665741E-12      0.17082544E-02     -0.54210109E-16
    0.799108355776         0.77629037E-03      0.43533522E+01     -0.19574465E-12      0.16468911E-02     -0.74051008E-16
    0.814777147066         0.80783131E-03      0.41143300E+01     -0.12158886E-12      0.15885596E-02     -0.46945954E-16
    0.830445938355         0.83803142E-03      0.38925160E+01     -0.16746632E-12      0.15296845E-02     -0.65811072E-16
    0.846114729645         0.86666980E-03      0.36546201E+01     -0.10328730E-12      0.14577706E-02     -0.41199683E-16
    0.861783520935         0.89353253E-03      0.34682041E+01     -0.14526896E-12      0.14003590E-02     -0.58655338E-16
    0.877452312225         0.91841499E-03      0.32487126E+01     -0.89906064E-13      0.13241869E-02     -0.36646033E-16
    0.893121103514         0.94112435E-03      0.30855078E+01     -0.12840660E-12      0.12661520E-02     -0.52692226E-16
    0.908789894804         0.96148168E-03      0.29191225E+01     -0.16315557E-12      0.12026864E-02     -0.67220535E-16
    0.924458686094         0.97932419E-03      0.27879234E+01     -0.19513951E-12      0.11501179E-02     -0.80502011E-16
    0.940127477383         0.99450704E-03      0.27879219E+01     -0.14896459E-12      0.11484822E-02     -0.61365843E-16
    0.955796268673         0.10069052E-02      0.26709999E+01     -0.18103188E-12      0.10957706E-02     -0.74267849E-16
    0.971465059963         0.10164148E-02      0.28215025E+01     -0.13783950E-12      0.11496001E-02     -0.56161673E-16
    0.987133851253         0.10229546E-02      0.37553401E+01     -0.18215333E-12      0.15154867E-02     -0.73508907E-16
    1.002802642542         0.10264668E-02      0.44077167E+01     -0.11695714E-12      0.17569754E-02     -0.46620693E-16
    1.018471433832         0.10269179E-02      0.38361002E+01     -0.16926272E-12      0.15062580E-02     -0.66461593E-16
    1.034140225122         0.10242989E-02      0.41442394E+01     -0.10484537E-12      0.15985075E-02     -0.40440741E-16
    1.049809016412         0.10186257E-02      0.54925168E+01     -0.15810113E-12      0.20753832E-02     -0.59739540E-16
    1.065477807701         0.10099388E-02      0.49596335E+01     -0.79011329E-13      0.18307236E-02     -0.29165038E-16
    1.081146598991         0.99830259E-03      0.36335324E+01     -0.14804427E-12      0.13065595E-02     -0.53234327E-16
    1.096815390281         0.98380508E-03      0.34270310E+01     -0.96532287E-13      0.11970605E-02     -0.33718688E-16
    1.112484181570         0.96655645E-03      0.35014906E+01     -0.24161600E-12      0.11847014E-02     -0.81748844E-16
    1.128152972860         0.94668795E-03      0.31441031E+01     -0.18845046E-12      0.10274441E-02     -0.61582683E-16
    1.143821764150         0.92435030E-03      0.24027790E+01     -0.22169610E-12      0.75616157E-03     -0.69768410E-16
    1.159490555440         0.89971194E-03      0.19251106E+01     -0.18998417E-12      0.58172068E-03     -0.57408505E-16
    1.175159346729         0.87295710E-03      0.17292903E+01     -0.22037834E-12      0.50024941E-03     -0.63751088E-16
    1.190828138019         0.84428371E-03      0.15865547E+01     -0.20144931E-12      0.43804316E-03     -0.55619571E-16
    1.206496929309         0.81390112E-03      0.15190859E+01     -0.23142570E-12      0.39907113E-03     -0.60796637E-16
    1.222165720599         0.78202780E-03      0.14293520E+01     -0.21820594E-12      0.35616713E-03     -0.54372739E-16
    1.237834511888         0.74888895E-03      0.13811124E+01     -0.24942052E-12      0.32539164E-03     -0.58763758E-16
    1.253503303178         0.71471404E-03      0.13135212E+01     -0.24207148E-12      0.29165300E-03     -0.53749323E-16
    1.269172094468         0.67973438E-03      0.12702900E+01     -0.27538480E-12      0.26493793E-03     -0.57435610E-16
    1.284840885757         0.64418076E-03      0.12366631E+01     -0.30853974E-12      0.24145286E-03     -0.60240983E-16
    1.300509677047         0.60828110E-03      0.12376259E+01     -0.27537600E-12      0.22542530E-03     -0.50157903E-16
    1.316178468337         0.57225820E-03      0.12840528E+01     -0.38516438E-12      0.21741157E-03     -0.65214761E-16
    1.331847259627         0.53632766E-03      0.12543254E+01     -0.35640240E-12      0.19670189E-03     -0.55890622E-16
    1.347516050916         0.50069593E-03      0.12009506E+01     -0.40114899E-12      0.17377520E-03     -0.58045474E-16
    1.363184842206         0.46555846E-03      0.11628822E+01     -0.45244025E-12      0.15465991E-03     -0.60173221E-16
    1.378853633496         0.43109819E-03      0.11378877E+01     -0.50435203E-12      0.13854153E-03     -0.61406501E-16
    1.394522424785         0.39748406E-03      0.10995473E+01     -0.50102335E-12      0.12204801E-03     -0.55612795E-16
    1.410191216075         0.36486994E-03      0.10692808E+01     -0.56713934E-12      0.10773936E-03     -0.57144231E-16
    1.425860007365         0.33339358E-03      0.10376031E+01     -0.64343196E-12      0.94478752E-04     -0.58587575E-16
    1.441528798655         0.30317599E-03      0.10100755E+01     -0.72460481E-12      0.82727111E-04     -0.59346516E-16
    1.457197589944         0.27432087E-03      0.98859748E+00     -0.76617765E-12      0.72474037E-04     -0.56168449E-16
    1.472866381234         0.24691444E-03      0.96443351E+00     -0.87376274E-12      0.62961923E-04     -0.57042587E-16
    1.488535172524         0.22102537E-03      0.95355507E+00     -0.10043634E-11      0.55138042E-04     -0.58075967E-16
    1.504203963814         0.19670494E-03      0.92199313E+00     -0.11499354E-11      0.46952506E-04     -0.58560470E-16
    1.519872755103         0.17398754E-03      0.90232492E+00     -0.13260124E-11      0.40225033E-04     -0.59112735E-16
    1.535541546393         0.15289114E-03      0.89648688E+00     -0.15261965E-11      0.34760597E-04     -0.59177110E-16
    1.551210337683         0.13341812E-03      0.89730825E+00     -0.17301801E-11      0.30054419E-04     -0.57950606E-16
    1.566879128972         0.11555618E-03      0.89195753E+00     -0.20196858E-11      0.25616773E-04     -0.58004816E-16
    1.582547920262         0.99279379E-04      0.88654761E+00     -0.23997001E-11      0.21658421E-04     -0.58624844E-16
    1.598216711552         0.84549284E-04      0.89367826E+00     -0.28422186E-11      0.18411027E-04     -0.58553694E-16
    1.613885502842         0.71316268E-04      0.90713776E+00     -0.33765511E-11      0.15610315E-04     -0.58104766E-16
    1.629554294131         0.59520806E-04      0.93113162E+00     -0.40755647E-11      0.13244440E-04     -0.57970935E-16
    1.645223085421         0.49094860E-04      0.95386137E+00     -0.50807079E-11      0.11084575E-04     -0.59041585E-16
    1.660891876711         0.39963277E-04      0.99157358E+00     -0.62225349E-11      0.92911019E-05     -0.58305513E-16
    1.676560668001         0.32045186E-04      0.10606997E+01     -0.78826665E-11      0.78951164E-05     -0.58673125E-16
    1.692229459290         0.25255389E-04      0.11804527E+01     -0.10000192E-10      0.68606606E-05     -0.58120013E-16
    1.707898250580         0.19505702E-04      0.13762398E+01     -0.13127348E-10      0.61209137E-05     -0.58384711E-16
    1.723567041870         0.14706259E-04      0.16981451E+01     -0.17528420E-10      0.56424973E-05     -0.58242409E-16
    1.739235833159         0.10766728E-04      0.20899234E+01     -0.24309554E-10      0.50382323E-05     -0.58603669E-16
    1.754904624449         0.75974609E-05      0.26121585E+01     -0.34512661E-10      0.44038958E-05     -0.58185658E-16
    1.770573415739         0.51105376E-05      0.38445892E+01     -0.51981062E-10      0.43214067E-05     -0.58427909E-16
    1.786242207029         0.32207113E-05      0.72287433E+01     -0.82883350E-10      0.50757099E-05     -0.58197093E-16
    1.801910998318         0.18462405E-05      0.13843637E+02     -0.14633561E-09      0.55236695E-05     -0.58388522E-16
    1.817579789608         0.90960567E-06      0.28496737E+02     -0.29897652E-09      0.55536352E-05     -0.58266549E-16
    1.833248580898         0.33810652E-06      0.79231908E+02     -0.81277799E-09      0.56905579E-05     -0.58374970E-16
    1.848917372188         0.64339203E-07      0.36253351E+03     -0.43128930E-08      0.49127976E-05     -0.58445273E-16
    1.864586163477         0.26555417E-07      0.67186233E+03     -0.10539593E-07      0.37262630E-05     -0.58454379E-16
    1.880254954767         0.16890604E-06      0.93453829E+02     -0.16599855E-08      0.32692496E-05     -0.58070461E-16
    1.895923746057         0.44157435E-06      0.39100960E+02     -0.64202931E-09      0.35464426E-05     -0.58231821E-16
    1.911592537346         0.80080525E-06      0.24251603E+02     -0.35760067E-09      0.39563488E-05     -0.58338124E-16
    1.927261328636         0.12088382E-05      0.16954846E+02     -0.23935758E-09      0.41413693E-05     -0.58465179E-16
    1.942930119926         0.16337524E-05      0.14456299E+02     -0.17794665E-09      0.47337870E-05     -0.58269514E-16
    1.958598911216         0.20492345E-05      0.18734478E+02     -0.14252977E-09      0.76332641E-05     -0.58073002E-16
    1.974267702505         0.24342788E-05      0.22401627E+02     -0.12152437E-09      0.10756386E-04     -0.58351253E-16
    1.989936493795         0.27728299E-05      0.19131870E+02     -0.10724000E-09      0.10381593E-04     -0.58192011E-16
    2.005605285085         0.30533807E-05      0.24460112E+02     -0.97629062E-10      0.14501618E-04     -0.57881149E-16
    2.021274076374         0.32685344E-05      0.35709894E+02     -0.94949589E-10      0.22487385E-04     -0.59792056E-16
    2.036942867664         0.34145432E-05      0.29479200E+02     -0.89559474E-10      0.19243852E-04     -0.58463908E-16
    2.052611658954         0.34908325E-05      0.15030444E+02     -0.88668728E-10      0.99544339E-05     -0.58723947E-16
    2.068280450244         0.34995213E-05      0.99089821E+01     -0.87980286E-10      0.65290622E-05     -0.57970511E-16
    2.083949241533         0.34449477E-05      0.86988158E+01     -0.91514917E-10      0.55998729E-05     -0.58912836E-16
    2.099618032823         0.33332073E-05      0.63441782E+01     -0.94253698E-10      0.39221116E-05     -0.58269726E-16
    2.115286824113         0.31717129E-05      0.43625623E+01     -0.10025078E-09      0.25473510E-05     -0.58537600E-16
    2.130955615403         0.29687805E-05      0.42607077E+01     -0.10690699E-09      0.23115749E-05     -0.58000581E-16
    2.146624406692         0.27332479E-05      0.52841566E+01     -0.11772667E-09      0.26201200E-05     -0.58374123E-16
    2.162293197982         0.24741303E-05      0.60534993E+01     -0.13061400E-09      0.26973483E-05     -0.58199634E-16
    2.177961989272         0.22003150E-05      0.64481507E+01     -0.14900831E-09      0.25368354E-05     -0.58622939E-16
    2.193630780561         0.19202988E-05      0.56924633E+01     -0.17057376E-09      0.19405645E-05     -0.58148706E-16
    2.209299571851         0.16419681E-05      0.48478040E+01     -0.20156498E-09      0.14030647E-05     -0.58337488E-16
    2.224968363141         0.13724219E-05      0.52145145E+01     -0.24261882E-09      0.12525648E-05     -0.58278831E-16
    2.240637154431         0.11178387E-05      0.62351009E+01     -0.30113904E-09      0.12113612E-05     -0.58505572E-16
    2.256305945720         0.88338316E-06      0.74341717E+01     -0.38192042E-09      0.11334602E-05     -0.58229968E-16
    2.271974737010         0.67315203E-06      0.90748986E+01     -0.50666928E-09      0.10470658E-05     -0.58459726E-16
    2.287643528300         0.49015641E-06      0.11780546E+02     -0.69824431E-09      0.98295653E-06     -0.58260779E-16
    2.303312319590         0.33633627E-06      0.16352099E+02     -0.10263098E-08      0.92985862E-06     -0.58360888E-16
    2.318981110879         0.21260395E-06      0.25027966E+02     -0.16328590E-08      0.89355692E-06     -0.58296884E-16
    2.334649902169         0.11891249E-06      0.43164466E+02     -0.29526290E-08      0.85615941E-06     -0.58564864E-16
    2.350318693459         0.54344589E-07      0.91219168E+02     -0.64766169E-08      0.82136881E-06     -0.58317689E-16
    2.365987484748         0.17217742E-07      0.28225745E+03     -0.20606665E-07      0.79989266E-06     -0.58397469E-16
    2.381656276038         0.52014142E-08      0.91596745E+03     -0.68494507E-07      0.77901342E-06     -0.58253315E-16
    2.397325067328         0.15441942E-07      0.30346457E+03     -0.23320571E-07      0.76121182E-06     -0.58497419E-16
    2.412993858618         0.44691214E-07      0.10323686E+03     -0.80733343E-08      0.74460040E-06     -0.58229280E-16
    2.428662649907         0.89435371E-07      0.50528182E+02     -0.40796872E-08      0.72460000E-06     -0.58504804E-16
    2.444331441197         0.14602010E-06      0.30419060E+02     -0.25019905E-08      0.70765387E-06     -0.58205060E-16
    2.460000232487         0.21076949E-06      0.20740333E+02     -0.17623760E-08      0.69200759E-06     -0.58802218E-16
    2.475669023776         0.28009581E-06      0.15349971E+02     -0.13247093E-08      0.67630740E-06     -0.58365626E-16
    2.491337815066         0.35059800E-06      0.12086446E+02     -0.10701486E-08      0.66236589E-06     -0.58646682E-16
    2.507006606356         0.41914720E-06      0.99594913E+01     -0.89623860E-09      0.64844148E-06     -0.58352206E-16
    2.522675397646         0.48295791E-06      0.85360032E+01     -0.78481953E-09      0.63639246E-06     -0.58511368E-16
    2.538344188935         0.53964414E-06      0.75161674E+01     -0.70127103E-09      0.62226582E-06     -0.58058444E-16
    2.554012980225         0.58726002E-06      0.68087894E+01     -0.65286732E-09      0.60967695E-06     -0.58459461E-16
    2.569681771515         0.62432498E-06      0.63059371E+01     -0.61465806E-09      0.59662788E-06     -0.58155059E-16
    2.585350562805         0.64983392E-06      0.59623942E+01     -0.59818520E-09      0.58361462E-06     -0.58551920E-16
    2.601019354094         0.66325308E-06      0.57825089E+01     -0.58374306E-09      0.57421501E-06     -0.57966885E-16
    2.616688145384         0.66450285E-06      0.57261960E+01     -0.59143788E-09      0.56628314E-06     -0.58489319E-16
    2.632356936674         0.65392868E-06      0.57156876E+01     -0.60120179E-09      0.55293825E-06     -0.58160538E-16
    2.648025727963         0.63226170E-06      0.58255297E+01     -0.63002200E-09      0.54166732E-06     -0.58580481E-16
    2.663694519253         0.60057089E-06      0.60477770E+01     -0.66251117E-09      0.53100447E-06     -0.58169538E-16
    2.679363310543         0.56020843E-06      0.63765411E+01     -0.71873749E-09      0.51918931E-06     -0.58520884E-16
    2.695032101833         0.51275022E-06      0.68620099E+01     -0.78488449E-09      0.50841200E-06     -0.58152743E-16
    2.710700893122         0.45993346E-06      0.75554697E+01     -0.88714992E-09      0.49922626E-06     -0.58618267E-16
    2.726369684412         0.40359321E-06      0.84935898E+01     -0.10071304E-08      0.48963554E-06     -0.58058709E-16
    2.742038475702         0.34559947E-06      0.98191231E+01     -0.11904314E-08      0.48194199E-06     -0.58428730E-16
    2.757707266992         0.28779681E-06      0.11668401E+02     -0.14298734E-08      0.47421109E-06     -0.58110947E-16
    2.773376058281         0.23194778E-06      0.14344702E+02     -0.17989467E-08      0.46719215E-06     -0.58589838E-16
    2.789044849571         0.17968156E-06      0.18330674E+02     -0.23080252E-08      0.45988471E-06     -0.57904337E-16
    2.804713640861         0.13244896E-06      0.24645638E+02     -0.31810920E-08      0.45323417E-06     -0.58500397E-16
    2.820382432150         0.91484802E-07      0.35369243E+02     -0.46132857E-08      0.44677540E-06     -0.58273868E-16
    2.836051223440         0.57778161E-07      0.55582401E+02     -0.73780820E-08      0.44097046E-06     -0.58535006E-16
    2.851720014730         0.32051177E-07      0.99346878E+02     -0.13297588E-07      0.43482436E-06     -0.58201275E-16
    2.867388806020         0.14746484E-07      0.21381542E+03     -0.29269598E-07      0.42821657E-06     -0.58619378E-16
    2.883057597309         0.60233518E-08      0.51834548E+03     -0.71462585E-07      0.42172250E-06     -0.58141493E-16
    2.898726388599         0.57622694E-08      0.53721298E+03     -0.75759058E-07      0.41586788E-06     -0.58646682E-16
    2.914395179889         0.13577569E-07      0.22567179E+03     -0.32087776E-07      0.40942409E-06     -0.58215112E-16
    2.930063971179         0.28837454E-07      0.10565537E+03     -0.15282706E-07      0.40494303E-06     -0.58573691E-16
    2.945732762468         0.50690651E-07      0.59549018E+02     -0.86382319E-08      0.39905401E-06     -0.57887118E-16
    2.961401553758         0.78098762E-07      0.38425252E+02     -0.56855001E-08      0.39462639E-06     -0.58389945E-16
    2.977070345048         0.10987325E-06      0.27085494E+02     -0.40311808E-08      0.38928009E-06     -0.57937226E-16
    2.992739136337         0.14471595E-06      0.20436025E+02     -0.31104586E-08      0.38482788E-06     -0.58572603E-16
    3.008407927627         0.18126190E-06      0.16174640E+02     -0.24752398E-08      0.37951327E-06     -0.58077727E-16
    3.024076718917         0.21812319E-06      0.13323238E+02     -0.20873545E-08      0.37423238E-06     -0.58631068E-16
    3.039745510207         0.25393284E-06      0.11338811E+02     -0.17888316E-08      0.36886862E-06     -0.58193387E-16
    3.055414301496         0.28738711E-06      0.99517328E+01     -0.15929978E-08      0.36451754E-06     -0.58349198E-16
    3.071083092786         0.31728554E-06      0.89459902E+01     -0.14531343E-08      0.35992306E-06     -0.58463794E-16
    3.086751884076         0.34256730E-06      0.82210254E+01     -0.13568988E-08      0.35529797E-06     -0.58642733E-16
    3.102420675365         0.36234315E-06      0.77107750E+01     -0.12771489E-08      0.35070337E-06     -0.58087600E-16
    3.118089466655         0.37592193E-06      0.73904828E+01     -0.12471007E-08      0.34698000E-06     -0.58550846E-16
    3.133758257945         0.38283121E-06      0.72000104E+01     -0.12257282E-08      0.34252913E-06     -0.58312084E-16
    3.149427049235         0.38283121E-06      0.71518234E+01     -0.12364946E-08      0.33854399E-06     -0.58531622E-16
    3.165095840524         0.37592193E-06      0.72174798E+01     -0.12580465E-08      0.33382505E-06     -0.58187545E-16
    3.180764631814         0.36234315E-06      0.74506968E+01     -0.13168237E-08      0.33052777E-06     -0.58416927E-16
    3.196433423104         0.34256730E-06      0.78246934E+01     -0.13947599E-08      0.32656536E-06     -0.58210620E-16
    3.212102214394         0.31728554E-06      0.84202904E+01     -0.15185655E-08      0.32389969E-06     -0.58414008E-16
    3.227771005683         0.28738711E-06      0.92386948E+01     -0.16821886E-08      0.32033009E-06     -0.58325946E-16
    3.243439796973         0.25393284E-06      0.10416973E+02     -0.19263378E-08      0.31759752E-06     -0.58731084E-16
    3.259108588263         0.21812319E-06      0.12052108E+02     -0.22300431E-08      0.31411494E-06     -0.58121770E-16
    3.274777379552         0.18126190E-06      0.14444815E+02     -0.27166494E-08      0.31135745E-06     -0.58557277E-16
    3.290446170842         0.14471595E-06      0.17992716E+02     -0.33941625E-08      0.30816329E-06     -0.58132205E-16
    3.306114962132         0.10987325E-06      0.23629993E+02     -0.45301792E-08      0.30581598E-06     -0.58628927E-16
    3.321783753422         0.78098762E-07      0.33068530E+02     -0.63371094E-08      0.30276818E-06     -0.58021178E-16
    3.337452544711         0.50690651E-07      0.50776484E+02     -0.98632742E-08      0.30032946E-06     -0.58338656E-16
    3.353121336001         0.28837454E-07      0.88823875E+02     -0.17427037E-07      0.29748146E-06     -0.58365169E-16
    3.368790127291         0.13577569E-07      0.18821749E+03     -0.37328371E-07      0.29541366E-06     -0.58588131E-16
    3.384458918581         0.57622694E-08      0.44148139E+03     -0.87619617E-07      0.29271115E-06     -0.58093589E-16
    3.400127709870         0.60233518E-08      0.42141716E+03     -0.84605000E-07      0.29072191E-06     -0.58366221E-16
    3.415796501160         0.14746484E-07      0.17135586E+03     -0.34560439E-07      0.28808326E-06     -0.58102966E-16
    3.431465292450         0.32051177E-07      0.78712597E+02     -0.16108986E-07      0.28630646E-06     -0.58594265E-16
    3.447134083739         0.57778161E-07      0.43474663E+02     -0.89705333E-08      0.28376858E-06     -0.58552622E-16
    3.462802875029         0.91484802E-07      0.27435591E+02     -0.56732090E-08      0.28226566E-06     -0.58367690E-16
    3.478471666319         0.13244896E-06      0.18869470E+02     -0.39346806E-08      0.27979653E-06     -0.58343451E-16
    3.494140457609         0.17968156E-06      0.13906446E+02     -0.29287514E-08      0.27848503E-06     -0.58650024E-16
    3.509809248898         0.23194778E-06      0.10735970E+02     -0.22636936E-08      0.27629341E-06     -0.58256835E-16
    3.525478040188         0.28779681E-06      0.86505008E+01     -0.18327744E-08      0.27499940E-06     -0.58263896E-16
    3.541146831478         0.34559947E-06      0.71834205E+01     -0.15314329E-08      0.27301277E-06     -0.58203571E-16
    3.556815622767         0.40359321E-06      0.61507338E+01     -0.13240371E-08      0.27178906E-06     -0.58506644E-16
    3.572484414057         0.45993346E-06      0.53837179E+01     -0.11615381E-08      0.26991654E-06     -0.58234541E-16
    3.588153205347         0.51275022E-06      0.48305496E+01     -0.10470249E-08      0.26881529E-06     -0.58265894E-16
    3.603821996637         0.56020843E-06      0.44100519E+01     -0.95672736E-09      0.26696391E-06     -0.57915798E-16
    3.619490787926         0.60057089E-06      0.41172981E+01     -0.90873904E-09      0.26604289E-06     -0.58718984E-16
    3.635159579216         0.63226170E-06      0.39011045E+01     -0.85989997E-09      0.26423085E-06     -0.58243018E-16
    3.650828370506         0.65392868E-06      0.37767451E+01     -0.83605330E-09      0.26343846E-06     -0.58317041E-16
    3.666497161796         0.66450285E-06      0.37079921E+01     -0.82478432E-09      0.26170188E-06     -0.58211453E-16
    3.682165953085         0.66325308E-06      0.37211502E+01     -0.83195265E-09      0.26102112E-06     -0.58357553E-16
    3.697834744375         0.64983392E-06      0.37913286E+01     -0.85390048E-09      0.25945907E-06     -0.58436565E-16
    3.713503535665         0.62432498E-06      0.39531737E+01     -0.89239203E-09      0.25881850E-06     -0.58425858E-16
    3.729172326954         0.58726002E-06      0.41961734E+01     -0.94817318E-09      0.25733209E-06     -0.58147118E-16
    3.744841118244         0.53964414E-06      0.45764178E+01     -0.10412939E-08      0.25681612E-06     -0.58434580E-16
    3.760509909534         0.48295791E-06      0.51075834E+01     -0.11679249E-08      0.25544685E-06     -0.58411723E-16
    3.776178700824         0.41914720E-06      0.59000388E+01     -0.13513045E-08      0.25503010E-06     -0.58410346E-16
    3.791847492113         0.35059800E-06      0.70466072E+01     -0.16097237E-08      0.25372379E-06     -0.57960546E-16
    3.807516283403         0.28009581E-06      0.88466856E+01     -0.20407035E-08      0.25343581E-06     -0.58461142E-16
    3.823185074693         0.21076949E-06      0.11744374E+02     -0.27186590E-08      0.25213598E-06     -0.58365970E-16
    3.838853865983         0.14602010E-06      0.17010550E+02     -0.39529148E-08      0.25197181E-06     -0.58553257E-16
    3.854522657272         0.89435371E-07      0.27760241E+02     -0.64329963E-08      0.25083289E-06     -0.58126551E-16
    3.870191448562         0.44691214E-07      0.55765203E+02     -0.13020293E-07      0.25076998E-06     -0.58550822E-16
    3.885860239852         0.15441942E-07      0.16137328E+03     -0.37711677E-07      0.24972896E-06     -0.58359710E-16
    3.901529031141         0.52014142E-08      0.48099704E+03     -0.11258799E-06      0.24971897E-06     -0.58452248E-16
    3.917197822431         0.17217742E-07      0.14530303E+03     -0.33766345E-07      0.24871267E-06     -0.57797267E-16
    3.932866613721         0.54344589E-07      0.46241774E+02     -0.10864057E-07      0.24883079E-06     -0.58460388E-16
    3.948535405011         0.11891249E-06      0.21147345E+02     -0.49341666E-08      0.24801037E-06     -0.57866578E-16
    3.964204196300         0.21260395E-06      0.11885050E+02     -0.28021735E-08      0.24822119E-06     -0.58523849E-16
    3.979872987590         0.33633627E-06      0.75168774E+01     -0.17647837E-08      0.24737996E-06     -0.58078918E-16
    3.995541778880         0.49015641E-06      0.51841504E+01     -0.12240684E-08      0.24766187E-06     -0.58477289E-16
    4.011210570170         0.67315203E-06      0.37765400E+01     -0.89060716E-09      0.24680521E-06     -0.58203141E-16
    4.026879361459         0.88338316E-06      0.28932121E+01     -0.68315359E-09      0.24716292E-06     -0.58360822E-16
    4.042548152749         0.11178387E-05      0.22883718E+01     -0.54182098E-09      0.24641837E-06     -0.58344821E-16
    4.058216944039         0.13724219E-05      0.18746784E+01     -0.44248106E-09      0.24688897E-06     -0.58273299E-16
    4.073885735328         0.16419681E-05      0.15696361E+01     -0.37003870E-09      0.24636408E-06     -0.58079858E-16
    4.089554526618         0.19202988E-05      0.13507802E+01     -0.31896070E-09      0.24700176E-06     -0.58324704E-16
    4.105223317908         0.22003150E-05      0.11817838E+01     -0.27969855E-09      0.24666563E-06     -0.58379562E-16
    4.120892109198         0.24741303E-05      0.10579619E+01     -0.24930169E-09      0.24735682E-06     -0.58287990E-16
    4.136560900487         0.27332479E-05      0.95929296E+00     -0.22519253E-09      0.24683879E-06     -0.57945021E-16
    4.152229691777         0.29687805E-05      0.88908932E+00     -0.21014641E-09      0.24755098E-06     -0.58511501E-16
    4.167898483067         0.31717129E-05      0.83406083E+00     -0.19718344E-09      0.24717071E-06     -0.58434553E-16
    4.183567274356         0.33332073E-05      0.79920371E+00     -0.18764930E-09      0.24796798E-06     -0.58221723E-16
    4.199236065646         0.34449477E-05      0.77468654E+00     -0.18153306E-09      0.24749185E-06     -0.57995009E-16
    4.214904856936         0.34995213E-05      0.76854102E+00     -0.18136991E-09      0.24849089E-06     -0.58641984E-16
    4.230573648226         0.34908325E-05      0.77088069E+00     -0.18105302E-09      0.24770767E-06     -0.58177902E-16
    4.246242439515         0.34145432E-05      0.79295099E+00     -0.18600283E-09      0.24831143E-06     -0.58246512E-16
    4.261911230805         0.32685344E-05      0.82894419E+00     -0.19462889E-09      0.24756913E-06     -0.58127080E-16
    4.277580022095         0.30533807E-05      0.89497446E+00     -0.21050004E-09      0.24878030E-06     -0.58513698E-16
    4.293248813385         0.27728299E-05      0.98777879E+00     -0.23151248E-09      0.24843879E-06     -0.58228301E-16
    4.308917604674         0.24342788E-05      0.11341090E+01     -0.26470404E-09      0.24950512E-06     -0.58235156E-16
    4.324586395964         0.20492345E-05      0.13530640E+01     -0.31495726E-09      0.24968242E-06     -0.58119417E-16
    4.340255187254         0.16337524E-05      0.17115184E+01     -0.39952226E-09      0.25088522E-06     -0.58564506E-16
    4.355923978543         0.12088382E-05      0.23213122E+01     -0.53794809E-09      0.25086725E-06     -0.58136755E-16
    4.371592769833         0.80080525E-06      0.35364745E+01     -0.81552992E-09      0.25227853E-06     -0.58176777E-16
    4.387261561123         0.44157435E-06      0.64436434E+01     -0.14794449E-08      0.25255987E-06     -0.57987134E-16
    4.402930352413         0.16890604E-06      0.17009051E+02     -0.39132408E-08      0.25410078E-06     -0.58460493E-16
    4.418599143702         0.26555417E-07      0.10866334E+03     -0.24903569E-07      0.25431625E-06     -0.58284443E-16
    4.434267934992         0.64339203E-07      0.45291164E+02     -0.10338391E-07      0.25591148E-06     -0.58415654E-16
    4.449936726282         0.33810652E-06      0.86414514E+01     -0.19661857E-08      0.25568718E-06     -0.58176393E-16
    4.465605517572         0.90960567E-06      0.32407677E+01     -0.73785766E-09      0.25706518E-06     -0.58528574E-16
    4.481274308861         0.18462405E-05      0.16013993E+01     -0.36314051E-09      0.25692651E-06     -0.58261811E-16
    4.496943100151         0.32207113E-05      0.92660315E+00     -0.20919005E-09      0.25843464E-06     -0.58344238E-16
    4.512611891441         0.51105376E-05      0.58620626E+00     -0.13189518E-09      0.25853039E-06     -0.58168797E-16
    4.528280682730         0.75974609E-05      0.39816622E+00     -0.89258934E-10      0.26014896E-06     -0.58318907E-16
    4.543949474020         0.10766728E-04      0.28165939E+00     -0.63075700E-10      0.25989446E-06     -0.58201593E-16
    4.559618265310         0.14706259E-04      0.20819536E+00     -0.46511941E-10      0.26149736E-06     -0.58419889E-16
    4.575287056600         0.19505702E-04      0.15754140E+00     -0.35147947E-10      0.26155347E-06     -0.58353344E-16
    4.590955847889         0.25255389E-04      0.12293165E+00     -0.27269292E-10      0.26335234E-06     -0.58418089E-16
    4.606624639179         0.32045186E-04      0.97213436E-01     -0.21441858E-10      0.26334726E-06     -0.58085126E-16
    4.622293430469         0.39963277E-04      0.78760897E-01     -0.17343298E-10      0.26517756E-06     -0.58392598E-16
    4.637962221758         0.49094860E-04      0.64331474E-01     -0.14140651E-10      0.26518861E-06     -0.58290902E-16
    4.653631013048         0.59520806E-04      0.53623385E-01     -0.11762920E-10      0.26708754E-06     -0.58588793E-16
    4.669299804338         0.71316268E-04      0.44887341E-01     -0.97913691E-11      0.26698279E-06     -0.58237512E-16
    4.684968595628         0.84549284E-04      0.38262953E-01     -0.83054517E-11      0.26890834E-06     -0.58369914E-16
    4.700637386917         0.99279379E-04      0.32697153E-01     -0.70684383E-11      0.26892723E-06     -0.58136424E-16
    4.716306178207         0.11555618E-03      0.28398332E-01     -0.61381698E-11      0.27096087E-06     -0.58566955E-16
    4.731974969497         0.13341812E-03      0.24669744E-01     -0.53071199E-11      0.27086917E-06     -0.58271182E-16
    4.747643760787         0.15289114E-03      0.21771812E-01     -0.46421538E-11      0.27303688E-06     -0.58216522E-16
    4.763312552076         0.17398754E-03      0.19214305E-01     -0.40931205E-11      0.27331049E-06     -0.58221868E-16
    4.778981343366         0.19670494E-03      0.17188462E-01     -0.36497813E-11      0.27551135E-06     -0.58501813E-16
    4.794650134656         0.22102537E-03      0.15376084E-01     -0.32386123E-11      0.27602822E-06     -0.58138886E-16
    4.810318925945         0.24691444E-03      0.13927437E-01     -0.29177277E-11      0.27839816E-06     -0.58323009E-16
    4.825987717235         0.27432087E-03      0.12579249E-01     -0.26350239E-11      0.27845171E-06     -0.58328356E-16
    4.841656508525         0.30317599E-03      0.11511175E-01     -0.24012122E-11      0.28070040E-06     -0.58553641E-16
    4.857325299815         0.33339358E-03      0.10504122E-01     -0.21795927E-11      0.28076460E-06     -0.58258317E-16
    4.872994091104         0.36486994E-03      0.97041673E-02     -0.20071936E-11      0.28295868E-06     -0.58526694E-16
    4.888662882394         0.39748406E-03      0.89324502E-02     -0.18426123E-11      0.28282824E-06     -0.58342650E-16
    4.904331673684         0.43109819E-03      0.83318460E-02     -0.17039919E-11      0.28520697E-06     -0.58329256E-16
    4.920000464974         0.46555846E-03      0.77336527E-02     -0.15771303E-11      0.28498125E-06     -0.58116466E-16
    4.935669256263         0.50069593E-03      0.72733429E-02     -0.14757337E-11      0.28733241E-06     -0.58298657E-16
    4.951338047553         0.53632766E-03      0.68066906E-02     -0.13834471E-11      0.28712180E-06     -0.58356970E-16
    4.967006838843         0.57225820E-03      0.64497604E-02     -0.13020779E-11      0.28937659E-06     -0.58419359E-16
    4.982675630132         0.60828110E-03      0.60811281E-02     -0.12235900E-11      0.28910020E-06     -0.58170146E-16
    4.998344421422         0.64418076E-03      0.58034115E-02     -0.11593089E-11      0.29126445E-06     -0.58183964E-16
    5.014013212712         0.67973438E-03      0.55086224E-02     -0.11072274E-11      0.29081668E-06     -0.58453850E-16
    5.029682004002         0.71471404E-03      0.52952674E-02     -0.10560085E-11      0.29302335E-06     -0.58436168E-16
    5.045350795291         0.74888895E-03      0.50577264E-02     -0.10073303E-11      0.29235056E-06     -0.58226474E-16
    5.061019586581         0.78202780E-03      0.48942659E-02     -0.97136842E-12      0.29450609E-06     -0.58450832E-16
    5.076688377871         0.81390112E-03      0.47029329E-02     -0.93221789E-12      0.29361786E-06     -0.58201090E-16
    5.092357169161         0.84428371E-03      0.45813000E-02     -0.90718709E-12      0.29578819E-06     -0.58571852E-16
    5.108025960450         0.87295710E-03      0.44248641E-02     -0.87574025E-12      0.29448439E-06     -0.58282431E-16
    5.123694751740         0.89971194E-03      0.43367848E-02     -0.85390685E-12      0.29655868E-06     -0.58391990E-16
    5.139363543030         0.92435030E-03      0.42137649E-02     -0.82934367E-12      0.29513458E-06     -0.58087720E-16
    5.155032334319         0.94668795E-03      0.41514410E-02     -0.81746616E-12      0.29689089E-06     -0.58461208E-16
    5.170701125609         0.96655645E-03      0.40558682E-02     -0.80181749E-12      0.29524610E-06     -0.58368140E-16
    5.186369916899         0.98380508E-03      0.40166836E-02     -0.78971852E-12      0.29671242E-06     -0.58336509E-16
    5.202038708189         0.99830259E-03      0.39428773E-02     -0.77681038E-12      0.29466220E-06     -0.58053203E-16
    5.217707499478         0.10099388E-02      0.39248320E-02     -0.77863370E-12      0.29584139E-06     -0.58690939E-16
    5.233376290768         0.10186257E-02      0.38686698E-02     -0.76878012E-12      0.29323573E-06     -0.58271658E-16
    5.249045082058         0.10242989E-02      0.38675033E-02     -0.76995440E-12      0.29390005E-06     -0.58510521E-16
    5.264713873347         0.10269179E-02      0.38268826E-02     -0.76602112E-12      0.29068903E-06     -0.58186769E-16
    5.280382664637         0.10264668E-02      0.38442477E-02     -0.77370588E-12      0.29101370E-06     -0.58570370E-16
    5.296051455927         0.10229546E-02      0.38180479E-02     -0.77310037E-12      0.28718919E-06     -0.58151724E-16
    5.311720247217         0.10164148E-02      0.38603236E-02     -0.78268288E-12      0.28766170E-06     -0.58323579E-16
    5.327389038506         0.10069052E-02      0.38457757E-02     -0.78904419E-12      0.28306140E-06     -0.58076179E-16
    5.343057829796         0.99450704E-03      0.38986013E-02     -0.80638620E-12      0.28258516E-06     -0.58449879E-16
    5.358726621086         0.97932419E-03      0.38932013E-02     -0.81914220E-12      0.27707304E-06     -0.58297069E-16
    5.374395412376         0.96148168E-03      0.39577294E-02     -0.83889401E-12      0.27572747E-06     -0.58444148E-16
    5.390064203665         0.94112435E-03      0.39562516E-02     -0.85888369E-12      0.26900448E-06     -0.58399613E-16
    5.405732994955         0.91841499E-03      0.40322104E-02     -0.88483593E-12      0.26677805E-06     -0.58542285E-16
    5.421401786245         0.89353253E-03      0.40341871E-02     -0.90724554E-12      0.25892701E-06     -0.58229915E-16
    5.437070577534         0.86666980E-03      0.41130270E-02     -0.94146744E-12      0.25531292E-06     -0.58440853E-16
    5.452739368824         0.83803142E-03      0.41072997E-02     -0.97269651E-12      0.24582412E-06     -0.58216416E-16
    5.468408160114         0.80783131E-03      0.41874576E-02     -0.10161466E-11      0.24089774E-06     -0.58457291E-16
    5.484076951404         0.77629037E-03      0.41557206E-02     -0.10549746E-11      0.22908125E-06     -0.58154754E-16
    5.499745742693         0.74363396E-03      0.42255954E-02     -0.11079293E-11      0.22249848E-06     -0.58337952E-16
    5.515414533983         0.71008941E-03      0.41619347E-02     -0.11625285E-11      0.20866648E-06     -0.58285568E-16
    5.531083325273         0.67588367E-03      0.42023333E-02     -0.12299033E-11      0.19997458E-06     -0.58526866E-16
    5.546752116563         0.64124085E-03      0.40705488E-02     -0.12930174E-11      0.18325588E-06     -0.58211572E-16
    5.562420907852         0.60638000E-03      0.40515434E-02     -0.13738963E-11      0.17199826E-06     -0.58325372E-16
    5.578089699142         0.57151298E-03      0.38040226E-02     -0.14559676E-11      0.15177709E-06     -0.58091803E-16
    5.593758490432         0.53684244E-03      0.36760595E-02     -0.15624161E-11      0.13738781E-06     -0.58393214E-16
    5.609427281721         0.50256007E-03      0.32350117E-02     -0.16706785E-11      0.11286723E-06     -0.58288771E-16
    5.625096073011         0.46884496E-03      0.29080162E-02     -0.17894585E-11      0.94388411E-07     -0.58082257E-16
    5.640764864301         0.43586227E-03      0.21543484E-02     -0.19390361E-11      0.64826078E-07     -0.58347160E-16
    5.656433655591         0.40376202E-03      0.14845127E-02     -0.21085585E-11      0.41265701E-07     -0.58612599E-16
    5.672102446880         0.37267830E-03      0.19319859E-03     -0.22777845E-11      0.49432950E-08     -0.58280762E-16
    5.687771238170         0.34272850E-03     -0.10534004E-02     -0.24811964E-11     -0.24718614E-07     -0.58222625E-16
    5.703440029460         0.31401300E-03     -0.31779620E-02     -0.27159773E-11     -0.68136840E-07     -0.58231695E-16
    5.719108820749         0.28661498E-03     -0.54477900E-02     -0.29959179E-11     -0.10631962E-06     -0.58468636E-16
    5.734777612039         0.26060048E-03     -0.90707478E-02     -0.32878576E-11     -0.16051819E-06     -0.58182739E-16
    5.750446403329         0.23601874E-03     -0.13086657E-01     -0.36459091E-11     -0.20916846E-06     -0.58273796E-16
    5.766115194619         0.21290272E-03     -0.19245666E-01     -0.40454237E-11     -0.27672817E-06     -0.58168042E-16
    5.781783985908         0.19126977E-03     -0.26304742E-01     -0.45209381E-11     -0.33887620E-06     -0.58241906E-16
    5.797452777198         0.17112256E-03     -0.36863006E-01     -0.50651542E-11     -0.42372426E-06     -0.58221749E-16
    5.813121568488         0.15245008E-03     -0.49306497E-01     -0.57091895E-11     -0.50355271E-06     -0.58306267E-16
    5.828790359778         0.13522882E-03     -0.67626693E-01     -0.64635280E-11     -0.61098637E-06     -0.58395987E-16
    5.844459151067         0.11942403E-03     -0.89787065E-01     -0.73350349E-11     -0.71446952E-06     -0.58367637E-16
    5.860127942357         0.10499102E-03     -0.12203988E+00     -0.83380097E-11     -0.85147003E-06     -0.58174143E-16
    5.875796733647         0.91876582E-04     -0.16212029E+00     -0.95227746E-11     -0.98718369E-06     -0.57986129E-16
    5.891465524936         0.80020356E-04     -0.22018175E+00     -0.11019464E-10     -0.11646113E-05     -0.58285449E-16
    5.907134316226         0.69356242E-04     -0.29414831E+00     -0.12781307E-10     -0.13449236E-05     -0.58439503E-16
    5.922803107516         0.59813762E-04     -0.40141041E+00     -0.14842379E-10     -0.15786469E-05     -0.58371370E-16
    5.938471898806         0.51319380E-04     -0.54147241E+00     -0.17334283E-10     -0.18222400E-05     -0.58335794E-16
    5.954140690095         0.43797752E-04     -0.74575931E+00     -0.20353697E-10     -0.21362593E-05     -0.58304031E-16
    5.969809481385         0.37172887E-04     -0.10193490E+01     -0.24094385E-10     -0.24717883E-05     -0.58425739E-16
    5.985478272675         0.31369216E-04     -0.14228811E+01     -0.28565929E-10     -0.29039957E-05     -0.58300960E-16
    6.001147063965         0.26312540E-04     -0.19783609E+01     -0.34142450E-10     -0.33779762E-05     -0.58296937E-16
    6.016815855254         0.21930868E-04     -0.28113965E+01     -0.41021582E-10     -0.39905590E-05     -0.58226951E-16
    6.032484646544         0.18155126E-04     -0.39945159E+01     -0.49679942E-10     -0.46815509E-05     -0.58224621E-16
    6.048153437834         0.14919746E-04     -0.58110186E+01     -0.60359094E-10     -0.55823035E-05     -0.57983429E-16
    6.063822229123         0.12163124E-04     -0.84901985E+01     -0.74333698E-10     -0.66319170E-05     -0.58064003E-16
    6.079491020413         0.98279679E-05     -0.12741207E+02     -0.91647207E-10     -0.80210202E-05     -0.57695014E-16
    6.095159811703         0.78615235E-05     -0.19322782E+02     -0.11903628E-09     -0.97054082E-05     -0.59789303E-16
    6.110828602993         0.62157066E-05     -0.30272031E+02     -0.14450987E-09     -0.11990975E-04     -0.57241428E-16
    6.126497394282         0.48471369E-05     -0.48372030E+02     -0.18450706E-09     -0.14903555E-04     -0.56847134E-16
    6.142166185572         0.37170958E-05     -0.80698872E+02     -0.23827563E-09     -0.19018322E-04     -0.56154473E-16
    6.157834976862         0.27914188E-05     -0.13953456E+03     -0.34383976E-09     -0.24632092E-04     -0.60698169E-16
    6.173503768152         0.20403385E-05     -0.25725188E+03     -0.47666882E-09     -0.33109423E-04     -0.61349326E-16
    6.189172559441         0.14382921E-05     -0.50757263E+03     -0.68388729E-09     -0.45934103E-04     -0.61890156E-16
    6.204841350731         0.96370993E-06     -0.11202905E+04     -0.10398210E-08     -0.67759294E-04     -0.62892196E-16
    6.220510142021         0.59879821E-06     -0.28661296E+04     -0.10568286E-08     -0.10744170E-03     -0.39617001E-16
    6.236178933310         0.32933004E-06     -0.94663439E+04     -0.32443360E-08     -0.19467832E-03     -0.66720785E-16
    6.251847724600         0.14445671E-06     -0.49147692E+05     -0.80273122E-08     -0.44223693E-03     -0.72230735E-16
    6.267516515890         0.36549566E-07     -0.78929372E+06     -0.41274488E-07     -0.17924536E-02     -0.93732666E-16
