

 --- EXPECTATION VALUES PSI VECTORS ---


   M expectation values psi vectors 
         1  -99.00000000    0.00000000


   M^2 expectation values psi vectors 
         1  -99.00000000    0.00000000


   inversion expectation values psi vectors 
         1    0.00755380    0.00000000


   X, Y, Z dipole expectation values psi vectors
         1   -0.00080752   -0.00040013   -0.00080801   -0.00040013   -0.00080753   -0.00040013


   X, Y, Z reflection expectation values psi vectors
         1    0.05898943    0.00000000    0.05898943    0.00000000    0.05898943   -0.00000000


 --- EXPECTATION VALUES ORBITALS ---


   inversion expectation values orbitals
         1    0.26672077   -0.00000000
         2    0.85061452    0.00000000
         3   -0.83457296    0.00000000
         4   -0.83461280    0.00000000
         5   -0.45507766   -0.00000000
         6   -0.23577967    0.00000000
         7   -0.48831522   -0.00000000
         8   -0.48830984   -0.00000000
         9    0.51776760   -0.00000000


   X,Y,Z dipole expectation values orbitals
         1   -0.19747703   -0.00000003   -0.19747703   -0.00000003   -0.19747703   -0.00000003
         2   -0.19698990   -0.00001592   -0.19699086   -0.00001593   -0.19698925   -0.00001592
         3    0.20990619   -0.00000209   -0.39611134   -0.00011427    0.17421137   -0.00000889
         4   -0.21423392   -0.00008171    0.38255773    0.00003125   -0.18013464   -0.00007478
         5   -0.58899097   -0.00009908   -0.57976440   -0.00009986   -0.58739610   -0.00009921
         6   -0.63576560   -0.00016833   -0.63058865   -0.00016861   -0.63455583   -0.00016839
         7   -0.21432051   -0.00012307    0.45130606    0.00006064   -0.18062283   -0.00011335
         8    0.25400445    0.00000577   -0.41678349   -0.00017766    0.21909563   -0.00000389
         9   -0.19459963   -0.00005197   -0.19461516   -0.00005197   -0.19459831   -0.00005196


   X,Y,Z reflection expectation values orbitals 
         1    0.59260759   -0.00000000    0.59260759    0.00000000    0.59260759   -0.00000000
         2    0.89839465    0.00000000    0.89839454   -0.00000000    0.89839472    0.00000000
         3    0.62542186   -0.00000000   -0.24119676    0.00000000    0.57154796   -0.00000000
         4    0.00294576    0.00000000    0.89224631    0.00000000    0.06061370    0.00000000
         5    0.22362833   -0.00000000    0.20094652    0.00000000    0.21983420   -0.00000000
         6    0.23496225   -0.00000000    0.22644566   -0.00000000    0.23299951    0.00000000
         7    0.03812766   -0.00000000    0.57330382   -0.00000000    0.06836857    0.00000000
         8    0.41157935    0.00000000   -0.11507929   -0.00000000    0.38330100    0.00000000
         9    0.61570120    0.00000000    0.61569981   -0.00000000    0.61570132   -0.00000000


 --- ORBITAL OCCUPATIONS BY STATE ---
  Orbital State              1
              1   1.9998514153
              2   1.9848817606
              3   1.9800373388
              4   1.9800373201
              5   1.9800365994
              6   0.0189858843
              7   0.0189844322
              8   0.0189844134
              9   0.0182008358


 ---------------- MATRIX ELEMENTS ------------------


   M matrix elements 
 --------------------------------
      PSI VECTORS    
 --------------------------------
  -99.00000000    0.00000000


   M^2 matrix elements 
 --------------------------------
      PSI VECTORS    
 --------------------------------
  -99.00000000    0.00000000


   inversion matrix elements 
 --------------------------------
      ORBITALS    
 --------------------------------
    0.26672077   -0.00000000   -0.14930346   -0.08931559   -0.00173355    0.00170796   -0.00038129    0.00025436   -0.18175506   -0.14632306    0.32001138    0.17617422    0.00042616   -0.00017218    0.00123369   -0.00134756   -0.05562225    0.21545387
   -0.14930346    0.08931559    0.85061452    0.00000000    0.00056100   -0.00216487    0.00018076   -0.00038094    0.21244270    0.02954995    0.07870799   -0.00278549    0.00005982   -0.00007894    0.00007918   -0.00038634   -0.00351528   -0.01214630
   -0.00173355   -0.00170796    0.00056100    0.00216487   -0.83457296    0.00000000    0.00000763    0.00000147    0.00045425    0.00393228    0.00011186    0.00001212    0.00072145   -0.00217416    0.15021658    0.01372147    0.00147842   -0.00088565
   -0.00038129   -0.00025436    0.00018076    0.00038094    0.00000763   -0.00000147   -0.83461280    0.00000000    0.00022363    0.00071119    0.00001258   -0.00005203    0.13600422    0.06525325    0.00049325   -0.00223632    0.00024227   -0.00021630
   -0.18175506    0.14632306    0.21244270   -0.02954995    0.00045425   -0.00393228    0.00022363   -0.00071119   -0.45507766   -0.00000000    0.07467830   -0.01307938   -0.00013406    0.00014335   -0.00029395    0.00116254   -0.06808475   -0.15066218
    0.32001138   -0.17617422    0.07870799    0.00278549    0.00011186   -0.00001212    0.00001258    0.00005203    0.07467830    0.01307938   -0.23577967    0.00000000    0.00020067   -0.00024636    0.00029787   -0.00122707    0.04724491    0.18614390
    0.00042616    0.00017218    0.00005982    0.00007894    0.00072145    0.00217416    0.13600422   -0.06525325   -0.00013406   -0.00014335    0.00020067    0.00024636   -0.48831522   -0.00000000    0.00000145   -0.00000068   -0.00014465    0.00019391
    0.00123369    0.00134756    0.00007918    0.00038634    0.15021658   -0.01372147    0.00049325    0.00223632   -0.00029395   -0.00116254    0.00029787    0.00122707    0.00000145    0.00000068   -0.48830984   -0.00000000   -0.00084289    0.00044844
   -0.05562225   -0.21545387   -0.00351528    0.01214630    0.00147842    0.00088565    0.00024227    0.00021630   -0.06808475    0.15066218    0.04724491   -0.18614390   -0.00014465   -0.00019391   -0.00084289   -0.00044844    0.51776760   -0.00000000
 --------------------------------
      PSI VECTORS    
 --------------------------------
    0.00755380    0.00000000


   Z dipole matrix elements 
 --------------------------------
      ORBITALS    
 --------------------------------
   -0.19747703   -0.00000003   -0.00001794   -0.00000617   -0.01758832    0.02541968    0.03283571   -0.03715855   -0.03190398   -0.02573178    0.05550395    0.03058002   -0.07087060    0.02915570    0.03094255   -0.03541921   -0.00001483    0.00015912
   -0.00001800    0.00000610   -0.19698925   -0.00001592    0.03004035   -0.45225179   -0.13357990    0.71472575    0.59491750    0.08364534    0.13520502   -0.00467706   -0.09820988    0.13118560    0.01802073   -0.09894422    0.00020489    0.00040394
   -0.01758845   -0.02541956    0.02994503    0.45226408    0.17421137   -0.00000889    0.34068693    0.04219095   -0.01172399    0.13409658    0.01178255    0.12556327    0.26893066    0.16654974    0.34342549    0.02643251   -0.23110343    0.08493322
    0.03283590    0.03715835   -0.13343039   -0.71476339    0.34070269   -0.04206110   -0.18013464   -0.00007478   -0.01194528   -0.23697943   -0.04797656   -0.21181303    0.01550154    0.00222007    0.31871547   -0.00996643    0.35205102   -0.17911935
   -0.03190382    0.02573194    0.59494306   -0.08352044   -0.01174971   -0.13409500   -0.01190819    0.23698076   -0.58739610   -0.00009921   -0.35532079    0.06222054   -0.10645803    0.19250291    0.00430128   -0.12564504    0.13399899    0.29615494
    0.05550409   -0.03057981    0.13520947    0.00483076    0.01175814   -0.12556571   -0.04794283    0.21181958   -0.35527592   -0.06247453   -0.63455583   -0.00016839   -0.16441911    0.20402207    0.03268544   -0.14976410    0.14651549    0.57396762
   -0.07087052   -0.02915599   -0.09806855   -0.13130600    0.26902057   -0.16640939    0.01541956   -0.00238436   -0.10648696   -0.19248668   -0.16443967   -0.20400587   -0.18062283   -0.00011335    0.34332304   -0.17114172    0.43097615   -0.57469455
    0.03094242    0.03541935    0.01791013    0.09897164    0.34342142   -0.02644619    0.31871314    0.01013218    0.00432394    0.12564377    0.03270362    0.14976024    0.34322833    0.17133163    0.21909563   -0.00000389   -0.39407051    0.19763921
   -0.00001489   -0.00015908    0.00014975   -0.00041956   -0.23103425   -0.08509396    0.35191034    0.17936227    0.13420455   -0.29604797    0.14678269   -0.57388299    0.43069382    0.57488241   -0.39396688   -0.19781970   -0.19459831   -0.00005196
 --------------------------------
      PSI VECTORS    
 --------------------------------
   -0.00080753   -0.00040013


   Y dipole matrix elements 
 --------------------------------
      ORBITALS    
 --------------------------------
   -0.19747703   -0.00000003   -0.00001792   -0.00000612    0.03422200   -0.04660344    0.00181227   -0.00035836   -0.03262499   -0.02614596    0.05602560    0.03085429   -0.00202004    0.00039034   -0.05935209    0.06695317   -0.00001425    0.00015833
   -0.00001798    0.00000605   -0.19699086   -0.00001593   -0.07994817    0.84401900   -0.02010995    0.01814850    0.60710754    0.08343170    0.13646324   -0.00474474   -0.00328242    0.00293019   -0.03564768    0.18798132    0.00020479    0.00040159
    0.03422224    0.04660322   -0.07977060   -0.84404699   -0.39611134   -0.00011427   -0.01971930   -0.01717539    0.01147886   -0.27489500   -0.03410169   -0.25246507   -0.01036095   -0.01941998   -0.18206473   -0.01614124    0.42766725   -0.17098151
    0.00181227    0.00035835   -0.02010638   -0.01815299   -0.01972566    0.01716826    0.38255773    0.00003125   -0.00605289   -0.00863114   -0.00671796   -0.00665042    0.48399203    0.23251398   -0.01781313    0.00618732    0.00638016   -0.01326347
   -0.03262482    0.02614613    0.60713321   -0.08330422    0.01152434    0.27489295   -0.00605215    0.00863199   -0.57976440   -0.00009986   -0.35012757    0.06183399   -0.00458328    0.00570480   -0.01174673    0.25271246    0.13575506    0.30253866
    0.05602575   -0.03085408    0.13646770    0.00489986   -0.03406153    0.25246897   -0.00671756    0.00665121   -0.35008265   -0.06208885   -0.63058865   -0.00016861   -0.00630658    0.00564813   -0.06742978    0.29729409    0.14778019    0.57934232
   -0.00202004   -0.00039035   -0.00327934   -0.00293411   -0.01036815    0.01941388    0.48402967   -0.23243492   -0.00458366   -0.00570436   -0.00630667   -0.00564787    0.45130606    0.00006064   -0.01680424    0.01260698    0.00828655   -0.01741719
   -0.05935185   -0.06695343   -0.03543767   -0.18803502   -0.18209090    0.01585818   -0.01780717   -0.00619687   -0.01178909   -0.25270940   -0.06746119   -0.29728728   -0.01679741   -0.01261600   -0.41678349   -0.00017766    0.74695177   -0.38142805
   -0.00001430   -0.00015829    0.00014964   -0.00041721    0.42752944    0.17127840    0.00637050    0.01326749    0.13596507   -0.30243020    0.14804990   -0.57925695    0.00827812    0.01742063    0.74675214    0.38176999   -0.19461516   -0.00005197
 --------------------------------
      PSI VECTORS    
 --------------------------------
   -0.00080801   -0.00040013


   X dipole matrix elements 
 --------------------------------
      ORBITALS    
 --------------------------------
   -0.19747703   -0.00000003   -0.00001791   -0.00000616   -0.01755211    0.02208863   -0.03484996    0.03765165   -0.03175849   -0.02564542    0.05534989    0.03049178    0.07311293   -0.02963571    0.02905345   -0.03223737   -0.00001472    0.00015908
   -0.00001797    0.00000610   -0.19698990   -0.00001592    0.05465273   -0.41006002    0.15521679   -0.73608871    0.59243657    0.08365343    0.13482530   -0.00467036    0.10180155   -0.13452332    0.01803745   -0.09103140    0.00020512    0.00040355
   -0.01755222   -0.02208852    0.05456667    0.41007696    0.20990619   -0.00000209   -0.32100273   -0.02502229   -0.00183962    0.12272415    0.01871406    0.11346539   -0.25601995   -0.15487850    0.37342817    0.03838593   -0.20534287    0.09129703
   -0.03485015   -0.03765143    0.15506305    0.73613121   -0.32101213    0.02489956   -0.21423392   -0.00008171    0.01697095    0.24234239    0.05352024    0.21592735   -0.01517827   -0.00256644   -0.29916173   -0.00418069   -0.35986751    0.19366537
   -0.03175833    0.02564558    0.59246209   -0.08352906   -0.00186296   -0.12272409    0.01693248   -0.24234478   -0.58899097   -0.00009908   -0.35655929    0.06232362    0.10973530   -0.19621802    0.00597165   -0.11618398    0.13362339    0.29486037
    0.05535003   -0.03049157    0.13482972    0.00482363    0.01869204   -0.11346894    0.05348512   -0.21593529   -0.35651443   -0.06257741   -0.63576560   -0.00016833    0.16916908   -0.20776295    0.03243699   -0.13799733    0.14607676    0.57236197
    0.07311284    0.02963601    0.10165670    0.13464802   -0.25609839    0.15474281   -0.01526302    0.00238528    0.10976502    0.19620123    0.16919037    0.20774597   -0.21432051   -0.00012307   -0.32652992    0.15854008   -0.44059500    0.59391291
    0.02905333    0.03223749    0.01793580    0.09105829    0.37343033   -0.03838389   -0.29916099    0.00402349    0.00599220    0.11618259    0.03245344    0.13799360   -0.32644203   -0.15872097    0.25400445    0.00000577   -0.36076085    0.18796587
   -0.00001477   -0.00015904    0.00014998   -0.00041917   -0.20527016   -0.09143924   -0.35971621   -0.19391329    0.13382804   -0.29475372    0.14634322   -0.57227759   -0.44030336   -0.59410480   -0.36066266   -0.18813092   -0.19459963   -0.00005197
 --------------------------------
      PSI VECTORS    
 --------------------------------
   -0.00080752   -0.00040013


   Z reflection matrix elements 
 --------------------------------
      ORBITALS    
 --------------------------------
    0.59260759   -0.00000000   -0.08862445   -0.05301911   -0.04745679    0.06858518    0.08859750   -0.10025815   -0.08605513   -0.06939955    0.16075707    0.08850094   -0.20562708    0.08459495    0.08977565   -0.10276540   -0.03635899    0.14074616
   -0.08862445    0.05301911    0.89839472    0.00000000    0.00338945   -0.05160854   -0.01518258    0.08156911    0.06782855    0.00947272    0.05393652   -0.00189961   -0.03902672    0.05224411    0.00713043   -0.03938185   -0.01863541   -0.06350333
   -0.04745679   -0.06858518    0.00338945    0.05160854    0.57154796   -0.00000000    0.51404982    0.06145143    0.02557548   -0.35227841    0.00949178    0.09700998   -0.09204504   -0.05610793   -0.13471195   -0.01087014    0.04710835   -0.01726269
    0.08859750    0.10025815   -0.01518258   -0.08156911    0.51404982   -0.06145143    0.06061370    0.00000000    0.02510428    0.56223499   -0.03470701   -0.15478976   -0.02592243   -0.01061145   -0.10742893    0.00359388   -0.07175935    0.03641895
   -0.08605513    0.06939955    0.06782855   -0.00947272    0.02557548    0.35227841    0.02510428   -0.56223499    0.21983420   -0.00000000   -0.09350582    0.01639937   -0.07601238    0.13865061    0.00418084   -0.09796141   -0.02775266   -0.06113583
    0.16075707   -0.08850094    0.05393652    0.00189961    0.00949178   -0.09700998   -0.03470701    0.15478976   -0.09350582   -0.01639937    0.23299951    0.00000000    0.26572931   -0.33071719   -0.05538354    0.25435074    0.01256326    0.04983838
   -0.20562708   -0.08459495   -0.03902672   -0.05224411   -0.09204504    0.05610793   -0.02592243    0.01061145   -0.07601238   -0.13865061    0.26572931    0.33071719    0.06836857    0.00000000    0.27757018   -0.13837417    0.03756614   -0.04979837
    0.08977565    0.10276540    0.00713043    0.03938185   -0.13471195    0.01087014   -0.10742893   -0.00359388    0.00418084    0.09796141   -0.05538354   -0.25435074    0.27757018    0.13837417    0.38330100    0.00000000   -0.03426777    0.01706501
   -0.03635899   -0.14074616   -0.01863541    0.06350333    0.04710835    0.01726269   -0.07175935   -0.03641895   -0.02775266    0.06113583    0.01256326   -0.04983838    0.03756614    0.04979837   -0.03426777   -0.01706501    0.61570132   -0.00000000
 --------------------------------
      PSI VECTORS    
 --------------------------------
    0.05898943   -0.00000000


   Y reflection matrix elements 
 --------------------------------
      ORBITALS    
 --------------------------------
    0.59260759    0.00000000   -0.08862437   -0.05301896    0.09233863   -0.12574214    0.00488985   -0.00096684   -0.08800049   -0.07051710    0.16227061    0.08929670   -0.00586148    0.00113260   -0.17220739    0.19426406   -0.03635730    0.14074387
   -0.08862437    0.05301896    0.89839454   -0.00000000   -0.00905146    0.09631993   -0.00229331    0.00207276    0.06922025    0.00944703    0.05443712   -0.00192701   -0.00130474    0.00116725   -0.01410752    0.07481800   -0.01863525   -0.06350408
    0.09233863    0.12574214   -0.00905146   -0.09631993   -0.24119676    0.00000000   -0.02696138   -0.02456291   -0.02830462    0.67003211   -0.02464096   -0.18601477    0.00300729    0.00659025    0.03449952    0.00336684   -0.08715730    0.03474083
    0.00488985    0.00096684   -0.00229331   -0.00207276   -0.02696138    0.02456291    0.89224631    0.00000000    0.01373416    0.01604775   -0.00468746   -0.00397674   -0.18175839   -0.08728602    0.00532393   -0.00157700   -0.00130147    0.00269944
   -0.08800049    0.07051710    0.06922025   -0.00944703   -0.02830462   -0.67003211    0.01373416   -0.01604775    0.20094652    0.00000000   -0.08963283    0.01611631   -0.00269645    0.00324128   -0.00895353    0.18692118   -0.02810926   -0.06243933
    0.16227061   -0.08929670    0.05443712    0.00192701   -0.02464096    0.18601477   -0.00468746    0.00397674   -0.08963283   -0.01611631    0.22644566   -0.00000000    0.00884076   -0.00736466    0.10998567   -0.48764924    0.01267100    0.05031117
   -0.00586148   -0.00113260   -0.00130474   -0.00116725    0.00300729   -0.00659025   -0.18175839    0.08728602   -0.00269645   -0.00324128    0.00884076    0.00736466    0.57330382   -0.00000000   -0.01255591    0.00963915    0.00072393   -0.00151057
   -0.17220739   -0.19426406   -0.01410752   -0.07481800    0.03449952   -0.00336684    0.00532393    0.00157700   -0.00895353   -0.18692118    0.10998567    0.48764924   -0.01255591   -0.00963915   -0.11507929   -0.00000000    0.06496434   -0.03293860
   -0.03635730   -0.14074387   -0.01863525    0.06350408   -0.08715730   -0.03474083   -0.00130147   -0.00269944   -0.02810926    0.06243933    0.01267100   -0.05031117    0.00072393    0.00151057    0.06496434    0.03293860    0.61569981   -0.00000000
 --------------------------------
      PSI VECTORS    
 --------------------------------
    0.05898943    0.00000000


   X reflection matrix elements 
 --------------------------------
      ORBITALS    
 --------------------------------
    0.59260759   -0.00000000   -0.08862439   -0.05301910   -0.04735894    0.05959749   -0.09403221    0.10158846   -0.08566258   -0.06916654    0.16031006    0.08824493    0.21213218   -0.08598771    0.08429460   -0.09353343   -0.03635866    0.14074602
   -0.08862439    0.05301910    0.89839465    0.00000000    0.00620165   -0.04679628    0.01764986   -0.08400880    0.06754570    0.00947401    0.05378539   -0.00189680    0.04045490   -0.05357395    0.00714029   -0.03623298   -0.01863535   -0.06350337
   -0.04735894   -0.05959749    0.00620165    0.04679628    0.62542186   -0.00000000   -0.48709470   -0.03688973    0.00235660   -0.32098023    0.01449398    0.08740484    0.08785868    0.05306450   -0.14490561   -0.01488278    0.04186148   -0.01856446
   -0.09403221   -0.10158846    0.01764986    0.08400880   -0.48709470    0.03688973    0.00294576    0.00000000   -0.03902187   -0.57886616    0.03923044    0.15857602   -0.01423987   -0.00857411    0.10129870    0.00163253    0.07335710   -0.03938378
   -0.08566258    0.06916654    0.06754570   -0.00947401    0.00235660    0.32098023   -0.03902187    0.57886616    0.22362833   -0.00000000   -0.09440681    0.01647448    0.07883098   -0.14195173    0.00520228   -0.09006976   -0.02767626   -0.06087230
    0.16031006   -0.08824493    0.05378539    0.00189680    0.01449398   -0.08740484    0.03923044   -0.15857602   -0.09440681   -0.01647448    0.23496225   -0.00000000   -0.27455850    0.33806749   -0.05458477    0.23322844    0.01252511    0.04969939
    0.21213218    0.08598771    0.04045490    0.05357395    0.08785868   -0.05306450   -0.01423987    0.00857411    0.07883098    0.14195173   -0.27455850   -0.33806749    0.03812766   -0.00000000   -0.26501423    0.12873498   -0.03840699    0.05146475
    0.08429460    0.09353343    0.00714029    0.03623298   -0.14490561    0.01488278    0.10129870   -0.00163253    0.00520228    0.09006976   -0.05458477   -0.23322844   -0.26501423   -0.12873498    0.41157935    0.00000000   -0.03137326    0.01623305
   -0.03635866   -0.14074602   -0.01863535    0.06350337    0.04186148    0.01856446    0.07335710    0.03938378   -0.02767626    0.06087230    0.01252511   -0.04969939   -0.03840699   -0.05146475   -0.03137326   -0.01623305    0.61570120    0.00000000
 --------------------------------
      PSI VECTORS    
 --------------------------------
    0.05898943    0.00000000
