 #           1000
    0.000000000000         0.00000000E+00      0.00000000E+00
    0.500000000000         0.15879169E-10     -0.11459501E-15
    1.000000000000         0.34933957E-10      0.17586959E-15
    1.500000000000         0.71252477E-10      0.81023057E-15
    2.000000000000         0.66691417E-09      0.14766136E-14
    2.500000000000         0.12375130E-08      0.84528109E-15
    3.000000000000         0.69490911E-09      0.16653219E-14
    3.500000000000        -0.10584923E-08      0.18199939E-14
    4.000000000000        -0.31500789E-08      0.20305317E-14
    4.500000000000        -0.49535873E-08      0.30691254E-14
    5.000000000000        -0.62207021E-08      0.36398267E-14
    5.500000000000        -0.66069200E-08      0.38039974E-14
    6.000000000000        -0.51850126E-08      0.40682941E-14
    6.500000000000        -0.66144921E-09      0.37861724E-14
    7.000000000000         0.86236594E-08      0.43871242E-14
    7.500000000000         0.24541901E-07      0.44957525E-14
    8.000000000000         0.48780532E-07      0.48829434E-14
    8.500000000000         0.82283373E-07      0.43048416E-14
    9.000000000000         0.12511110E-06      0.55467438E-14
    9.500000000000         0.17727333E-06      0.61410529E-14
   10.000000000000         0.24023397E-06      0.59825947E-14
   10.500000000000         0.31749397E-06      0.65756288E-14
   11.000000000000         0.41360065E-06      0.71663057E-14
   11.500000000000         0.53247813E-06      0.76108729E-14
   12.000000000000         0.67627379E-06      0.86850528E-14
   12.500000000000         0.84513330E-06      0.89468947E-14
   13.000000000000         0.10377306E-05      0.98292594E-14
   13.500000000000         0.12521224E-05      0.97579882E-14
   14.000000000000         0.14864493E-05      0.97219391E-14
   14.500000000000         0.17390033E-05      0.97404808E-14
   15.000000000000         0.20077115E-05      0.10613925E-13
   15.500000000000         0.22896783E-05      0.11227774E-13
   16.000000000000         0.25813260E-05      0.11742085E-13
   16.500000000000         0.28789275E-05      0.12398253E-13
   17.000000000000         0.31788201E-05      0.12778227E-13
   17.500000000000         0.34772308E-05      0.12677322E-13
   18.000000000000         0.37701320E-05      0.13050489E-13
   18.500000000000         0.40535093E-05      0.13698319E-13
   19.000000000000         0.43239179E-05      0.13471998E-13
   19.500000000000         0.45789539E-05      0.13705960E-13
   20.000000000000         0.48173916E-05      0.14190659E-13
   20.500000000000         0.50390245E-05      0.14440826E-13
   21.000000000000         0.52444363E-05      0.14565283E-13
   21.500000000000         0.54347335E-05      0.15857725E-13
   22.000000000000         0.56110896E-05      0.17587405E-13
   22.500000000000         0.57742777E-05      0.17565834E-13
   23.000000000000         0.59246093E-05      0.18297934E-13
   23.500000000000         0.60623034E-05      0.19286134E-13
   24.000000000000         0.61878919E-05      0.20148634E-13
   24.500000000000         0.63023905E-05      0.20847339E-13
   25.000000000000         0.64071841E-05      0.21390180E-13
   25.500000000000         0.65036953E-05      0.21378036E-13
   26.000000000000         0.65931317E-05      0.22061072E-13
   26.500000000000         0.66764228E-05      0.22914261E-13
   27.000000000000         0.67541051E-05      0.22217441E-13
   27.500000000000         0.68262319E-05      0.22046975E-13
   28.000000000000         0.68926457E-05      0.22396107E-13
   28.500000000000         0.69534060E-05      0.22987019E-13
   29.000000000000         0.70089415E-05      0.23396451E-13
   29.500000000000         0.70599994E-05      0.23360407E-13
   30.000000000000         0.71075688E-05      0.23166688E-13
   30.500000000000         0.71526266E-05      0.22943834E-13
   31.000000000000         0.71957775E-05      0.22771597E-13
   31.500000000000         0.72370949E-05      0.23205792E-13
   32.000000000000         0.72762112E-05      0.24133743E-13
   32.500000000000         0.73125994E-05      0.24370599E-13
   33.000000000000         0.73459333E-05      0.24685008E-13
   33.500000000000         0.73762682E-05      0.24594717E-13
   34.000000000000         0.74039718E-05      0.25788592E-13
   34.500000000000         0.74295936E-05      0.26114765E-13
   35.000000000000         0.74537523E-05      0.26199537E-13
   35.500000000000         0.74769367E-05      0.27042008E-13
   36.000000000000         0.74993009E-05      0.26985464E-13
   36.500000000000         0.75206715E-05      0.27618883E-13
   37.000000000000         0.75406814E-05      0.28657150E-13
   37.500000000000         0.75589443E-05      0.27989010E-13
   38.000000000000         0.75753227E-05      0.28073828E-13
   38.500000000000         0.75900999E-05      0.28930060E-13
   39.000000000000         0.76038505E-05      0.29732514E-13
   39.500000000000         0.76171361E-05      0.31035863E-13
   40.000000000000         0.76303091E-05      0.31921477E-13
   40.500000000000         0.76434541E-05      0.31205835E-13
   41.000000000000         0.76563395E-05      0.30899688E-13
   41.500000000000         0.76685209E-05      0.31712036E-13
   42.000000000000         0.76796826E-05      0.32515704E-13
   42.500000000000         0.76898966E-05      0.32755553E-13
   43.000000000000         0.76995229E-05      0.33319723E-13
   43.500000000000         0.77088895E-05      0.34448666E-13
   44.000000000000         0.77180896E-05      0.34834614E-13
   44.500000000000         0.77270318E-05      0.34527057E-13
   45.000000000000         0.77356116E-05      0.35270019E-13
   45.500000000000         0.77437851E-05      0.35952893E-13
   46.000000000000         0.77515054E-05      0.35747565E-13
   46.500000000000         0.77587777E-05      0.36276194E-13
   47.000000000000         0.77658156E-05      0.37065992E-13
   47.500000000000         0.77729068E-05      0.36973107E-13
   48.000000000000         0.77800450E-05      0.36325515E-13
   48.500000000000         0.77868633E-05      0.37228558E-13
   49.000000000000         0.77930177E-05      0.37832774E-13
   49.500000000000         0.77984678E-05      0.37760806E-13
   50.000000000000         0.78033081E-05      0.38404709E-13
   50.500000000000         0.78076130E-05      0.38757453E-13
   51.000000000000         0.78115978E-05      0.39429439E-13
   51.500000000000         0.78156568E-05      0.39318926E-13
   52.000000000000         0.78200176E-05      0.40342606E-13
   52.500000000000         0.78244821E-05      0.39889777E-13
   53.000000000000         0.78286599E-05      0.39810921E-13
   53.500000000000         0.78323048E-05      0.39484507E-13
   54.000000000000         0.78353378E-05      0.39304352E-13
   54.500000000000         0.78377880E-05      0.38543581E-13
   55.000000000000         0.78398664E-05      0.39239314E-13
   55.500000000000         0.78419988E-05      0.39135626E-13
   56.000000000000         0.78446752E-05      0.38826971E-13
   56.500000000000         0.78481677E-05      0.39512057E-13
   57.000000000000         0.78522986E-05      0.39513078E-13
   57.500000000000         0.78565107E-05      0.40707647E-13
   58.000000000000         0.78602401E-05      0.41222057E-13
   58.500000000000         0.78632059E-05      0.42134772E-13
   59.000000000000         0.78654059E-05      0.42679851E-13
   59.500000000000         0.78670902E-05      0.42107087E-13
   60.000000000000         0.78687856E-05      0.41612164E-13
   60.500000000000         0.78710419E-05      0.41484054E-13
   61.000000000000         0.78739894E-05      0.42309328E-13
   61.500000000000         0.78772694E-05      0.42499136E-13
   62.000000000000         0.78803859E-05      0.42950992E-13
   62.500000000000         0.78829871E-05      0.43554069E-13
   63.000000000000         0.78849119E-05      0.44236306E-13
   63.500000000000         0.78862160E-05      0.44988074E-13
   64.000000000000         0.78871804E-05      0.45343498E-13
   64.500000000000         0.78881622E-05      0.45509210E-13
   65.000000000000         0.78894064E-05      0.45987555E-13
   65.500000000000         0.78909710E-05      0.45750912E-13
   66.000000000000         0.78927325E-05      0.45488461E-13
   66.500000000000         0.78944585E-05      0.46822164E-13
   67.000000000000         0.78959408E-05      0.47380735E-13
   67.500000000000         0.78970703E-05      0.48897900E-13
   68.000000000000         0.78978162E-05      0.49821094E-13
   68.500000000000         0.78982352E-05      0.51244104E-13
   69.000000000000         0.78985136E-05      0.50560037E-13
   69.500000000000         0.78988857E-05      0.50410353E-13
   70.000000000000         0.78995106E-05      0.51225852E-13
   70.500000000000         0.79004605E-05      0.51681041E-13
   71.000000000000         0.79017080E-05      0.51535308E-13
   71.500000000000         0.79030785E-05      0.51431009E-13
   72.000000000000         0.79043504E-05      0.51502022E-13
   72.500000000000         0.79054609E-05      0.52154341E-13
   73.000000000000         0.79065089E-05      0.52739469E-13
   73.500000000000         0.79075676E-05      0.52619445E-13
   74.000000000000         0.79086595E-05      0.53048281E-13
   74.500000000000         0.79098376E-05      0.53569353E-13
   75.000000000000         0.79110898E-05      0.54780504E-13
   75.500000000000         0.79122531E-05      0.55321592E-13
   76.000000000000         0.79131717E-05      0.55863101E-13
   76.500000000000         0.79138807E-05      0.56824852E-13
   77.000000000000         0.79145304E-05      0.56949684E-13
   77.500000000000         0.79151989E-05      0.57897739E-13
   78.000000000000         0.79158611E-05      0.58749065E-13
   78.500000000000         0.79164301E-05      0.59858582E-13
   79.000000000000         0.79167965E-05      0.59553815E-13
   79.500000000000         0.79169023E-05      0.58892037E-13
   80.000000000000         0.79167693E-05      0.59661750E-13
   80.500000000000         0.79165016E-05      0.59961564E-13
   81.000000000000         0.79163035E-05      0.60267490E-13
   81.500000000000         0.79163971E-05      0.60781699E-13
   82.000000000000         0.79168396E-05      0.60713067E-13
   82.500000000000         0.79174644E-05      0.61399157E-13
   83.000000000000         0.79180382E-05      0.60981439E-13
   83.500000000000         0.79183992E-05      0.61424003E-13
   84.000000000000         0.79184535E-05      0.61848966E-13
   84.500000000000         0.79181869E-05      0.62725451E-13
   85.000000000000         0.79177262E-05      0.63075926E-13
   85.500000000000         0.79173339E-05      0.63403731E-13
   86.000000000000         0.79172865E-05      0.63620078E-13
   86.500000000000         0.79177180E-05      0.63496527E-13
   87.000000000000         0.79185550E-05      0.64685396E-13
   87.500000000000         0.79195617E-05      0.65049061E-13
   88.000000000000         0.79204571E-05      0.65954636E-13
   88.500000000000         0.79210163E-05      0.66106716E-13
   89.000000000000         0.79211279E-05      0.65732741E-13
   89.500000000000         0.79208789E-05      0.66391831E-13
   90.000000000000         0.79205909E-05      0.66421349E-13
   90.500000000000         0.79206613E-05      0.66321738E-13
   91.000000000000         0.79212739E-05      0.67082195E-13
   91.500000000000         0.79222516E-05      0.67405364E-13
   92.000000000000         0.79232070E-05      0.67667157E-13
   92.500000000000         0.79237772E-05      0.68242876E-13
   93.000000000000         0.79237417E-05      0.68334335E-13
   93.500000000000         0.79230884E-05      0.68894937E-13
   94.000000000000         0.79220471E-05      0.68988491E-13
   94.500000000000         0.79210146E-05      0.69621752E-13
   95.000000000000         0.79203560E-05      0.69876321E-13
   95.500000000000         0.79201894E-05      0.69165284E-13
   96.000000000000         0.79203373E-05      0.68849534E-13
   96.500000000000         0.79205070E-05      0.69042107E-13
   97.000000000000         0.79205072E-05      0.68845090E-13
   97.500000000000         0.79202910E-05      0.69451634E-13
   98.000000000000         0.79198816E-05      0.69160968E-13
   98.500000000000         0.79193663E-05      0.69126808E-13
   99.000000000000         0.79189353E-05      0.69557874E-13
   99.500000000000         0.79187792E-05      0.69801037E-13
  100.000000000000         0.79189076E-05      0.70112089E-13
  100.500000000000         0.79191530E-05      0.69815730E-13
  101.000000000000         0.79193604E-05      0.69437213E-13
  101.500000000000         0.79194871E-05      0.68863570E-13
  102.000000000000         0.79195181E-05      0.69941360E-13
  102.500000000000         0.79194073E-05      0.70295976E-13
  103.000000000000         0.79191780E-05      0.70984991E-13
  103.500000000000         0.79189829E-05      0.71169064E-13
  104.000000000000         0.79189628E-05      0.71578849E-13
  104.500000000000         0.79190881E-05      0.72243582E-13
  105.000000000000         0.79192122E-05      0.72578443E-13
  105.500000000000         0.79192465E-05      0.73404988E-13
  106.000000000000         0.79191978E-05      0.73708704E-13
  106.500000000000         0.79190674E-05      0.73605392E-13
  107.000000000000         0.79188392E-05      0.74438863E-13
  107.500000000000         0.79185843E-05      0.73753701E-13
  108.000000000000         0.79184333E-05      0.73620411E-13
  108.500000000000         0.79183656E-05      0.73945577E-13
  109.000000000000         0.79181616E-05      0.74165960E-13
  109.500000000000         0.79176302E-05      0.75714565E-13
  110.000000000000         0.79167799E-05      0.75700092E-13
  110.500000000000         0.79157772E-05      0.75654349E-13
  111.000000000000         0.79148199E-05      0.75426371E-13
  111.500000000000         0.79140728E-05      0.75873885E-13
  112.000000000000         0.79136603E-05      0.76558525E-13
  112.500000000000         0.79135940E-05      0.76020493E-13
  113.000000000000         0.79136898E-05      0.77174610E-13
  113.500000000000         0.79136506E-05      0.77721849E-13
  114.000000000000         0.79133050E-05      0.77557960E-13
  114.500000000000         0.79127331E-05      0.77937045E-13
  115.000000000000         0.79121234E-05      0.78437473E-13
  115.500000000000         0.79116324E-05      0.78864047E-13
  116.000000000000         0.79114043E-05      0.79084255E-13
  116.500000000000         0.79115349E-05      0.79219554E-13
  117.000000000000         0.79119419E-05      0.79199381E-13
  117.500000000000         0.79123461E-05      0.79764028E-13
  118.000000000000         0.79124536E-05      0.79904252E-13
  118.500000000000         0.79121416E-05      0.79707804E-13
  119.000000000000         0.79114556E-05      0.79375994E-13
  119.500000000000         0.79105434E-05      0.79666061E-13
  120.000000000000         0.79096461E-05      0.79649713E-13
  120.500000000000         0.79090461E-05      0.80003961E-13
  121.000000000000         0.79088946E-05      0.80646901E-13
  121.500000000000         0.79090855E-05      0.80034407E-13
  122.000000000000         0.79093349E-05      0.80076347E-13
  122.500000000000         0.79093447E-05      0.79892642E-13
  123.000000000000         0.79089279E-05      0.79630372E-13
  123.500000000000         0.79080828E-05      0.79884757E-13
  124.000000000000         0.79069822E-05      0.80503479E-13
  124.500000000000         0.79059122E-05      0.80800447E-13
  125.000000000000         0.79051493E-05      0.81571113E-13
  125.500000000000         0.79047858E-05      0.81238896E-13
  126.000000000000         0.79046617E-05      0.81651564E-13
  126.500000000000         0.79044797E-05      0.82734911E-13
  127.000000000000         0.79040074E-05      0.82548274E-13
  127.500000000000         0.79031961E-05      0.83278519E-13
  128.000000000000         0.79021709E-05      0.82926949E-13
  128.500000000000         0.79011696E-05      0.83356129E-13
  129.000000000000         0.79004365E-05      0.83983131E-13
  129.500000000000         0.79000984E-05      0.84350817E-13
  130.000000000000         0.79000895E-05      0.85862652E-13
  130.500000000000         0.79001864E-05      0.86283775E-13
  131.000000000000         0.79001704E-05      0.85617907E-13
  131.500000000000         0.78999497E-05      0.85460951E-13
  132.000000000000         0.78995466E-05      0.85383678E-13
  132.500000000000         0.78990621E-05      0.86637217E-13
  133.000000000000         0.78986323E-05      0.86671199E-13
  133.500000000000         0.78983355E-05      0.86675562E-13
  134.000000000000         0.78981350E-05      0.87391925E-13
  134.500000000000         0.78979086E-05      0.87661809E-13
  135.000000000000         0.78975105E-05      0.88790753E-13
  135.500000000000         0.78968573E-05      0.89599762E-13
  136.000000000000         0.78960094E-05      0.89693581E-13
  136.500000000000         0.78951269E-05      0.90085370E-13
  137.000000000000         0.78943534E-05      0.90417105E-13
  137.500000000000         0.78937834E-05      0.90027578E-13
  138.000000000000         0.78934487E-05      0.90414227E-13
  138.500000000000         0.78932417E-05      0.89775383E-13
  139.000000000000         0.78929306E-05      0.89654285E-13
  139.500000000000         0.78923365E-05      0.90771064E-13
  140.000000000000         0.78914602E-05      0.91447549E-13
  140.500000000000         0.78904386E-05      0.92076646E-13
  141.000000000000         0.78894608E-05      0.93806273E-13
  141.500000000000         0.78887067E-05      0.94269922E-13
  142.000000000000         0.78882631E-05      0.94384014E-13
  142.500000000000         0.78880466E-05      0.95386050E-13
  143.000000000000         0.78878300E-05      0.95918699E-13
  143.500000000000         0.78873750E-05      0.95546181E-13
  144.000000000000         0.78865634E-05      0.95577561E-13
  144.500000000000         0.78854669E-05      0.96242365E-13
  145.000000000000         0.78843434E-05      0.95828566E-13
  145.500000000000         0.78835081E-05      0.97241972E-13
  146.000000000000         0.78831260E-05      0.97451034E-13
  146.500000000000         0.78831381E-05      0.97839335E-13
  147.000000000000         0.78833539E-05      0.97984395E-13
  147.500000000000         0.78835133E-05      0.99320184E-13
  148.000000000000         0.78833481E-05      0.10019089E-12
  148.500000000000         0.78827436E-05      0.10006534E-12
  149.000000000000         0.78818329E-05      0.10016188E-12
  149.500000000000         0.78808866E-05      0.10082024E-12
  150.000000000000         0.78801172E-05      0.10199900E-12
  150.500000000000         0.78795940E-05      0.10255918E-12
  151.000000000000         0.78792674E-05      0.10306705E-12
  151.500000000000         0.78789977E-05      0.10349933E-12
  152.000000000000         0.78785965E-05      0.10471119E-12
  152.500000000000         0.78779010E-05      0.10552137E-12
  153.000000000000         0.78768809E-05      0.10656318E-12
  153.500000000000         0.78757001E-05      0.10662672E-12
  154.000000000000         0.78746057E-05      0.10637128E-12
  154.500000000000         0.78737606E-05      0.10672743E-12
  155.000000000000         0.78731959E-05      0.10740476E-12
  155.500000000000         0.78728504E-05      0.10801767E-12
  156.000000000000         0.78725989E-05      0.10841052E-12
  156.500000000000         0.78722477E-05      0.10876437E-12
  157.000000000000         0.78716217E-05      0.10912182E-12
  157.500000000000         0.78707268E-05      0.10972496E-12
  158.000000000000         0.78697458E-05      0.10893424E-12
  158.500000000000         0.78688648E-05      0.10916881E-12
  159.000000000000         0.78681611E-05      0.11074779E-12
  159.500000000000         0.78676297E-05      0.11092915E-12
  160.000000000000         0.78672075E-05      0.11192863E-12
  160.500000000000         0.78667710E-05      0.11227392E-12
  161.000000000000         0.78662053E-05      0.11211397E-12
  161.500000000000         0.78654857E-05      0.11238294E-12
  162.000000000000         0.78647076E-05      0.11317797E-12
  162.500000000000         0.78640474E-05      0.11398359E-12
  163.000000000000         0.78636259E-05      0.11397756E-12
  163.500000000000         0.78634030E-05      0.11386105E-12
  164.000000000000         0.78632279E-05      0.11411964E-12
  164.500000000000         0.78629517E-05      0.11420939E-12
  165.000000000000         0.78624701E-05      0.11440256E-12
  165.500000000000         0.78617355E-05      0.11439749E-12
  166.000000000000         0.78608151E-05      0.11425871E-12
  166.500000000000         0.78598806E-05      0.11406205E-12
  167.000000000000         0.78590881E-05      0.11480028E-12
  167.500000000000         0.78584757E-05      0.11513931E-12
  168.000000000000         0.78579470E-05      0.11602204E-12
  168.500000000000         0.78573490E-05      0.11614895E-12
  169.000000000000         0.78565728E-05      0.11708756E-12
  169.500000000000         0.78555904E-05      0.11694825E-12
  170.000000000000         0.78544695E-05      0.11720819E-12
  170.500000000000         0.78533699E-05      0.11758419E-12
  171.000000000000         0.78524751E-05      0.11891151E-12
  171.500000000000         0.78518917E-05      0.11927465E-12
  172.000000000000         0.78515882E-05      0.11941363E-12
  172.500000000000         0.78514069E-05      0.11899553E-12
  173.000000000000         0.78511327E-05      0.11929702E-12
  173.500000000000         0.78505947E-05      0.11959102E-12
  174.000000000000         0.78497529E-05      0.11939727E-12
  174.500000000000         0.78487164E-05      0.11895525E-12
  175.000000000000         0.78476892E-05      0.11969040E-12
  175.500000000000         0.78468629E-05      0.11974387E-12
  176.000000000000         0.78463231E-05      0.12043708E-12
  176.500000000000         0.78460277E-05      0.12148894E-12
  177.000000000000         0.78458167E-05      0.12143740E-12
  177.500000000000         0.78454659E-05      0.12206995E-12
  178.000000000000         0.78448304E-05      0.12210905E-12
  178.500000000000         0.78439549E-05      0.12230553E-12
  179.000000000000         0.78430150E-05      0.12173555E-12
  179.500000000000         0.78421887E-05      0.12158681E-12
  180.000000000000         0.78415837E-05      0.12175376E-12
  180.500000000000         0.78412118E-05      0.12281247E-12
  181.000000000000         0.78409750E-05      0.12234661E-12
  181.500000000000         0.78406868E-05      0.12234091E-12
  182.000000000000         0.78401504E-05      0.12267498E-12
  182.500000000000         0.78392796E-05      0.12294798E-12
  183.000000000000         0.78381745E-05      0.12396821E-12
  183.500000000000         0.78370363E-05      0.12406056E-12
  184.000000000000         0.78360066E-05      0.12441893E-12
  184.500000000000         0.78351369E-05      0.12423524E-12
  185.000000000000         0.78344334E-05      0.12516271E-12
  185.500000000000         0.78338399E-05      0.12468326E-12
  186.000000000000         0.78332324E-05      0.12528029E-12
  186.500000000000         0.78325020E-05      0.12648944E-12
  187.000000000000         0.78316541E-05      0.12644530E-12
  187.500000000000         0.78308088E-05      0.12753263E-12
  188.000000000000         0.78300931E-05      0.12757604E-12
  188.500000000000         0.78295465E-05      0.12718319E-12
  189.000000000000         0.78291233E-05      0.12850660E-12
  189.500000000000         0.78287501E-05      0.12939704E-12
  190.000000000000         0.78283444E-05      0.12913665E-12
  190.500000000000         0.78278083E-05      0.12953276E-12
  191.000000000000         0.78270902E-05      0.12940804E-12
  191.500000000000         0.78262497E-05      0.13001521E-12
  192.000000000000         0.78254210E-05      0.13057885E-12
  192.500000000000         0.78247100E-05      0.13083528E-12
  193.000000000000         0.78241235E-05      0.13123176E-12
  193.500000000000         0.78235971E-05      0.13181812E-12
  194.000000000000         0.78230533E-05      0.13268748E-12
  194.500000000000         0.78224241E-05      0.13326917E-12
  195.000000000000         0.78216685E-05      0.13384262E-12
  195.500000000000         0.78208096E-05      0.13417869E-12
  196.000000000000         0.78199534E-05      0.13483164E-12
  196.500000000000         0.78192223E-05      0.13462129E-12
  197.000000000000         0.78186604E-05      0.13507994E-12
  197.500000000000         0.78182069E-05      0.13633624E-12
  198.000000000000         0.78177264E-05      0.13718006E-12
  198.500000000000         0.78170956E-05      0.13748095E-12
  199.000000000000         0.78162706E-05      0.13694005E-12
  199.500000000000         0.78152729E-05      0.13685193E-12
  200.000000000000         0.78141758E-05      0.13715115E-12
  200.500000000000         0.78131110E-05      0.13794878E-12
  201.000000000000         0.78122251E-05      0.13796456E-12
  201.500000000000         0.78115788E-05      0.13824256E-12
  202.000000000000         0.78110888E-05      0.13889608E-12
  202.500000000000         0.78106101E-05      0.13921499E-12
  203.000000000000         0.78100468E-05      0.14001598E-12
  203.500000000000         0.78093732E-05      0.14039273E-12
  204.000000000000         0.78086090E-05      0.14042864E-12
  204.500000000000         0.78078111E-05      0.14107217E-12
  205.000000000000         0.78070862E-05      0.14096190E-12
  205.500000000000         0.78065382E-05      0.14177363E-12
  206.000000000000         0.78061643E-05      0.14088685E-12
  206.500000000000         0.78058456E-05      0.14117316E-12
  207.000000000000         0.78054332E-05      0.14057666E-12
  207.500000000000         0.78048281E-05      0.14037352E-12
  208.000000000000         0.78040180E-05      0.14105085E-12
  208.500000000000         0.78030647E-05      0.14200942E-12
  209.000000000000         0.78020615E-05      0.14250748E-12
  209.500000000000         0.78011100E-05      0.14344704E-12
  210.000000000000         0.78003041E-05      0.14271816E-12
  210.500000000000         0.77996724E-05      0.14304671E-12
  211.000000000000         0.77991358E-05      0.14338471E-12
  211.500000000000         0.77985645E-05      0.14321863E-12
  212.000000000000         0.77978806E-05      0.14362218E-12
  212.500000000000         0.77970950E-05      0.14281835E-12
  213.000000000000         0.77962618E-05      0.14318096E-12
  213.500000000000         0.77954318E-05      0.14343004E-12
  214.000000000000         0.77946578E-05      0.14381975E-12
  214.500000000000         0.77939881E-05      0.14424127E-12
  215.000000000000         0.77934072E-05      0.14446001E-12
  215.500000000000         0.77928171E-05      0.14495972E-12
  216.000000000000         0.77921228E-05      0.14557457E-12
  216.500000000000         0.77913148E-05      0.14555912E-12
  217.000000000000         0.77904422E-05      0.14598076E-12
  217.500000000000         0.77895637E-05      0.14596778E-12
  218.000000000000         0.77887469E-05      0.14679507E-12
  218.500000000000         0.77880460E-05      0.14692543E-12
  219.000000000000         0.77874602E-05      0.14653091E-12
  219.500000000000         0.77869368E-05      0.14630865E-12
  220.000000000000         0.77864005E-05      0.14662189E-12
  220.500000000000         0.77857976E-05      0.14693933E-12
  221.000000000000         0.77851318E-05      0.14796130E-12
  221.500000000000         0.77844414E-05      0.14820529E-12
  222.000000000000         0.77837654E-05      0.14826561E-12
  222.500000000000         0.77831355E-05      0.14927154E-12
  223.000000000000         0.77825539E-05      0.14921095E-12
  223.500000000000         0.77819665E-05      0.14968472E-12
  224.000000000000         0.77812861E-05      0.15011498E-12
  224.500000000000         0.77804667E-05      0.15054042E-12
  225.000000000000         0.77795337E-05      0.15122726E-12
  225.500000000000         0.77785388E-05      0.15159110E-12
  226.000000000000         0.77775545E-05      0.15275493E-12
  226.500000000000         0.77766781E-05      0.15306155E-12
  227.000000000000         0.77759621E-05      0.15347079E-12
  227.500000000000         0.77753612E-05      0.15351852E-12
  228.000000000000         0.77747772E-05      0.15348443E-12
  228.500000000000         0.77741476E-05      0.15442425E-12
  229.000000000000         0.77734532E-05      0.15438100E-12
  229.500000000000         0.77726818E-05      0.15496572E-12
  230.000000000000         0.77718642E-05      0.15544879E-12
  230.500000000000         0.77710891E-05      0.15561272E-12
  231.000000000000         0.77704248E-05      0.15576974E-12
  231.500000000000         0.77698638E-05      0.15661554E-12
  232.000000000000         0.77693397E-05      0.15727938E-12
  232.500000000000         0.77687632E-05      0.15800236E-12
  233.000000000000         0.77680660E-05      0.15921993E-12
  233.500000000000         0.77672440E-05      0.15938902E-12
  234.000000000000         0.77663419E-05      0.15951645E-12
  234.500000000000         0.77654144E-05      0.16018011E-12
  235.000000000000         0.77645469E-05      0.16058711E-12
  235.500000000000         0.77638337E-05      0.16097528E-12
  236.000000000000         0.77632825E-05      0.16138349E-12
  236.500000000000         0.77627958E-05      0.16126565E-12
  237.000000000000         0.77622604E-05      0.16162674E-12
  237.500000000000         0.77616265E-05      0.16143714E-12
  238.000000000000         0.77608933E-05      0.16160695E-12
  238.500000000000         0.77600736E-05      0.16278691E-12
  239.000000000000         0.77592045E-05      0.16394916E-12
  239.500000000000         0.77583537E-05      0.16413402E-12
  240.000000000000         0.77575875E-05      0.16393727E-12
  240.500000000000         0.77569046E-05      0.16396763E-12
  241.000000000000         0.77562202E-05      0.16364001E-12
  241.500000000000         0.77554563E-05      0.16384178E-12
  242.000000000000         0.77546061E-05      0.16418191E-12
  242.500000000000         0.77537072E-05      0.16455506E-12
  243.000000000000         0.77528041E-05      0.16530685E-12
  243.500000000000         0.77519377E-05      0.16531523E-12
  244.000000000000         0.77511614E-05      0.16566145E-12
  244.500000000000         0.77505181E-05      0.16581637E-12
  245.000000000000         0.77499827E-05      0.16570552E-12
  245.500000000000         0.77494667E-05      0.16595110E-12
  246.000000000000         0.77488906E-05      0.16646747E-12
  246.500000000000         0.77482400E-05      0.16702002E-12
  247.000000000000         0.77475418E-05      0.16693293E-12
  247.500000000000         0.77468155E-05      0.16743054E-12
  248.000000000000         0.77460729E-05      0.16754401E-12
  248.500000000000         0.77453346E-05      0.16827180E-12
  249.000000000000         0.77446204E-05      0.16883977E-12
  249.500000000000         0.77439196E-05      0.16908637E-12
  250.000000000000         0.77431792E-05      0.16890750E-12
  250.500000000000         0.77423511E-05      0.16950795E-12
  251.000000000000         0.77414547E-05      0.17048211E-12
  251.500000000000         0.77405678E-05      0.17079156E-12
  252.000000000000         0.77397479E-05      0.17033364E-12
  252.500000000000         0.77389950E-05      0.17099044E-12
  253.000000000000         0.77383007E-05      0.17244567E-12
  253.500000000000         0.77376686E-05      0.17321717E-12
  254.000000000000         0.77370620E-05      0.17305634E-12
  254.500000000000         0.77363920E-05      0.17340868E-12
  255.000000000000         0.77355994E-05      0.17335006E-12
  255.500000000000         0.77347257E-05      0.17404226E-12
  256.000000000000         0.77338676E-05      0.17372005E-12
  256.500000000000         0.77330744E-05      0.17411887E-12
  257.000000000000         0.77323303E-05      0.17552683E-12
  257.500000000000         0.77316152E-05      0.17689163E-12
  258.000000000000         0.77309203E-05      0.17663375E-12
  258.500000000000         0.77302065E-05      0.17756916E-12
  259.000000000000         0.77294090E-05      0.17769210E-12
  259.500000000000         0.77285195E-05      0.17846911E-12
  260.000000000000         0.77276248E-05      0.17884071E-12
  260.500000000000         0.77268301E-05      0.17995593E-12
  261.000000000000         0.77261740E-05      0.18064778E-12
  261.500000000000         0.77256233E-05      0.18016970E-12
  262.000000000000         0.77251195E-05      0.18055125E-12
  262.500000000000         0.77246094E-05      0.18114983E-12
  263.000000000000         0.77240285E-05      0.18201224E-12
  263.500000000000         0.77233082E-05      0.18277482E-12
  264.000000000000         0.77224433E-05      0.18329235E-12
  264.500000000000         0.77215198E-05      0.18302155E-12
  265.000000000000         0.77206405E-05      0.18445098E-12
  265.500000000000         0.77198354E-05      0.18406524E-12
  266.000000000000         0.77190767E-05      0.18526459E-12
  266.500000000000         0.77183403E-05      0.18537534E-12
  267.000000000000         0.77175950E-05      0.18520000E-12
  267.500000000000         0.77167853E-05      0.18517498E-12
  268.000000000000         0.77158809E-05      0.18560548E-12
  268.500000000000         0.77149232E-05      0.18713453E-12
  269.000000000000         0.77140036E-05      0.18682234E-12
  269.500000000000         0.77131975E-05      0.18765047E-12
  270.000000000000         0.77125254E-05      0.18839359E-12
  270.500000000000         0.77119459E-05      0.18846734E-12
  271.000000000000         0.77113795E-05      0.18838902E-12
  271.500000000000         0.77107589E-05      0.18831780E-12
  272.000000000000         0.77100449E-05      0.18902598E-12
  272.500000000000         0.77092215E-05      0.18997183E-12
  273.000000000000         0.77083226E-05      0.18990159E-12
  273.500000000000         0.77074375E-05      0.18988068E-12
  274.000000000000         0.77066460E-05      0.18937683E-12
  274.500000000000         0.77059437E-05      0.18978985E-12
  275.000000000000         0.77052653E-05      0.18965960E-12
  275.500000000000         0.77045626E-05      0.19042686E-12
  276.000000000000         0.77038151E-05      0.18968793E-12
  276.500000000000         0.77030206E-05      0.19059228E-12
  277.000000000000         0.77022035E-05      0.19100205E-12
  277.500000000000         0.77014088E-05      0.19197665E-12
  278.000000000000         0.77006852E-05      0.19216902E-12
  278.500000000000         0.77000506E-05      0.19160055E-12
  279.000000000000         0.76994649E-05      0.19180705E-12
  279.500000000000         0.76988484E-05      0.19270379E-12
  280.000000000000         0.76981339E-05      0.19294703E-12
  280.500000000000         0.76973077E-05      0.19322561E-12
  281.000000000000         0.76964006E-05      0.19366903E-12
  281.500000000000         0.76954618E-05      0.19328517E-12
  282.000000000000         0.76945403E-05      0.19387552E-12
  282.500000000000         0.76936659E-05      0.19394692E-12
  283.000000000000         0.76928518E-05      0.19476695E-12
  283.500000000000         0.76920834E-05      0.19441572E-12
  284.000000000000         0.76913053E-05      0.19451637E-12
  284.500000000000         0.76904693E-05      0.19520507E-12
  285.000000000000         0.76895839E-05      0.19606919E-12
  285.500000000000         0.76887067E-05      0.19606706E-12
  286.000000000000         0.76879010E-05      0.19637508E-12
  286.500000000000         0.76871956E-05      0.19716465E-12
  287.000000000000         0.76865778E-05      0.19729314E-12
  287.500000000000         0.76860119E-05      0.19723093E-12
  288.000000000000         0.76854443E-05      0.19809662E-12
  288.500000000000         0.76847974E-05      0.19811597E-12
  289.000000000000         0.76840097E-05      0.19870477E-12
  289.500000000000         0.76831048E-05      0.19871771E-12
  290.000000000000         0.76821759E-05      0.19958540E-12
  290.500000000000         0.76813034E-05      0.19924773E-12
  291.000000000000         0.76805159E-05      0.19974726E-12
  291.500000000000         0.76798017E-05      0.20006755E-12
  292.000000000000         0.76791283E-05      0.20045446E-12
  292.500000000000         0.76784390E-05      0.20004565E-12
  293.000000000000         0.76776715E-05      0.20068438E-12
  293.500000000000         0.76768152E-05      0.20053618E-12
  294.000000000000         0.76759250E-05      0.20155240E-12
  294.500000000000         0.76750720E-05      0.20188596E-12
  295.000000000000         0.76743014E-05      0.20211816E-12
  295.500000000000         0.76736188E-05      0.20276721E-12
  296.000000000000         0.76729839E-05      0.20330994E-12
  296.500000000000         0.76723209E-05      0.20396076E-12
  297.000000000000         0.76715682E-05      0.20460299E-12
  297.500000000000         0.76707073E-05      0.20510459E-12
  298.000000000000         0.76697441E-05      0.20536621E-12
  298.500000000000         0.76687241E-05      0.20552152E-12
  299.000000000000         0.76677372E-05      0.20573888E-12
  299.500000000000         0.76668518E-05      0.20646944E-12
  300.000000000000         0.76660674E-05      0.20753194E-12
  300.500000000000         0.76653391E-05      0.20756740E-12
  301.000000000000         0.76646212E-05      0.20833523E-12
  301.500000000000         0.76638869E-05      0.20979623E-12
  302.000000000000         0.76631176E-05      0.21034497E-12
  302.500000000000         0.76623091E-05      0.21084509E-12
  303.000000000000         0.76615028E-05      0.21116978E-12
  303.500000000000         0.76607671E-05      0.21208432E-12
  304.000000000000         0.76601228E-05      0.21361680E-12
  304.500000000000         0.76595177E-05      0.21387499E-12
  305.000000000000         0.76588820E-05      0.21420901E-12
  305.500000000000         0.76581701E-05      0.21512675E-12
  306.000000000000         0.76573586E-05      0.21565852E-12
  306.500000000000         0.76564567E-05      0.21636566E-12
  307.000000000000         0.76555097E-05      0.21659479E-12
  307.500000000000         0.76545782E-05      0.21665320E-12
  308.000000000000         0.76537221E-05      0.21694134E-12
  308.500000000000         0.76529647E-05      0.21727031E-12
  309.000000000000         0.76522537E-05      0.21789695E-12
  309.500000000000         0.76515075E-05      0.21871361E-12
  310.000000000000         0.76506976E-05      0.21990709E-12
  310.500000000000         0.76498462E-05      0.22105618E-12
  311.000000000000         0.76489815E-05      0.22161654E-12
  311.500000000000         0.76481404E-05      0.22251578E-12
  312.000000000000         0.76473589E-05      0.22269952E-12
  312.500000000000         0.76466384E-05      0.22281738E-12
  313.000000000000         0.76459483E-05      0.22316876E-12
  313.500000000000         0.76452266E-05      0.22415754E-12
  314.000000000000         0.76444007E-05      0.22458596E-12
  314.500000000000         0.76434604E-05      0.22531045E-12
  315.000000000000         0.76424690E-05      0.22622420E-12
  315.500000000000         0.76414956E-05      0.22657399E-12
  316.000000000000         0.76405797E-05      0.22766269E-12
  316.500000000000         0.76397495E-05      0.22780750E-12
  317.000000000000         0.76390197E-05      0.22877253E-12
  317.500000000000         0.76383546E-05      0.22917378E-12
  318.000000000000         0.76376807E-05      0.22904076E-12
  318.500000000000         0.76369447E-05      0.22944210E-12
  319.000000000000         0.76361454E-05      0.22962667E-12
  319.500000000000         0.76353264E-05      0.22960995E-12
  320.000000000000         0.76345360E-05      0.22977848E-12
  320.500000000000         0.76337997E-05      0.22967250E-12
  321.000000000000         0.76331192E-05      0.22999419E-12
  321.500000000000         0.76324612E-05      0.23023622E-12
  322.000000000000         0.76317681E-05      0.23137957E-12
  322.500000000000         0.76309890E-05      0.23099071E-12
  323.000000000000         0.76300960E-05      0.23198541E-12
  323.500000000000         0.76291065E-05      0.23325154E-12
  324.000000000000         0.76280937E-05      0.23293661E-12
  324.500000000000         0.76271447E-05      0.23391723E-12
  325.000000000000         0.76262977E-05      0.23378025E-12
  325.500000000000         0.76255329E-05      0.23471603E-12
  326.000000000000         0.76248082E-05      0.23507280E-12
  326.500000000000         0.76240781E-05      0.23570290E-12
  327.000000000000         0.76233063E-05      0.23690796E-12
  327.500000000000         0.76224713E-05      0.23739640E-12
  328.000000000000         0.76215824E-05      0.23690102E-12
  328.500000000000         0.76207018E-05      0.23613330E-12
  329.000000000000         0.76198932E-05      0.23664889E-12
  329.500000000000         0.76191490E-05      0.23554460E-12
  330.000000000000         0.76184107E-05      0.23604380E-12
  330.500000000000         0.76176301E-05      0.23629767E-12
  331.000000000000         0.76167923E-05      0.23679984E-12
  331.500000000000         0.76158997E-05      0.23665155E-12
  332.000000000000         0.76149632E-05      0.23671638E-12
  332.500000000000         0.76140157E-05      0.23748313E-12
  333.000000000000         0.76131184E-05      0.23815685E-12
  333.500000000000         0.76123258E-05      0.23844180E-12
  334.000000000000         0.76116245E-05      0.23828456E-12
  334.500000000000         0.76109419E-05      0.23778686E-12
  335.000000000000         0.76102354E-05      0.23796411E-12
  335.500000000000         0.76095081E-05      0.23800851E-12
  336.000000000000         0.76087519E-05      0.23841808E-12
  336.500000000000         0.76079542E-05      0.23752559E-12
  337.000000000000         0.76071371E-05      0.23818725E-12
  337.500000000000         0.76063424E-05      0.23790764E-12
  338.000000000000         0.76055858E-05      0.23860004E-12
  338.500000000000         0.76048350E-05      0.23865146E-12
  339.000000000000         0.76040339E-05      0.23853940E-12
  339.500000000000         0.76031529E-05      0.23863065E-12
  340.000000000000         0.76022113E-05      0.23819049E-12
  340.500000000000         0.76012430E-05      0.23825793E-12
  341.000000000000         0.76002745E-05      0.23833659E-12
  341.500000000000         0.75993459E-05      0.23861293E-12
  342.000000000000         0.75985039E-05      0.23914255E-12
  342.500000000000         0.75977555E-05      0.23974473E-12
  343.000000000000         0.75970464E-05      0.24044935E-12
  343.500000000000         0.75963013E-05      0.24189035E-12
  344.000000000000         0.75954930E-05      0.24179424E-12
  344.500000000000         0.75946501E-05      0.24235891E-12
  345.000000000000         0.75937981E-05      0.24321807E-12
  345.500000000000         0.75929441E-05      0.24383505E-12
  346.000000000000         0.75921130E-05      0.24485358E-12
  346.500000000000         0.75913336E-05      0.24503793E-12
  347.000000000000         0.75905865E-05      0.24521986E-12
  347.500000000000         0.75898088E-05      0.24518512E-12
  348.000000000000         0.75889568E-05      0.24580650E-12
  348.500000000000         0.75880393E-05      0.24694320E-12
  349.000000000000         0.75871060E-05      0.24736867E-12
  349.500000000000         0.75862083E-05      0.24789716E-12
  350.000000000000         0.75853634E-05      0.24849727E-12
  350.500000000000         0.75845788E-05      0.24831985E-12
  351.000000000000         0.75838680E-05      0.24970798E-12
  351.500000000000         0.75832074E-05      0.24968425E-12
  352.000000000000         0.75825297E-05      0.24991448E-12
  352.500000000000         0.75817775E-05      0.25010348E-12
  353.000000000000         0.75809517E-05      0.25002512E-12
  353.500000000000         0.75800967E-05      0.25073905E-12
  354.000000000000         0.75792392E-05      0.25153624E-12
  354.500000000000         0.75783804E-05      0.25352544E-12
  355.000000000000         0.75775309E-05      0.25457272E-12
  355.500000000000         0.75767036E-05      0.25462383E-12
  356.000000000000         0.75758762E-05      0.25508994E-12
  356.500000000000         0.75750046E-05      0.25568586E-12
  357.000000000000         0.75740768E-05      0.25548167E-12
  357.500000000000         0.75731179E-05      0.25588989E-12
  358.000000000000         0.75721672E-05      0.25513921E-12
  358.500000000000         0.75712742E-05      0.25502494E-12
  359.000000000000         0.75704613E-05      0.25554197E-12
  359.500000000000         0.75697053E-05      0.25605074E-12
  360.000000000000         0.75689784E-05      0.25633149E-12
  360.500000000000         0.75682556E-05      0.25659950E-12
  361.000000000000         0.75674956E-05      0.25684130E-12
  361.500000000000         0.75666714E-05      0.25807220E-12
  362.000000000000         0.75658060E-05      0.25858058E-12
  362.500000000000         0.75649449E-05      0.25924173E-12
  363.000000000000         0.75641112E-05      0.25925610E-12
  363.500000000000         0.75633003E-05      0.25931161E-12
  364.000000000000         0.75624928E-05      0.26122728E-12
  364.500000000000         0.75616736E-05      0.26152779E-12
  365.000000000000         0.75608319E-05      0.26219052E-12
  365.500000000000         0.75599522E-05      0.26277537E-12
  366.000000000000         0.75590498E-05      0.26381949E-12
  366.500000000000         0.75581753E-05      0.26386108E-12
  367.000000000000         0.75573592E-05      0.26407730E-12
  367.500000000000         0.75565928E-05      0.26354455E-12
  368.000000000000         0.75558597E-05      0.26483534E-12
  368.500000000000         0.75551427E-05      0.26574100E-12
  369.000000000000         0.75544035E-05      0.26613279E-12
  369.500000000000         0.75536051E-05      0.26682533E-12
  370.000000000000         0.75527519E-05      0.26698919E-12
  370.500000000000         0.75518676E-05      0.26743714E-12
  371.000000000000         0.75509731E-05      0.26831905E-12
  371.500000000000         0.75500889E-05      0.26856694E-12
  372.000000000000         0.75492207E-05      0.26886845E-12
  372.500000000000         0.75483617E-05      0.26923298E-12
  373.000000000000         0.75475009E-05      0.26956847E-12
  373.500000000000         0.75466179E-05      0.27078107E-12
  374.000000000000         0.75457056E-05      0.27023163E-12
  374.500000000000         0.75447871E-05      0.27078336E-12
  375.000000000000         0.75438956E-05      0.27066644E-12
  375.500000000000         0.75430537E-05      0.27104591E-12
  376.000000000000         0.75422665E-05      0.27089308E-12
  376.500000000000         0.75415281E-05      0.27066939E-12
  377.000000000000         0.75408193E-05      0.27116936E-12
  377.500000000000         0.75400947E-05      0.27212744E-12
  378.000000000000         0.75393092E-05      0.27141236E-12
  378.500000000000         0.75384628E-05      0.27055731E-12
  379.000000000000         0.75375879E-05      0.27091991E-12
  379.500000000000         0.75367083E-05      0.27214412E-12
  380.000000000000         0.75358361E-05      0.27150507E-12
  380.500000000000         0.75349863E-05      0.27168521E-12
  381.000000000000         0.75341630E-05      0.27152788E-12
  381.500000000000         0.75333438E-05      0.27159000E-12
  382.000000000000         0.75325047E-05      0.27209713E-12
  382.500000000000         0.75316394E-05      0.27253311E-12
  383.000000000000         0.75307569E-05      0.27344295E-12
  383.500000000000         0.75298879E-05      0.27332381E-12
  384.000000000000         0.75290634E-05      0.27422517E-12
  384.500000000000         0.75282791E-05      0.27486412E-12
  385.000000000000         0.75275124E-05      0.27587847E-12
  385.500000000000         0.75267545E-05      0.27590447E-12
  386.000000000000         0.75259918E-05      0.27669396E-12
  386.500000000000         0.75251901E-05      0.27791145E-12
  387.000000000000         0.75243243E-05      0.27882212E-12
  387.500000000000         0.75234086E-05      0.27951527E-12
  388.000000000000         0.75224864E-05      0.27861919E-12
  388.500000000000         0.75215834E-05      0.27920807E-12
  389.000000000000         0.75206881E-05      0.27943234E-12
  389.500000000000         0.75198025E-05      0.27982932E-12
  390.000000000000         0.75189472E-05      0.28001777E-12
  390.500000000000         0.75181095E-05      0.28014781E-12
  391.000000000000         0.75172591E-05      0.28105495E-12
  391.500000000000         0.75163937E-05      0.28202972E-12
  392.000000000000         0.75155383E-05      0.28310553E-12
  392.500000000000         0.75147177E-05      0.28311275E-12
  393.000000000000         0.75139353E-05      0.28362250E-12
  393.500000000000         0.75131773E-05      0.28397866E-12
  394.000000000000         0.75124233E-05      0.28439657E-12
  394.500000000000         0.75116568E-05      0.28563939E-12
  395.000000000000         0.75108629E-05      0.28581753E-12
  395.500000000000         0.75100174E-05      0.28649299E-12
  396.000000000000         0.75091188E-05      0.28726408E-12
  396.500000000000         0.75082041E-05      0.28795200E-12
  397.000000000000         0.75073093E-05      0.28880196E-12
  397.500000000000         0.75064447E-05      0.28960349E-12
  398.000000000000         0.75055980E-05      0.28928929E-12
  398.500000000000         0.75047549E-05      0.28960476E-12
  399.000000000000         0.75039122E-05      0.29030491E-12
  399.500000000000         0.75030668E-05      0.29024207E-12
  400.000000000000         0.75022145E-05      0.29108310E-12
  400.500000000000         0.75013601E-05      0.29001529E-12
  401.000000000000         0.75005253E-05      0.29040507E-12
  401.500000000000         0.74997294E-05      0.29064622E-12
  402.000000000000         0.74989634E-05      0.29127982E-12
  402.500000000000         0.74981960E-05      0.29137053E-12
  403.000000000000         0.74973940E-05      0.29274741E-12
  403.500000000000         0.74965478E-05      0.29339614E-12
  404.000000000000         0.74956669E-05      0.29323431E-12
  404.500000000000         0.74947520E-05      0.29230719E-12
  405.000000000000         0.74938123E-05      0.29095633E-12
  405.500000000000         0.74928823E-05      0.29162787E-12
  406.000000000000         0.74919925E-05      0.29130081E-12
  406.500000000000         0.74911440E-05      0.29139064E-12
  407.000000000000         0.74903142E-05      0.29247513E-12
  407.500000000000         0.74894839E-05      0.29142506E-12
  408.000000000000         0.74886491E-05      0.29154503E-12
  408.500000000000         0.74878103E-05      0.29203823E-12
  409.000000000000         0.74869698E-05      0.29293504E-12
  409.500000000000         0.74861372E-05      0.29379075E-12
  410.000000000000         0.74853291E-05      0.29404874E-12
  410.500000000000         0.74845509E-05      0.29430539E-12
  411.000000000000         0.74837828E-05      0.29477088E-12
  411.500000000000         0.74829963E-05      0.29433078E-12
  412.000000000000         0.74821681E-05      0.29542194E-12
  412.500000000000         0.74812864E-05      0.29687231E-12
  413.000000000000         0.74803651E-05      0.29795024E-12
  413.500000000000         0.74794347E-05      0.29937636E-12
  414.000000000000         0.74785177E-05      0.29959432E-12
  414.500000000000         0.74776277E-05      0.30058744E-12
  415.000000000000         0.74767798E-05      0.30111550E-12
  415.500000000000         0.74759688E-05      0.30194369E-12
  416.000000000000         0.74751589E-05      0.30231656E-12
  416.500000000000         0.74743284E-05      0.30226334E-12
  417.000000000000         0.74734890E-05      0.30219075E-12
  417.500000000000         0.74726533E-05      0.30320949E-12
  418.000000000000         0.74718229E-05      0.30350439E-12
  418.500000000000         0.74710018E-05      0.30337824E-12
  419.000000000000         0.74701932E-05      0.30341473E-12
  419.500000000000         0.74693888E-05      0.30471044E-12
  420.000000000000         0.74685692E-05      0.30498739E-12
  420.500000000000         0.74677134E-05      0.30643916E-12
  421.000000000000         0.74668112E-05      0.30679335E-12
  421.500000000000         0.74658742E-05      0.30715500E-12
  422.000000000000         0.74649365E-05      0.30850617E-12
  422.500000000000         0.74640221E-05      0.30898339E-12
  423.000000000000         0.74631288E-05      0.30868950E-12
  423.500000000000         0.74622608E-05      0.30953112E-12
  424.000000000000         0.74614327E-05      0.31031214E-12
  424.500000000000         0.74606313E-05      0.31044625E-12
  425.000000000000         0.74598190E-05      0.31100252E-12
  425.500000000000         0.74589807E-05      0.31042807E-12
  426.000000000000         0.74581388E-05      0.31072679E-12
  426.500000000000         0.74573117E-05      0.31126988E-12
  427.000000000000         0.74564949E-05      0.31154619E-12
  427.500000000000         0.74556839E-05      0.31217630E-12
  428.000000000000         0.74548729E-05      0.31203425E-12
  428.500000000000         0.74540481E-05      0.31263360E-12
  429.000000000000         0.74531953E-05      0.31293812E-12
  429.500000000000         0.74523045E-05      0.31362207E-12
  430.000000000000         0.74513780E-05      0.31389685E-12
  430.500000000000         0.74504390E-05      0.31420363E-12
  431.000000000000         0.74495243E-05      0.31458463E-12
  431.500000000000         0.74486589E-05      0.31465250E-12
  432.000000000000         0.74478328E-05      0.31551134E-12
  432.500000000000         0.74470215E-05      0.31527015E-12
  433.000000000000         0.74462144E-05      0.31514965E-12
  433.500000000000         0.74454071E-05      0.31568462E-12
  434.000000000000         0.74445816E-05      0.31535508E-12
  434.500000000000         0.74437261E-05      0.31550896E-12
  435.000000000000         0.74428634E-05      0.31575235E-12
  435.500000000000         0.74420215E-05      0.31658911E-12
  436.000000000000         0.74411956E-05      0.31630900E-12
  436.500000000000         0.74403625E-05      0.31691728E-12
  437.000000000000         0.74395049E-05      0.31715286E-12
  437.500000000000         0.74386197E-05      0.31888406E-12
  438.000000000000         0.74377060E-05      0.32025187E-12
  438.500000000000         0.74367632E-05      0.32041423E-12
  439.000000000000         0.74358089E-05      0.32038290E-12
  439.500000000000         0.74348788E-05      0.32025966E-12
  440.000000000000         0.74340008E-05      0.32069191E-12
  440.500000000000         0.74331699E-05      0.32100093E-12
  441.000000000000         0.74323619E-05      0.32087312E-12
  441.500000000000         0.74315645E-05      0.32155276E-12
  442.000000000000         0.74307663E-05      0.32102138E-12
  442.500000000000         0.74299489E-05      0.32018115E-12
  443.000000000000         0.74291042E-05      0.32017198E-12
  443.500000000000         0.74282437E-05      0.31975796E-12
  444.000000000000         0.74273941E-05      0.32110590E-12
  444.500000000000         0.74265646E-05      0.32113980E-12
  445.000000000000         0.74257350E-05      0.32153266E-12
  445.500000000000         0.74248878E-05      0.32112762E-12
  446.000000000000         0.74240186E-05      0.31984851E-12
  446.500000000000         0.74231235E-05      0.31997132E-12
  447.000000000000         0.74222012E-05      0.32065276E-12
  447.500000000000         0.74212691E-05      0.32009418E-12
  448.000000000000         0.74203605E-05      0.32037822E-12
  448.500000000000         0.74194943E-05      0.32099156E-12
  449.000000000000         0.74186688E-05      0.32116923E-12
  449.500000000000         0.74178715E-05      0.32164247E-12
  450.000000000000         0.74170761E-05      0.32192063E-12
  450.500000000000         0.74162576E-05      0.32273649E-12
  451.000000000000         0.74154110E-05      0.32313945E-12
  451.500000000000         0.74145443E-05      0.32401731E-12
  452.000000000000         0.74136658E-05      0.32392258E-12
  452.500000000000         0.74127847E-05      0.32400272E-12
  453.000000000000         0.74119120E-05      0.32383580E-12
  453.500000000000         0.74110480E-05      0.32432789E-12
  454.000000000000         0.74101725E-05      0.32435088E-12
  454.500000000000         0.74092661E-05      0.32491076E-12
  455.000000000000         0.74083367E-05      0.32463711E-12
  455.500000000000         0.74074019E-05      0.32538678E-12
  456.000000000000         0.74064721E-05      0.32630362E-12
  456.500000000000         0.74055677E-05      0.32640417E-12
  457.000000000000         0.74047135E-05      0.32731288E-12
  457.500000000000         0.74039044E-05      0.32820980E-12
  458.000000000000         0.74031138E-05      0.32822771E-12
  458.500000000000         0.74023242E-05      0.32832632E-12
  459.000000000000         0.74015230E-05      0.32998211E-12
  459.500000000000         0.74006944E-05      0.33040335E-12
  460.000000000000         0.73998357E-05      0.33010628E-12
  460.500000000000         0.73989643E-05      0.32965487E-12
  461.000000000000         0.73980993E-05      0.32946877E-12
  461.500000000000         0.73972442E-05      0.32960915E-12
  462.000000000000         0.73963896E-05      0.33084654E-12
  462.500000000000         0.73955232E-05      0.33158328E-12
  463.000000000000         0.73946355E-05      0.33128613E-12
  463.500000000000         0.73937262E-05      0.33134940E-12
  464.000000000000         0.73928007E-05      0.33238914E-12
  464.500000000000         0.73918742E-05      0.33261296E-12
  465.000000000000         0.73909758E-05      0.33323005E-12
  465.500000000000         0.73901221E-05      0.33220044E-12
  466.000000000000         0.73893055E-05      0.33294690E-12
  466.500000000000         0.73885052E-05      0.33280190E-12
  467.000000000000         0.73876950E-05      0.33344530E-12
  467.500000000000         0.73868608E-05      0.33369508E-12
  468.000000000000         0.73859969E-05      0.33435561E-12
  468.500000000000         0.73850999E-05      0.33558670E-12
  469.000000000000         0.73841864E-05      0.33678841E-12
  469.500000000000         0.73832802E-05      0.33796235E-12
  470.000000000000         0.73823887E-05      0.33853138E-12
  470.500000000000         0.73815057E-05      0.33847658E-12
  471.000000000000         0.73806202E-05      0.33921297E-12
  471.500000000000         0.73797200E-05      0.33934450E-12
  472.000000000000         0.73788036E-05      0.33973317E-12
  472.500000000000         0.73778883E-05      0.33963897E-12
  473.000000000000         0.73769910E-05      0.33954268E-12
  473.500000000000         0.73761156E-05      0.33960175E-12
  474.000000000000         0.73752735E-05      0.33952568E-12
  474.500000000000         0.73744753E-05      0.34016218E-12
  475.000000000000         0.73737011E-05      0.33956812E-12
  475.500000000000         0.73729127E-05      0.34028597E-12
  476.000000000000         0.73720903E-05      0.34147158E-12
  476.500000000000         0.73712402E-05      0.34199763E-12
  477.000000000000         0.73703702E-05      0.34219042E-12
  477.500000000000         0.73694811E-05      0.34244695E-12
  478.000000000000         0.73685794E-05      0.34198956E-12
  478.500000000000         0.73676826E-05      0.34190002E-12
  479.000000000000         0.73668034E-05      0.34260935E-12
  479.500000000000         0.73659250E-05      0.34300697E-12
  480.000000000000         0.73650255E-05      0.34406434E-12
  480.500000000000         0.73641120E-05      0.34440478E-12
  481.000000000000         0.73631977E-05      0.34336852E-12
  481.500000000000         0.73622925E-05      0.34479832E-12
  482.000000000000         0.73614098E-05      0.34519127E-12
  482.500000000000         0.73605548E-05      0.34615829E-12
  483.000000000000         0.73597251E-05      0.34675585E-12
  483.500000000000         0.73589129E-05      0.34608118E-12
  484.000000000000         0.73580931E-05      0.34617440E-12
  484.500000000000         0.73572370E-05      0.34574595E-12
  485.000000000000         0.73563427E-05      0.34580108E-12
  485.500000000000         0.73554307E-05      0.34660527E-12
  486.000000000000         0.73545126E-05      0.34680722E-12
  486.500000000000         0.73535945E-05      0.34733341E-12
  487.000000000000         0.73526901E-05      0.34712930E-12
  487.500000000000         0.73518027E-05      0.34763944E-12
  488.000000000000         0.73509220E-05      0.34761340E-12
  488.500000000000         0.73500375E-05      0.34806140E-12
  489.000000000000         0.73491417E-05      0.34892708E-12
  489.500000000000         0.73482443E-05      0.34909685E-12
  490.000000000000         0.73473699E-05      0.34967403E-12
  490.500000000000         0.73465258E-05      0.34979716E-12
  491.000000000000         0.73457040E-05      0.34985751E-12
  491.500000000000         0.73449014E-05      0.35035756E-12
  492.000000000000         0.73441081E-05      0.35064505E-12
  492.500000000000         0.73433012E-05      0.35077497E-12
  493.000000000000         0.73424625E-05      0.35063588E-12
  493.500000000000         0.73415820E-05      0.35093665E-12
  494.000000000000         0.73406651E-05      0.35163840E-12
  494.500000000000         0.73397417E-05      0.35247313E-12
  495.000000000000         0.73388315E-05      0.35318410E-12
  495.500000000000         0.73379240E-05      0.35460957E-12
  496.000000000000         0.73370171E-05      0.35479764E-12
  496.500000000000         0.73361236E-05      0.35480976E-12
  497.000000000000         0.73352367E-05      0.35623885E-12
  497.500000000000         0.73343382E-05      0.35631187E-12
  498.000000000000         0.73334291E-05      0.35635664E-12
  498.500000000000         0.73325286E-05      0.35638925E-12
  499.000000000000         0.73316550E-05      0.35741609E-12
  499.500000000000         0.73308103E-05      0.35828275E-12
  500.000000000000         0.73299804E-05      0.35852676E-12
