 #           1601
    9.000000000000         0.99997493E+00      0.10191500E-16      0.99997493E+00      0.10191500E-16
    9.500000000000         0.95169418E+00      0.16688027E+00      0.95169051E+00      0.16687962E+00
   10.000000000000         0.83615070E+00      0.27519261E+00      0.83613781E+00      0.27518837E+00
   10.500000000000         0.70506038E+00      0.31253289E+00      0.70503591E+00      0.31252205E+00
   11.000000000000         0.59148076E+00      0.29706089E+00      0.59144427E+00      0.29704256E+00
   11.500000000000         0.50698678E+00      0.25111256E+00      0.50693792E+00      0.25108836E+00
   12.000000000000         0.45205236E+00      0.19154223E+00      0.45198962E+00      0.19151564E+00
   12.500000000000         0.42312269E+00      0.12951071E+00      0.42304276E+00      0.12948625E+00
   13.000000000000         0.41551558E+00      0.72232223E-01      0.41541307E+00      0.72214402E-01
   13.500000000000         0.42420510E+00      0.24151264E-01      0.42407264E+00      0.24143723E-01
   14.000000000000         0.44411376E+00     -0.12720852E-01      0.44394256E+00     -0.12715948E-01
   14.500000000000         0.47058892E+00     -0.38548397E-01      0.47036942E+00     -0.38530417E-01
   15.000000000000         0.49982065E+00     -0.55038333E-01      0.49954322E+00     -0.55007783E-01
   15.500000000000         0.52922105E+00     -0.64388958E-01      0.52887631E+00     -0.64347015E-01
   16.000000000000         0.55754559E+00     -0.67868881E-01      0.55712439E+00     -0.67817609E-01
   16.500000000000         0.58396340E+00     -0.65635543E-01      0.58345699E+00     -0.65578624E-01
   17.000000000000         0.60725602E+00     -0.57990302E-01      0.60665688E+00     -0.57933086E-01
   17.500000000000         0.62610709E+00     -0.46027341E-01      0.62540975E+00     -0.45976077E-01
   18.000000000000         0.63972441E+00     -0.31514441E-01      0.63892564E+00     -0.31475092E-01
   18.500000000000         0.64830829E+00     -0.16387106E-01      0.64740641E+00     -0.16364309E-01
   19.000000000000         0.65297061E+00     -0.20224886E-02      0.65196416E+00     -0.20193712E-02
   19.500000000000         0.65495137E+00      0.11144942E-01      0.65383846E+00      0.11126005E-01
   20.000000000000         0.65490355E+00      0.23116845E-01      0.65368228E+00      0.23073737E-01
   20.500000000000         0.65323072E+00      0.33625290E-01      0.65189938E+00      0.33556759E-01
   21.000000000000         0.65057127E+00      0.42761929E-01      0.64912764E+00      0.42667040E-01
   21.500000000000         0.64694869E+00      0.51275781E-01      0.64539108E+00      0.51152328E-01
   22.000000000000         0.64168193E+00      0.59123144E-01      0.64001104E+00      0.58969191E-01
   22.500000000000         0.63510171E+00      0.65176060E-01      0.63331842E+00      0.64993052E-01
   23.000000000000         0.62900734E+00      0.68987625E-01      0.62710804E+00      0.68779315E-01
   23.500000000000         0.62483066E+00      0.71465651E-01      0.62280695E+00      0.71234187E-01
   24.000000000000         0.62263418E+00      0.74006668E-01      0.62047627E+00      0.73750177E-01
   24.500000000000         0.62155108E+00      0.77850212E-01      0.61925110E+00      0.77562136E-01
   25.000000000000         0.62008499E+00      0.83798001E-01      0.61764021E+00      0.83467615E-01
   25.500000000000         0.61638430E+00      0.91737813E-01      0.61380007E+00      0.91353196E-01
   26.000000000000         0.60891491E+00      0.10035859E+00      0.60620516E+00      0.99911986E-01
   26.500000000000         0.59716135E+00      0.10745479E+00      0.59434554E+00      0.10694811E+00
   27.000000000000         0.58204606E+00      0.11068512E+00      0.57914272E+00      0.11013301E+00
   27.500000000000         0.56584251E+00      0.10858066E+00      0.56286129E+00      0.10800859E+00
   28.000000000000         0.55106507E+00      0.10122509E+00      0.54800294E+00      0.10066260E+00
   28.500000000000         0.53896363E+00      0.89684061E-01      0.53580935E+00      0.89159186E-01
   29.000000000000         0.53029681E+00      0.74108197E-01      0.52703240E+00      0.73651999E-01
   29.500000000000         0.52745164E+00      0.55058898E-01      0.52404071E+00      0.54702844E-01
   30.000000000000         0.53222634E+00      0.35724837E-01      0.52861499E+00      0.35482431E-01
   30.500000000000         0.54349920E+00      0.19883678E-01      0.53963407E+00      0.19742274E-01
   31.000000000000         0.55827746E+00      0.93741254E-02      0.55412090E+00      0.93043319E-02
   31.500000000000         0.57390647E+00      0.38690777E-02      0.56943762E+00      0.38389503E-02
   32.000000000000         0.58911986E+00      0.23406091E-02      0.58432697E+00      0.23215667E-02
   32.500000000000         0.60325117E+00      0.41703733E-02      0.59812822E+00      0.41349575E-02
   33.000000000000         0.61546353E+00      0.84149858E-02      0.61001276E+00      0.83404595E-02
   33.500000000000         0.62679849E+00      0.13935785E-01      0.62101434E+00      0.13807185E-01
   34.000000000000         0.63798873E+00      0.22049908E-01      0.63185934E+00      0.21838067E-01
   34.500000000000         0.64719288E+00      0.33464792E-01      0.64072470E+00      0.33130338E-01
   35.000000000000         0.65281040E+00      0.46947718E-01      0.64602861E+00      0.46459997E-01
   35.500000000000         0.65452983E+00      0.60632818E-01      0.64746710E+00      0.59978558E-01
   36.000000000000         0.65320195E+00      0.72955563E-01      0.64588607E+00      0.72138459E-01
   36.500000000000         0.65036968E+00      0.83379135E-01      0.64281429E+00      0.82410515E-01
   37.000000000000         0.64716169E+00      0.92659791E-01      0.63936882E+00      0.91544017E-01
   37.500000000000         0.64348641E+00      0.10193317E+00      0.63545975E+00      0.10066168E+00
   38.000000000000         0.63840876E+00      0.11177390E+00      0.63016479E+00      0.11033053E+00
   38.500000000000         0.63080482E+00      0.12184009E+00      0.62237700E+00      0.12021225E+00
   39.000000000000         0.61997652E+00      0.13090008E+00      0.61141152E+00      0.12909169E+00
   39.500000000000         0.60613529E+00      0.13732341E+00      0.59748140E+00      0.13536282E+00
   40.000000000000         0.59032183E+00      0.13981869E+00      0.58161650E+00      0.13775682E+00
   40.500000000000         0.57390901E+00      0.13773885E+00      0.56517190E+00      0.13564193E+00
   41.000000000000         0.55835151E+00      0.13097533E+00      0.54958069E+00      0.12891792E+00
   41.500000000000         0.54509701E+00      0.11990678E+00      0.53626619E+00      0.11796424E+00
   42.000000000000         0.53547720E+00      0.10531036E+00      0.52653476E+00      0.10355168E+00
   42.500000000000         0.53074795E+00      0.88526955E-01      0.52161543E+00      0.87003681E-01
   43.000000000000         0.53146840E+00      0.71622280E-01      0.52205009E+00      0.70353041E-01
   43.500000000000         0.53689837E+00      0.56620808E-01      0.52710366E+00      0.55587868E-01
   44.000000000000         0.54559916E+00      0.44747591E-01      0.53535697E+00      0.43907572E-01
   44.500000000000         0.55602233E+00      0.36356457E-01      0.54528606E+00      0.35654448E-01
   45.000000000000         0.56682069E+00      0.30989864E-01      0.55556751E+00      0.30374617E-01
   45.500000000000         0.57728467E+00      0.27608657E-01      0.56550538E+00      0.27045311E-01
   46.000000000000         0.58763665E+00      0.25289545E-01      0.57531770E+00      0.24759387E-01
   46.500000000000         0.59863075E+00      0.23958540E-01      0.58574233E+00      0.23442716E-01
   47.000000000000         0.61069297E+00      0.24442118E-01      0.59719452E+00      0.23901862E-01
   47.500000000000         0.62341097E+00      0.27686390E-01      0.60926919E+00      0.27058337E-01
   48.000000000000         0.63581643E+00      0.34168992E-01      0.62101913E+00      0.33373780E-01
   48.500000000000         0.64677766E+00      0.43872854E-01      0.63133994E+00      0.42825668E-01
   49.000000000000         0.65527621E+00      0.56303505E-01      0.63924046E+00      0.54925660E-01
   49.500000000000         0.66063901E+00      0.70649306E-01      0.64406876E+00      0.68877269E-01
   50.000000000000         0.66254526E+00      0.86075068E-01      0.64551791E+00      0.83862947E-01
   50.500000000000         0.66078751E+00      0.10181860E+00      0.64339230E+00      0.99138234E-01
   51.000000000000         0.65511050E+00      0.11685633E+00      0.63745048E+00      0.11370619E+00
   51.500000000000         0.64587785E+00      0.12982597E+00      0.62805358E+00      0.12624317E+00
   52.000000000000         0.63424311E+00      0.14000620E+00      0.61632960E+00      0.13605188E+00
   52.500000000000         0.62097966E+00      0.14732233E+00      0.60303450E+00      0.14306499E+00
   53.000000000000         0.60658775E+00      0.15154885E+00      0.58865725E+00      0.14706913E+00
   53.500000000000         0.59166224E+00      0.15246884E+00      0.57377727E+00      0.14785995E+00
   54.000000000000         0.57681902E+00      0.14989303E+00      0.55899281E+00      0.14526069E+00
   54.500000000000         0.56326426E+00      0.14374096E+00      0.54547212E+00      0.13920053E+00
   55.000000000000         0.55224446E+00      0.13506426E+00      0.53441912E+00      0.13070466E+00
   55.500000000000         0.54347768E+00      0.12510187E+00      0.52555615E+00      0.12097656E+00
   56.000000000000         0.53639498E+00      0.11396850E+00      0.51832894E+00      0.11012999E+00
   56.500000000000         0.53126997E+00      0.10139822E+00      0.51299825E+00      0.97910876E-01
   57.000000000000         0.52882549E+00      0.87487849E-01      0.51025750E+00      0.84415997E-01
   57.500000000000         0.52966981E+00      0.72592544E-01      0.51068742E+00      0.69990962E-01
   58.000000000000         0.53434316E+00      0.57199849E-01      0.51480132E+00      0.55107954E-01
   58.500000000000         0.54339851E+00      0.42399108E-01      0.52312301E+00      0.40817095E-01
   59.000000000000         0.55685488E+00      0.29967461E-01      0.53566085E+00      0.28826893E-01
   59.500000000000         0.57379349E+00      0.21563857E-01      0.55152158E+00      0.20726852E-01
   60.000000000000         0.59270920E+00      0.18081852E-01      0.56925139E+00      0.17366222E-01
   60.500000000000         0.61200036E+00      0.19831180E-01      0.58730833E+00      0.19031062E-01
   61.000000000000         0.63000616E+00      0.26697965E-01      0.60409861E+00      0.25600073E-01
   61.500000000000         0.64523411E+00      0.37873274E-01      0.61819491E+00      0.36286156E-01
   62.000000000000         0.65682350E+00      0.52064852E-01      0.62877949E+00      0.49841870E-01
   62.500000000000         0.66458840E+00      0.68127692E-01      0.63568288E+00      0.65164555E-01
   63.000000000000         0.66839726E+00      0.85390798E-01      0.63878836E+00      0.81608125E-01
   63.500000000000         0.66794617E+00      0.10259802E+00      0.63781520E+00      0.97969836E-01
   64.000000000000         0.66420655E+00      0.11808516E+00      0.63370060E+00      0.11266170E+00
   64.500000000000         0.65853618E+00      0.13190199E+00      0.62774702E+00      0.12573505E+00
   65.000000000000         0.65111739E+00      0.14479525E+00      0.62013301E+00      0.13790495E+00
   65.500000000000         0.64138578E+00      0.15693991E+00      0.61032605E+00      0.14933994E+00
   66.000000000000         0.62867365E+00      0.16775632E+00      0.59769736E+00      0.15949055E+00
   66.500000000000         0.61269601E+00      0.17605158E+00      0.58198409E+00      0.16722684E+00
   67.000000000000         0.59409027E+00      0.18029992E+00      0.56379985E+00      0.17110711E+00
   67.500000000000         0.57452007E+00      0.17952860E+00      0.54472920E+00      0.17021942E+00
   68.000000000000         0.55559915E+00      0.17380715E+00      0.52630370E+00      0.16464270E+00
   68.500000000000         0.53849903E+00      0.16356320E+00      0.50963076E+00      0.15479478E+00
   69.000000000000         0.52427408E+00      0.14930573E+00      0.49570285E+00      0.14116906E+00
   69.500000000000         0.51396103E+00      0.13162991E+00      0.48549192E+00      0.12433873E+00
   70.000000000000         0.50858860E+00      0.11136576E+00      0.47995848E+00      0.10509661E+00
   70.500000000000         0.50904069E+00      0.89861225E-01      0.47992264E+00      0.84721000E-01
   71.000000000000         0.51565975E+00      0.69057720E-01      0.48569106E+00      0.65044279E-01
   71.500000000000         0.52781000E+00      0.51152018E-01      0.49664843E+00      0.48132036E-01
   72.000000000000         0.54366114E+00      0.37670399E-01      0.51105868E+00      0.35411368E-01
   72.500000000000         0.56149997E+00      0.28419395E-01      0.52730231E+00      0.26688537E-01
   73.000000000000         0.58099920E+00      0.23489302E-01      0.54506634E+00      0.22036567E-01
   73.500000000000         0.60092197E+00      0.23625072E-01      0.56318650E+00      0.22141513E-01
   74.000000000000         0.61968304E+00      0.28422862E-01      0.58017701E+00      0.26610848E-01
   74.500000000000         0.63647094E+00      0.37087671E-01      0.59528188E+00      0.34687551E-01
   75.000000000000         0.65072605E+00      0.49069765E-01      0.60798360E+00      0.45846654E-01
   75.500000000000         0.66180652E+00      0.63590332E-01      0.61769022E+00      0.59351374E-01
   76.000000000000         0.66973532E+00      0.79605266E-01      0.62443223E+00      0.74220505E-01
   76.500000000000         0.67494392E+00      0.96801063E-01      0.62862063E+00      0.90157334E-01
   77.000000000000         0.67716219E+00      0.11537588E+00      0.63001207E+00      0.10734238E+00
   77.500000000000         0.67541645E+00      0.13512601E+00      0.62771057E+00      0.12558182E+00
   78.000000000000         0.66868132E+00      0.15502635E+00      0.62077616E+00      0.14392007E+00
   78.500000000000         0.65645251E+00      0.17333631E+00      0.60875645E+00      0.16074217E+00
   79.000000000000         0.63926134E+00      0.18795671E+00      0.59216062E+00      0.17410807E+00
   79.500000000000         0.61881160E+00      0.19736382E+00      0.57258072E+00      0.18261895E+00
   80.000000000000         0.59686269E+00      0.20117650E+00      0.55165339E+00      0.18593841E+00
   80.500000000000         0.57476764E+00      0.19934159E+00      0.53063285E+00      0.18403470E+00
   81.000000000000         0.55400496E+00      0.19197197E+00      0.51088341E+00      0.17702963E+00
   81.500000000000         0.53600769E+00      0.17973221E+00      0.49372130E+00      0.16555289E+00
   82.000000000000         0.52184779E+00      0.16368153E+00      0.48012438E+00      0.15059466E+00
   82.500000000000         0.51225205E+00      0.14501692E+00      0.47074860E+00      0.13326743E+00
   83.000000000000         0.50760761E+00      0.12502424E+00      0.46593489E+00      0.11476021E+00
   83.500000000000         0.50788780E+00      0.10508549E+00      0.46564294E+00      0.96344733E-01
   84.000000000000         0.51240961E+00      0.86415761E-01      0.46923131E+00      0.79133920E-01
   84.500000000000         0.52034748E+00      0.69137715E-01      0.47593101E+00      0.63236171E-01
   85.000000000000         0.53216247E+00      0.53292832E-01      0.48615186E+00      0.48685149E-01
   85.500000000000         0.54788878E+00      0.40360951E-01      0.49991206E+00      0.36826682E-01
   86.000000000000         0.56640600E+00      0.31632362E-01      0.51617726E+00      0.28827213E-01
   86.500000000000         0.58640348E+00      0.27683838E-01      0.53374487E+00      0.25197849E-01
   87.000000000000         0.60663716E+00      0.28588572E-01      0.55147859E+00      0.25989152E-01
   87.500000000000         0.62605816E+00      0.34074250E-01      0.56842493E+00      0.30937466E-01
   88.000000000000         0.64385975E+00      0.43755107E-01      0.58385474E+00      0.39677316E-01
   88.500000000000         0.65931725E+00      0.57312206E-01      0.59711692E+00      0.51905343E-01
   89.000000000000         0.67157995E+00      0.74398973E-01      0.60744977E+00      0.67294503E-01
   89.500000000000         0.67964786E+00      0.94376694E-01      0.61396076E+00      0.85255306E-01
   90.000000000000         0.68256594E+00      0.11616009E+00      0.61580268E+00      0.10479822E+00
   90.500000000000         0.67974623E+00      0.13820090E+00      0.61246370E+00      0.12452152E+00
   91.000000000000         0.67130002E+00      0.15872846E+00      0.60406417E+00      0.14283058E+00
   91.500000000000         0.65806497E+00      0.17622877E+00      0.59137689E+00      0.15836980E+00
   92.000000000000         0.64118198E+00      0.18973384E+00      0.57544299E+00      0.17028084E+00
   92.500000000000         0.62178797E+00      0.19861767E+00      0.55729482E+00      0.17801663E+00
   93.000000000000         0.60116883E+00      0.20248202E+00      0.53809270E+00      0.18123711E+00
   93.500000000000         0.58071654E+00      0.20137251E+00      0.51908569E+00      0.18000105E+00
   94.000000000000         0.56157827E+00      0.19578657E+00      0.50129760E+00      0.17477054E+00
   94.500000000000         0.54451276E+00      0.18642751E+00      0.48540038E+00      0.16618891E+00
   95.000000000000         0.52996667E+00      0.17399126E+00      0.47178439E+00      0.15488967E+00
   95.500000000000         0.51817393E+00      0.15897632E+00      0.46064861E+00      0.14132749E+00
   96.000000000000         0.50958187E+00      0.14142635E+00      0.45238022E+00      0.12555094E+00
   96.500000000000         0.50538629E+00      0.12150112E+00      0.44802759E+00      0.10771138E+00
   97.000000000000         0.50671403E+00      0.10047521E+00      0.44857195E+00      0.88946348E-01
   97.500000000000         0.51371930E+00      0.80241248E-01      0.45412892E+00      0.70933430E-01
   98.000000000000         0.52578522E+00      0.62532808E-01      0.46413249E+00      0.55200312E-01
   98.500000000000         0.54181193E+00      0.48684424E-01      0.47759380E+00      0.42914114E-01
   99.000000000000         0.56042466E+00      0.39493825E-01      0.49328746E+00      0.34762583E-01
   99.500000000000         0.58022870E+00      0.35195914E-01      0.50997744E+00      0.30934564E-01
  100.000000000000         0.60001999E+00      0.35603443E-01      0.52660208E+00      0.31247038E-01
  100.500000000000         0.61885683E+00      0.40343500E-01      0.54233588E+00      0.35355071E-01
  101.000000000000         0.63596630E+00      0.49039355E-01      0.55650583E+00      0.42912159E-01
  101.500000000000         0.65061866E+00      0.61261911E-01      0.56848076E+00      0.53527850E-01
  102.000000000000         0.66221827E+00      0.76411414E-01      0.57775036E+00      0.66664911E-01
  102.500000000000         0.67031323E+00      0.93902790E-01      0.58393275E+00      0.81801927E-01
  103.000000000000         0.67432096E+00      0.11309376E+00      0.58653486E+00      0.98370709E-01
  103.500000000000         0.67371073E+00      0.13297512E+00      0.58511187E+00      0.11548773E+00
  104.000000000000         0.66831663E+00      0.15229768E+00      0.57953829E+00      0.13206665E+00
  104.500000000000         0.65836971E+00      0.16980044E+00      0.57003335E+00      0.14701757E+00
  105.000000000000         0.64445508E+00      0.18433359E+00      0.55712131E+00      0.15935350E+00
  105.500000000000         0.62748198E+00      0.19495047E+00      0.54160316E+00      0.16826904E+00
  106.000000000000         0.60861818E+00      0.20101425E+00      0.52449795E+00      0.17323104E+00
  106.500000000000         0.58912867E+00      0.20232446E+00      0.50690209E+00      0.17408539E+00
  107.000000000000         0.57014521E+00      0.19907370E+00      0.48979074E+00      0.17101688E+00
  107.500000000000         0.55264083E+00      0.19155812E+00      0.47399670E+00      0.16429825E+00
  108.000000000000         0.53771067E+00      0.18014137E+00      0.46045200E+00      0.15425852E+00
  108.500000000000         0.52643267E+00      0.16564030E+00      0.45006785E+00      0.14161236E+00
  109.000000000000         0.51930795E+00      0.14924184E+00      0.44325706E+00      0.12738588E+00
  109.500000000000         0.51632784E+00      0.13200031E+00      0.43999511E+00      0.11248568E+00
  110.000000000000         0.51739024E+00      0.11478017E+00      0.44017788E+00      0.97651035E-01
  110.500000000000         0.52231961E+00      0.98454041E-01      0.44363934E+00      0.83623293E-01
  111.000000000000         0.53069646E+00      0.83910039E-01      0.45000746E+00      0.71152055E-01
  111.500000000000         0.54183987E+00      0.71869981E-01      0.45869112E+00      0.60841078E-01
  112.000000000000         0.55497746E+00      0.62721500E-01      0.46902567E+00      0.53007547E-01
  112.500000000000         0.56950223E+00      0.56559942E-01      0.48049030E+00      0.47719749E-01
  113.000000000000         0.58504007E+00      0.53472201E-01      0.49276378E+00      0.45038221E-01
  113.500000000000         0.60119986E+00      0.53742507E-01      0.50551265E+00      0.45188828E-01
  114.000000000000         0.61733287E+00      0.57722636E-01      0.51818944E+00      0.48452402E-01
  114.500000000000         0.63252391E+00      0.65590719E-01      0.53002715E+00      0.54962132E-01
  115.000000000000         0.64566929E+00      0.77198679E-01      0.54010640E+00      0.64577178E-01
  115.500000000000         0.65564618E+00      0.91959657E-01      0.54749827E+00      0.76791040E-01
  116.000000000000         0.66157471E+00      0.10885498E+00      0.55148298E+00      0.90740571E-01
  116.500000000000         0.66300103E+00      0.12659286E+00      0.55170054E+00      0.10534124E+00
  117.000000000000         0.65995173E+00      0.14381279E+00      0.54819282E+00      0.11945895E+00
  117.500000000000         0.65293159E+00      0.15928200E+00      0.54139818E+00      0.13207353E+00
  118.000000000000         0.64282737E+00      0.17216703E+00      0.53206827E+00      0.14250266E+00
  118.500000000000         0.63048834E+00      0.18214714E+00      0.52091865E+00      0.15049262E+00
  119.000000000000         0.61649303E+00      0.18898155E+00      0.50843662E+00      0.15585762E+00
  119.500000000000         0.60161423E+00      0.19234052E+00      0.49526597E+00      0.15834019E+00
  120.000000000000         0.58686179E+00      0.19232403E+00      0.48224073E+00      0.15803803E+00
  120.500000000000         0.57277394E+00      0.18940094E+00      0.46980204E+00      0.15535090E+00
  121.000000000000         0.55957069E+00      0.18365488E+00      0.45812723E+00      0.15036045E+00
  121.500000000000         0.54794789E+00      0.17505700E+00      0.44778118E+00      0.14305599E+00
  122.000000000000         0.53876084E+00      0.16414044E+00      0.43945450E+00      0.13388548E+00
  122.500000000000         0.53243395E+00      0.15174933E+00      0.43348179E+00      0.12354691E+00
  123.000000000000         0.52898762E+00      0.13859647E+00      0.42986662E+00      0.11262645E+00
  123.500000000000         0.52832996E+00      0.12517541E+00      0.42852132E+00      0.10152809E+00
  124.000000000000         0.53045022E+00      0.11188000E+00      0.42942437E+00      0.90572120E-01
  124.500000000000         0.53541956E+00      0.99134045E-01      0.43262041E+00      0.80100569E-01
  125.000000000000         0.54332517E+00      0.87453332E-01      0.43816650E+00      0.70527048E-01
  125.500000000000         0.55417526E+00      0.77569531E-01      0.44605550E+00      0.62435692E-01
  126.000000000000         0.56758250E+00      0.70506118E-01      0.45596240E+00      0.56640468E-01
  126.500000000000         0.58254773E+00      0.67186562E-01      0.46707394E+00      0.53868705E-01
  127.000000000000         0.59771412E+00      0.67967544E-01      0.47829688E+00      0.54388316E-01
  127.500000000000         0.61176113E+00      0.72555309E-01      0.48857546E+00      0.57945400E-01
  128.000000000000         0.62371517E+00      0.80177844E-01      0.49713874E+00      0.63906595E-01
  128.500000000000         0.63309361E+00      0.89878133E-01      0.50361258E+00      0.71496154E-01
  129.000000000000         0.63984122E+00      0.10081288E+00      0.50796523E+00      0.80034599E-01
  129.500000000000         0.64411102E+00      0.11242033E+00      0.51033036E+00      0.89070837E-01
  130.000000000000         0.64602064E+00      0.12436798E+00      0.51081278E+00      0.98338583E-01
  130.500000000000         0.64557521E+00      0.13633234E+00      0.50942782E+00      0.10758078E+00
  131.000000000000         0.64282567E+00      0.14784508E+00      0.50622691E+00      0.11642839E+00
  131.500000000000         0.63807730E+00      0.15848095E+00      0.50146111E+00      0.12454922E+00
  132.000000000000         0.63165379E+00      0.16824009E+00      0.49539402E+00      0.13194749E+00
  132.500000000000         0.62331719E+00      0.17715783E+00      0.48784760E+00      0.13865497E+00
  133.000000000000         0.61275412E+00      0.18459609E+00      0.47858651E+00      0.14417724E+00
  133.500000000000         0.60024420E+00      0.18969262E+00      0.46783967E+00      0.14784938E+00
  134.000000000000         0.58642954E+00      0.19179436E+00      0.45611617E+00      0.14917480E+00
  134.500000000000         0.57213173E+00      0.19044529E+00      0.44406027E+00      0.14781419E+00
  135.000000000000         0.55837245E+00      0.18542462E+00      0.43246583E+00      0.14361348E+00
  135.500000000000         0.54631946E+00      0.17690256E+00      0.42223294E+00      0.13672236E+00
  136.000000000000         0.53702686E+00      0.16556283E+00      0.41416627E+00      0.12768550E+00
  136.500000000000         0.53109976E+00      0.15243830E+00      0.40871799E+00      0.11731181E+00
  137.000000000000         0.52867596E+00      0.13858790E+00      0.40597736E+00      0.10642350E+00
  137.500000000000         0.52959489E+00      0.12495933E+00      0.40580394E+00      0.95750522E-01
  138.000000000000         0.53347745E+00      0.11231770E+00      0.40789126E+00      0.85876936E-01
  138.500000000000         0.53981144E+00      0.10116140E+00      0.41183371E+00      0.77178202E-01
  139.000000000000         0.54808406E+00      0.91692929E-01      0.41722860E+00      0.69801176E-01
  139.500000000000         0.55792737E+00      0.83936734E-01      0.42378664E+00      0.63756087E-01
  140.000000000000         0.56913422E+00      0.78016316E-01      0.43134282E+00      0.59128016E-01
  140.500000000000         0.58148241E+00      0.74288871E-01      0.43972212E+00      0.56177898E-01
  141.000000000000         0.59460106E+00      0.73175206E-01      0.44863881E+00      0.55212208E-01
  141.500000000000         0.60798338E+00      0.74973812E-01      0.45770733E+00      0.56442437E-01
  142.000000000000         0.62101842E+00      0.79843266E-01      0.46646728E+00      0.59972894E-01
  142.500000000000         0.63297322E+00      0.87804504E-01      0.47437100E+00      0.65803591E-01
  143.000000000000         0.64302170E+00      0.98650862E-01      0.48080619E+00      0.73764143E-01
  143.500000000000         0.65037625E+00      0.11186202E+00      0.48519491E+00      0.83451516E-01
  144.000000000000         0.65446971E+00      0.12665553E+00      0.48712875E+00      0.94271058E-01
  144.500000000000         0.65503703E+00      0.14217204E+00      0.48642761E+00      0.10557633E+00
  145.000000000000         0.65201674E+00      0.15760162E+00      0.48306410E+00      0.11676339E+00
  145.500000000000         0.64544581E+00      0.17214331E+00      0.47708409E+00      0.12724048E+00
  146.000000000000         0.63549813E+00      0.18492262E+00      0.46863424E+00      0.13636716E+00
  146.500000000000         0.62262563E+00      0.19501974E+00      0.45806466E+00      0.14347570E+00
  147.000000000000         0.60763861E+00      0.20166266E+00      0.44598542E+00      0.14801332E+00
  147.500000000000         0.59155487E+00      0.20444202E+00      0.43315294E+00      0.14969814E+00
  148.000000000000         0.57534754E+00      0.20329973E+00      0.42028401E+00      0.14850785E+00
  148.500000000000         0.55990664E+00      0.19838528E+00      0.40802803E+00      0.14457188E+00
  149.000000000000         0.54609443E+00      0.19005664E+00      0.39700805E+00      0.13817027E+00
  149.500000000000         0.53463024E+00      0.17889690E+00      0.38773738E+00      0.12974391E+00
  150.000000000000         0.52600776E+00      0.16556567E+00      0.38056099E+00      0.11978500E+00
  150.500000000000         0.52058058E+00      0.15073265E+00      0.37571922E+00      0.10878845E+00
  151.000000000000         0.51850139E+00      0.13513013E+00      0.37330523E+00      0.97289580E-01
  151.500000000000         0.51973751E+00      0.11941195E+00      0.37327788E+00      0.85762214E-01
  152.000000000000         0.52426907E+00      0.10413439E+00      0.37560539E+00      0.74605654E-01
  152.500000000000         0.53212619E+00      0.89897468E-01      0.38029176E+00      0.64246540E-01
  153.000000000000         0.54327569E+00      0.77440279E-01      0.38729561E+00      0.55206373E-01
  153.500000000000         0.55745434E+00      0.67606455E-01      0.39641213E+00      0.48075720E-01
  154.000000000000         0.57407619E+00      0.61215673E-01      0.40720939E+00      0.43422106E-01
  154.500000000000         0.59224952E+00      0.58946682E-01      0.41904326E+00      0.41707438E-01
  155.000000000000         0.61084267E+00      0.61211429E-01      0.43110660E+00      0.43200406E-01
  155.500000000000         0.62864357E+00      0.68023851E-01      0.44254374E+00      0.47886482E-01
  156.000000000000         0.64456218E+00      0.79055599E-01      0.45259339E+00      0.55510612E-01
  156.500000000000         0.65762974E+00      0.93822406E-01      0.46058705E+00      0.65710813E-01
  157.000000000000         0.66686414E+00      0.11166279E+00      0.46585391E+00      0.78004716E-01
  157.500000000000         0.67136877E+00      0.13152328E+00      0.46778989E+00      0.91641532E-01
  158.000000000000         0.67066241E+00      0.15195869E+00      0.46608612E+00      0.10560579E+00
  158.500000000000         0.66484635E+00      0.17146008E+00      0.46084109E+00      0.11884829E+00
  159.000000000000         0.65445961E+00      0.18876266E+00      0.45245523E+00      0.13049950E+00
  159.500000000000         0.64031542E+00      0.20288307E+00      0.44151427E+00      0.13989319E+00
  160.000000000000         0.62341867E+00      0.21313322E+00      0.42872987E+00      0.14657338E+00
  160.500000000000         0.60483385E+00      0.21915914E+00      0.41484735E+00      0.15031829E+00
  161.000000000000         0.58558552E+00      0.22095448E+00      0.40057696E+00      0.15114662E+00
  161.500000000000         0.56644814E+00      0.21869793E+00      0.38645089E+00      0.14920344E+00
  162.000000000000         0.54806533E+00      0.21240445E+00      0.37290662E+00      0.14452114E+00
  162.500000000000         0.53126119E+00      0.20209438E+00      0.36049939E+00      0.13713575E+00
  163.000000000000         0.51695034E+00      0.18798424E+00      0.34983964E+00      0.12721597E+00
  163.500000000000         0.50611440E+00      0.17049074E+00      0.34157627E+00      0.11506409E+00
  164.000000000000         0.49977083E+00      0.15036277E+00      0.33637502E+00      0.10120294E+00
  164.500000000000         0.49876666E+00      0.12876522E+00      0.33477970E+00      0.86429154E-01
  165.000000000000         0.50354795E+00      0.10720629E+00      0.33705937E+00      0.71760566E-01
  165.500000000000         0.51397542E+00      0.87368774E-01      0.34308900E+00      0.58320425E-01
  166.000000000000         0.52921996E+00      0.70842537E-01      0.35228529E+00      0.47157677E-01
  166.500000000000         0.54792399E+00      0.58787498E-01      0.36372021E+00      0.39024029E-01
  167.000000000000         0.56858330E+00      0.51740733E-01      0.37637867E+00      0.34250229E-01
  167.500000000000         0.58989025E+00      0.49728455E-01      0.38938645E+00      0.32825745E-01
  168.000000000000         0.61081814E+00      0.52594968E-01      0.40206401E+00      0.34620032E-01
  168.500000000000         0.63049447E+00      0.60146825E-01      0.41384062E+00      0.39478854E-01
  169.000000000000         0.64805457E+00      0.72099812E-01      0.42415722E+00      0.47189940E-01
  169.500000000000         0.66252397E+00      0.88009028E-01      0.43238959E+00      0.57438204E-01
  170.000000000000         0.67295420E+00      0.10712317E+00      0.43793772E+00      0.69712437E-01
  170.500000000000         0.67861961E+00      0.12839792E+00      0.44035336E+00      0.83316860E-01
  171.000000000000         0.67908368E+00      0.15061025E+00      0.43938083E+00      0.97447869E-01
  171.500000000000         0.67420518E+00      0.17244235E+00      0.43495830E+00      0.11124986E+00
  172.000000000000         0.66418326E+00      0.19253270E+00      0.42724404E+00      0.12384902E+00
  172.500000000000         0.64963053E+00      0.20963598E+00      0.41666004E+00      0.13445633E+00
  173.000000000000         0.63140831E+00      0.22280899E+00      0.40378281E+00      0.14248536E+00
  173.500000000000         0.61043501E+00      0.23130300E+00      0.38921883E+00      0.14748086E+00
  174.000000000000         0.58777503E+00      0.23446076E+00      0.37366047E+00      0.14905145E+00
  174.500000000000         0.56474279E+00      0.23180690E+00      0.35795059E+00      0.14692603E+00
  175.000000000000         0.54292680E+00      0.22322004E+00      0.34309528E+00      0.14106090E+00
  175.500000000000         0.52412846E+00      0.20922062E+00      0.33022274E+00      0.13181769E+00
  176.000000000000         0.50984368E+00      0.19112594E+00      0.32025560E+00      0.12005474E+00
  176.500000000000         0.50084289E+00      0.17052057E+00      0.31365075E+00      0.10678779E+00
  177.000000000000         0.49729100E+00      0.14899692E+00      0.31048112E+00      0.93025471E-01
  177.500000000000         0.49878679E+00      0.12789106E+00      0.31046594E+00      0.79604790E-01
  178.000000000000         0.50474639E+00      0.10808235E+00      0.31321408E+00      0.67069153E-01
  178.500000000000         0.51470844E+00      0.90175592E-01      0.31841461E+00      0.55785419E-01
  179.000000000000         0.52834272E+00      0.74772807E-01      0.32584094E+00      0.46114086E-01
  179.500000000000         0.54527137E+00      0.62594559E-01      0.33523968E+00      0.38483920E-01
  180.000000000000         0.56492983E+00      0.54425086E-01      0.34624585E+00      0.33357169E-01
  180.500000000000         0.58645263E+00      0.51080600E-01      0.35831492E+00      0.31209582E-01
  181.000000000000         0.60849849E+00      0.53194071E-01      0.37061916E+00      0.32398999E-01
  181.500000000000         0.62946401E+00      0.60808991E-01      0.38218196E+00      0.36920457E-01
  182.000000000000         0.64794245E+00      0.73402881E-01      0.39215802E+00      0.44426057E-01
  182.500000000000         0.66278122E+00      0.90232618E-01      0.39986622E+00      0.54438742E-01
  183.000000000000         0.67293388E+00      0.11031217E+00      0.40469816E+00      0.66341040E-01
  183.500000000000         0.67767274E+00      0.13228581E+00      0.40624459E+00      0.79301400E-01
  184.000000000000         0.67670487E+00      0.15464695E+00      0.40436172E+00      0.92408537E-01
  184.500000000000         0.67014565E+00      0.17585258E+00      0.39915125E+00      0.10474107E+00
  185.000000000000         0.65860668E+00      0.19445497E+00      0.39100863E+00      0.11544610E+00
  185.500000000000         0.64310785E+00      0.20937457E+00      0.38056629E+00      0.12389975E+00
  186.000000000000         0.62479178E+00      0.21995428E+00      0.36852117E+00      0.12973571E+00
  186.500000000000         0.60482805E+00      0.22579059E+00      0.35557729E+00      0.13274187E+00
  187.000000000000         0.58446523E+00      0.22676198E+00      0.34247591E+00      0.13287448E+00
  187.500000000000         0.56485456E+00      0.22311134E+00      0.32989180E+00      0.13030363E+00
  188.000000000000         0.54689107E+00      0.21526964E+00      0.31834169E+00      0.12530704E+00
  188.500000000000         0.53130023E+00      0.20368048E+00      0.30823699E+00      0.11816644E+00
  189.000000000000         0.51879076E+00      0.18880266E+00      0.29997376E+00      0.10916895E+00
  189.500000000000         0.51012744E+00      0.17125352E+00      0.29397487E+00      0.98689520E-01
  190.000000000000         0.50604962E+00      0.15200960E+00      0.29064262E+00      0.87304620E-01
  190.500000000000         0.50698113E+00      0.13241451E+00      0.29019294E+00      0.75793269E-01
  191.000000000000         0.51287746E+00      0.11376229E+00      0.29257126E+00      0.64895771E-01
  191.500000000000         0.52330438E+00      0.97367992E-01      0.29750177E+00      0.55354304E-01
  192.000000000000         0.53714382E+00      0.84446883E-01      0.30432456E+00      0.47844282E-01
  192.500000000000         0.55305201E+00      0.75482242E-01      0.31226098E+00      0.42618341E-01
  193.000000000000         0.56996451E+00      0.70471548E-01      0.32070000E+00      0.39651987E-01
  193.500000000000         0.58708779E+00      0.69312617E-01      0.32919077E+00      0.38864841E-01
  194.000000000000         0.60372714E+00      0.71919920E-01      0.33734383E+00      0.40186600E-01
  194.500000000000         0.61917884E+00      0.78143088E-01      0.34477015E+00      0.43511507E-01
  195.000000000000         0.63274489E+00      0.87674275E-01      0.35108936E+00      0.48647576E-01
  195.500000000000         0.64378986E+00      0.10004448E+00      0.35596113E+00      0.55316102E-01
  196.000000000000         0.65175291E+00      0.11465680E+00      0.35909123E+00      0.63171568E-01
  196.500000000000         0.65613871E+00      0.13075446E+00      0.36022578E+00      0.71785317E-01
  197.000000000000         0.65662719E+00      0.14739527E+00      0.35921064E+00      0.80633194E-01
  197.500000000000         0.65319977E+00      0.16359228E+00      0.35605855E+00      0.89173992E-01
  198.000000000000         0.64607502E+00      0.17842305E+00      0.35091124E+00      0.96909266E-01
  198.500000000000         0.63565261E+00      0.19101301E+00      0.34400673E+00      0.10337370E+00
  199.000000000000         0.62255758E+00      0.20054960E+00      0.33570144E+00      0.10814227E+00
  199.500000000000         0.60768125E+00      0.20639046E+00      0.32649000E+00      0.11088778E+00
  200.000000000000         0.59212628E+00      0.20822186E+00      0.31697318E+00      0.11146397E+00
  200.500000000000         0.57703906E+00      0.20616002E+00      0.30776645E+00      0.10995640E+00
  201.000000000000         0.56343066E+00      0.20070514E+00      0.29940438E+00      0.10665376E+00
  201.500000000000         0.55207482E+00      0.19263445E+00      0.29228796E+00      0.10198750E+00
  202.000000000000         0.54329048E+00      0.18287368E+00      0.28657220E+00      0.96461309E-01
  202.500000000000         0.53691629E+00      0.17211467E+00      0.28215722E+00      0.90448730E-01
  203.000000000000         0.53275775E+00      0.16068172E+00      0.27892704E+00      0.84125431E-01
  203.500000000000         0.53081774E+00      0.14876585E+00      0.27687014E+00      0.77595037E-01
  204.000000000000         0.53125471E+00      0.13662379E+00      0.27605583E+00      0.70993809E-01
  204.500000000000         0.53426280E+00      0.12468135E+00      0.27657064E+00      0.64543519E-01
  205.000000000000         0.53992950E+00      0.11355073E+00      0.27844455E+00      0.58558724E-01
  205.500000000000         0.54811661E+00      0.10394864E+00      0.28159093E+00      0.53402861E-01
  206.000000000000         0.55844900E+00      0.96529747E-01      0.28580296E+00      0.49401982E-01
  206.500000000000         0.57039976E+00      0.91805055E-01      0.29079941E+00      0.46803764E-01
  207.000000000000         0.58317803E+00      0.90185846E-01      0.29616910E+00      0.45801212E-01
  207.500000000000         0.59569548E+00      0.91753860E-01      0.30135659E+00      0.46417392E-01
  208.000000000000         0.60699484E+00      0.96098836E-01      0.30588106E+00      0.48426793E-01
  208.500000000000         0.61652249E+00      0.10255094E+00      0.30947178E+00      0.51476830E-01
  209.000000000000         0.62407562E+00      0.11045114E+00      0.31203781E+00      0.55225572E-01
  209.500000000000         0.62964566E+00      0.11926783E+00      0.31358653E+00      0.59399733E-01
  210.000000000000         0.63332325E+00      0.12860431E+00      0.31417460E+00      0.63797130E-01
  210.500000000000         0.63525029E+00      0.13824485E+00      0.31388330E+00      0.68308113E-01
  211.000000000000         0.63546058E+00      0.14814596E+00      0.31273960E+00      0.72909490E-01
  211.500000000000         0.63381831E+00      0.15817779E+00      0.31068706E+00      0.77536086E-01
  212.000000000000         0.63017121E+00      0.16803368E+00      0.30766226E+00      0.82037425E-01
  212.500000000000         0.62437721E+00      0.17726533E+00      0.30360796E+00      0.86196552E-01
  213.000000000000         0.61643802E+00      0.18523541E+00      0.29853761E+00      0.89708512E-01
  213.500000000000         0.60668497E+00      0.19126182E+00      0.29262371E+00      0.92251736E-01
  214.000000000000         0.59574653E+00      0.19485960E+00      0.28617881E+00      0.93604722E-01
  214.500000000000         0.58434996E+00      0.19584702E+00      0.27955785E+00      0.93694833E-01
  215.000000000000         0.57315795E+00      0.19428608E+00      0.27307926E+00      0.92566974E-01
  215.500000000000         0.56272231E+00      0.19037726E+00      0.26700366E+00      0.90331277E-01
  216.000000000000         0.55349771E+00      0.18440109E+00      0.26154146E+00      0.87134107E-01
  216.500000000000         0.54584971E+00      0.17669763E+00      0.25685755E+00      0.83147648E-01
  217.000000000000         0.54005292E+00      0.16763160E+00      0.25307136E+00      0.78552964E-01
  217.500000000000         0.53629998E+00      0.15755191E+00      0.25026190E+00      0.73520867E-01
  218.000000000000         0.53470408E+00      0.14680606E+00      0.24846977E+00      0.68218793E-01
  218.500000000000         0.53531216E+00      0.13576419E+00      0.24770403E+00      0.62821917E-01
  219.000000000000         0.53814396E+00      0.12481331E+00      0.24796083E+00      0.57510287E-01
  219.500000000000         0.54321181E+00      0.11436168E+00      0.24923281E+00      0.52470660E-01
  220.000000000000         0.55050023E+00      0.10486458E+00      0.25149978E+00      0.47908096E-01
  220.500000000000         0.55990339E+00      0.96852798E-01      0.25470060E+00      0.44058433E-01
  221.000000000000         0.57114455E+00      0.90922325E-01      0.25869755E+00      0.41182889E-01
  221.500000000000         0.58374157E+00      0.87626498E-01      0.26326244E+00      0.39518800E-01
  222.000000000000         0.59710392E+00      0.87331398E-01      0.26812222E+00      0.39215097E-01
  222.500000000000         0.61057131E+00      0.90282178E-01      0.27297721E+00      0.40363798E-01
  223.000000000000         0.62325376E+00      0.96586606E-01      0.27743072E+00      0.42993871E-01
  223.500000000000         0.63415672E+00      0.10597027E+00      0.28104661E+00      0.46964076E-01
  224.000000000000         0.64250129E+00      0.11777260E+00      0.28349168E+00      0.51964956E-01
  224.500000000000         0.64787038E+00      0.13117385E+00      0.28459771E+00      0.57622296E-01
  225.000000000000         0.65014288E+00      0.14541420E+00      0.28432919E+00      0.63594483E-01
  225.500000000000         0.64932763E+00      0.15987533E+00      0.28270807E+00      0.69607458E-01
  226.000000000000         0.64543475E+00      0.17402401E+00      0.27975681E+00      0.75428850E-01
  226.500000000000         0.63845505E+00      0.18731601E+00      0.27548941E+00      0.80825704E-01
  227.000000000000         0.62841138E+00      0.19911737E+00      0.26993372E+00      0.85530744E-01
  227.500000000000         0.61547295E+00      0.20865393E+00      0.26317994E+00      0.89221679E-01
  228.000000000000         0.60009883E+00      0.21507577E+00      0.25544034E+00      0.91549966E-01
  228.500000000000         0.58310141E+00      0.21762632E+00      0.24707330E+00      0.92213210E-01
  229.000000000000         0.56559845E+00      0.21582663E+00      0.23855968E+00      0.91031952E-01
  229.500000000000         0.54886541E+00      0.20961321E+00      0.23043788E+00      0.88004861E-01
  230.000000000000         0.53412462E+00      0.19936479E+00      0.22321419E+00      0.83315855E-01
  230.500000000000         0.52236350E+00      0.18580555E+00      0.21728774E+00      0.77289601E-01
  231.000000000000         0.51425352E+00      0.16985642E+00      0.21291919E+00      0.70326579E-01
  231.500000000000         0.51015916E+00      0.15250086E+00      0.21023754E+00      0.62845889E-01
  232.000000000000         0.51020002E+00      0.13467641E+00      0.20926855E+00      0.55240172E-01
  232.500000000000         0.51434641E+00      0.11721885E+00      0.20997615E+00      0.47853281E-01
  233.000000000000         0.52246273E+00      0.10092364E+00      0.21228149E+00      0.41006217E-01
  233.500000000000         0.53424660E+00      0.86614166E-01      0.21603936E+00      0.35025154E-01
  234.000000000000         0.54922187E+00      0.75097438E-01      0.22103700E+00      0.30223327E-01
  234.500000000000         0.56676473E+00      0.67120399E-01      0.22700618E+00      0.26883722E-01
  235.000000000000         0.58607561E+00      0.63337549E-01      0.23361346E+00      0.25246749E-01
  235.500000000000         0.60615242E+00      0.64252801E-01      0.24045123E+00      0.25488086E-01
  236.000000000000         0.62580140E+00      0.70134034E-01      0.24704394E+00      0.27686400E-01
  236.500000000000         0.64373075E+00      0.80891109E-01      0.25288668E+00      0.31777702E-01
  237.000000000000         0.65873368E+00      0.96063014E-01      0.25751769E+00      0.37553758E-01
  237.500000000000         0.66968448E+00      0.11490439E+00      0.26051598E+00      0.44699304E-01
  238.000000000000         0.67558811E+00      0.13626623E+00      0.26151973E+00      0.52748573E-01
  238.500000000000         0.67586154E+00      0.15865057E+00      0.26033339E+00      0.61110211E-01
  239.000000000000         0.67044873E+00      0.18045797E+00      0.25696779E+00      0.69165446E-01
  239.500000000000         0.65976690E+00      0.20020739E+00      0.25161463E+00      0.76352889E-01
  240.000000000000         0.64457958E+00      0.21666118E+00      0.24459376E+00      0.82214786E-01
  240.500000000000         0.62590385E+00      0.22885589E+00      0.23631489E+00      0.86406331E-01
  241.000000000000         0.60495171E+00      0.23616665E+00      0.22725317E+00      0.88717198E-01
  241.500000000000         0.58295076E+00      0.23834310E+00      0.21788030E+00      0.89081739E-01
  242.000000000000         0.56102049E+00      0.23536137E+00      0.20861845E+00      0.87520374E-01
  242.500000000000         0.54024740E+00      0.22731113E+00      0.19986906E+00      0.84095662E-01
  243.000000000000         0.52177351E+00      0.21443878E+00      0.19204577E+00      0.78927083E-01
  243.500000000000         0.50678509E+00      0.19725846E+00      0.18556980E+00      0.72230248E-01
  244.000000000000         0.49639416E+00      0.17665594E+00      0.18082635E+00      0.64352185E-01
  244.500000000000         0.49145184E+00      0.15389414E+00      0.17809775E+00      0.55769860E-01
  245.000000000000         0.49240483E+00      0.13049419E+00      0.17751413E+00      0.47043737E-01
  245.500000000000         0.49921651E+00      0.10806560E+00      0.17902902E+00      0.38754485E-01
  246.000000000000         0.51134343E+00      0.88108891E-01      0.18241549E+00      0.31431765E-01
  246.500000000000         0.52782204E+00      0.71816259E-01      0.18730170E+00      0.25484550E-01
  247.000000000000         0.54748656E+00      0.59966925E-01      0.19325172E+00      0.21167116E-01
  247.500000000000         0.56920955E+00      0.53013745E-01      0.19985191E+00      0.18613353E-01
  248.000000000000         0.59194502E+00      0.51279199E-01      0.20672556E+00      0.17908287E-01
  248.500000000000         0.61455755E+00      0.54979977E-01      0.21347276E+00      0.19097850E-01
  249.000000000000         0.63576223E+00      0.64049279E-01      0.21965045E+00      0.22128482E-01
  249.500000000000         0.65428191E+00      0.78038153E-01      0.22482782E+00      0.26815884E-01
  250.000000000000         0.66900235E+00      0.96188943E-01      0.22863926E+00      0.32873679E-01
  250.500000000000         0.67901459E+00      0.11751428E+00      0.23079717E+00      0.39943123E-01
  251.000000000000         0.68365318E+00      0.14083207E+00      0.23110300E+00      0.47607055E-01
  251.500000000000         0.68248497E+00      0.16484921E+00      0.22944115E+00      0.55419816E-01
  252.000000000000         0.67531653E+00      0.18810390E+00      0.22577929E+00      0.62888976E-01
  252.500000000000         0.66238608E+00      0.20897778E+00      0.22022996E+00      0.69480881E-01
  253.000000000000         0.64446031E+00      0.22592286E+00      0.21307858E+00      0.74697111E-01
  253.500000000000         0.62277061E+00      0.23767882E+00      0.20475760E+00      0.78145217E-01
  254.000000000000         0.59888957E+00      0.24341466E+00      0.19580184E+00      0.79582347E-01
  254.500000000000         0.57458072E+00      0.24282639E+00      0.18679658E+00      0.78943025E-01
  255.000000000000         0.55159721E+00      0.23618416E+00      0.17831074E+00      0.76349499E-01
  255.500000000000         0.53144516E+00      0.22426613E+00      0.17082093E+00      0.72085237E-01
  256.000000000000         0.51521779E+00      0.20816303E+00      0.16466082E+00      0.66527779E-01
  256.500000000000         0.50359436E+00      0.18906731E+00      0.16002454E+00      0.60078927E-01
  257.000000000000         0.49692545E+00      0.16817746E+00      0.15699750E+00      0.53133603E-01
  257.500000000000         0.49527309E+00      0.14665454E+00      0.15557198E+00      0.46066176E-01
  258.000000000000         0.49847189E+00      0.12554612E+00      0.15566889E+00      0.39207077E-01
  258.500000000000         0.50625076E+00      0.10577577E+00      0.15717759E+00      0.32840605E-01
  259.000000000000         0.51827807E+00      0.88227485E-01      0.15997082E+00      0.27232144E-01
  259.500000000000         0.53407455E+00      0.73796790E-01      0.16387849E+00      0.22644230E-01
  260.000000000000         0.55291860E+00      0.63336868E-01      0.16866016E+00      0.19320035E-01
  260.500000000000         0.57384910E+00      0.57577677E-01      0.17400803E+00      0.17459255E-01
  261.000000000000         0.59569438E+00      0.57055259E-01      0.17955781E+00      0.17197942E-01
  261.500000000000         0.61711106E+00      0.61992908E-01      0.18490226E+00      0.18574661E-01
  262.000000000000         0.63667358E+00      0.72212077E-01      0.18961935E+00      0.21506793E-01
  262.500000000000         0.65297788E+00      0.87082483E-01      0.19330361E+00      0.25779370E-01
  263.000000000000         0.66485183E+00      0.10549639E+00      0.19562788E+00      0.31041554E-01
  263.500000000000         0.67160905E+00      0.12603037E+00      0.19641534E+00      0.36858197E-01
  264.000000000000         0.67307794E+00      0.14724812E+00      0.19564365E+00      0.42800629E-01
  264.500000000000         0.66942195E+00      0.16786416E+00      0.19338838E+00      0.48494045E-01
  265.000000000000         0.66102992E+00      0.18671847E+00      0.18978854E+00      0.53608806E-01
  265.500000000000         0.64853837E+00      0.20278703E+00      0.18505094E+00      0.57862313E-01
  266.000000000000         0.63278276E+00      0.21526197E+00      0.17943423E+00      0.61040484E-01
  266.500000000000         0.61472491E+00      0.22353336E+00      0.17322664E+00      0.62990669E-01
  267.000000000000         0.59547726E+00      0.22722041E+00      0.16675175E+00      0.63628627E-01
  267.500000000000         0.57620672E+00      0.22628057E+00      0.16034038E+00      0.62966833E-01
  268.000000000000         0.55797021E+00      0.22095849E+00      0.15428473E+00      0.61097385E-01
  268.500000000000         0.54168826E+00      0.21166474E+00      0.14883209E+00      0.58156155E-01
  269.000000000000         0.52818876E+00      0.19894790E+00      0.14419804E+00      0.54313722E-01
  269.500000000000         0.51820538E+00      0.18352991E+00      0.14056685E+00      0.49783775E-01
  270.000000000000         0.51232479E+00      0.16632469E+00      0.13807809E+00      0.44826635E-01
  270.500000000000         0.51089684E+00      0.14841992E+00      0.13680395E+00      0.39742723E-01
  271.000000000000         0.51389995E+00      0.13099575E+00      0.13671542E+00      0.34849467E-01
  271.500000000000         0.52089491E+00      0.11515124E+00      0.13767337E+00      0.30434661E-01
  272.000000000000         0.53115283E+00      0.10173556E+00      0.13946576E+00      0.26712890E-01
  272.500000000000         0.54383337E+00      0.91278485E-01      0.14185656E+00      0.23809595E-01
  273.000000000000         0.55812580E+00      0.84032483E-01      0.14462332E+00      0.21774763E-01
  273.500000000000         0.57331691E+00      0.80081671E-01      0.14757430E+00      0.20613375E-01
  274.000000000000         0.58878080E+00      0.79451544E-01      0.15054500E+00      0.20314916E-01
  274.500000000000         0.60390884E+00      0.82162924E-01      0.15337964E+00      0.20867585E-01
  275.000000000000         0.61803004E+00      0.88181729E-01      0.15591085E+00      0.22245664E-01
  275.500000000000         0.63041922E+00      0.97308303E-01      0.15796227E+00      0.24382252E-01
  276.000000000000         0.64036073E+00      0.10914618E+00      0.15936480E+00      0.27162908E-01
  276.500000000000         0.64715259E+00      0.12307389E+00      0.15995756E+00      0.30420334E-01
  277.000000000000         0.65025576E+00      0.13815690E+00      0.15962432E+00      0.33914658E-01
  277.500000000000         0.64954225E+00      0.15329332E+00      0.15835268E+00      0.37371561E-01
  278.000000000000         0.64528715E+00      0.16747626E+00      0.15622857E+00      0.40547184E-01
  278.500000000000         0.63801269E+00      0.17991396E+00      0.15339540E+00      0.43256151E-01
  279.000000000000         0.62836013E+00      0.19004273E+00      0.15002143E+00      0.45372839E-01
  279.500000000000         0.61701423E+00      0.19750753E+00      0.14628086E+00      0.46824804E-01
  280.000000000000         0.60466124E+00      0.20214109E+00      0.14234360E+00      0.47586135E-01
  280.500000000000         0.59195966E+00      0.20394383E+00      0.13836850E+00      0.47671155E-01
  281.000000000000         0.57950633E+00      0.20306137E+00      0.13449566E+00      0.47127823E-01
  281.500000000000         0.56778160E+00      0.19973856E+00      0.13083439E+00      0.46025925E-01
  282.000000000000         0.55713593E+00      0.19422410E+00      0.12746113E+00      0.44434440E-01
  282.500000000000         0.54787724E+00      0.18671056E+00      0.12444035E+00      0.42407907E-01
  283.000000000000         0.54036687E+00      0.17738665E+00      0.12184656E+00      0.39998666E-01
  283.500000000000         0.53502636E+00      0.16654745E+00      0.11976544E+00      0.37281582E-01
  284.000000000000         0.53225366E+00      0.15468019E+00      0.11827469E+00      0.34372240E-01
  284.500000000000         0.53228846E+00      0.14246796E+00      0.11741455E+00      0.31426216E-01
  285.000000000000         0.53511008E+00      0.13066727E+00      0.11716680E+00      0.28610684E-01
  285.500000000000         0.54047909E+00      0.11994599E+00      0.11746584E+00      0.26068644E-01
  286.000000000000         0.54802347E+00      0.11085535E+00      0.11821912E+00      0.23913613E-01
  286.500000000000         0.55721700E+00      0.10381500E+00      0.11930351E+00      0.22227417E-01
  287.000000000000         0.56744421E+00      0.99005424E-01      0.12058040E+00      0.21038393E-01
  287.500000000000         0.57818638E+00      0.96398861E-01      0.12193555E+00      0.20329861E-01
  288.000000000000         0.58907574E+00      0.95929150E-01      0.12328967E+00      0.20077339E-01
  288.500000000000         0.59979767E+00      0.97581249E-01      0.12457686E+00      0.20267444E-01
  289.000000000000         0.61000029E+00      0.10135119E+00      0.12572556E+00      0.20889229E-01
  289.500000000000         0.61928676E+00      0.10717118E+00      0.12665724E+00      0.21918772E-01
  290.000000000000         0.62725887E+00      0.11487779E+00      0.12729558E+00      0.23313238E-01
  290.500000000000         0.63355086E+00      0.12423133E+00      0.12757331E+00      0.25015516E-01
  291.000000000000         0.63782036E+00      0.13493236E+00      0.12743006E+00      0.26958122E-01
  291.500000000000         0.63973856E+00      0.14658473E+00      0.12681028E+00      0.29056323E-01
  292.000000000000         0.63903619E+00      0.15865853E+00      0.12567211E+00      0.31201601E-01
  292.500000000000         0.63557270E+00      0.17051048E+00      0.12400042E+00      0.33266645E-01
  293.000000000000         0.62939266E+00      0.18143385E+00      0.12181673E+00      0.35115882E-01
  293.500000000000         0.62075958E+00      0.19072913E+00      0.11918421E+00      0.36619492E-01
  294.000000000000         0.61015345E+00      0.19779555E+00      0.11620557E+00      0.37670761E-01
  294.500000000000         0.59821583E+00      0.20222288E+00      0.11301102E+00      0.38202621E-01
  295.000000000000         0.58563991E+00      0.20383490E+00      0.10973643E+00      0.38194312E-01
  295.500000000000         0.57306880E+00      0.20264190E+00      0.10650410E+00      0.37660737E-01
  296.000000000000         0.56108323E+00      0.19876455E+00      0.10342088E+00      0.36636998E-01
  296.500000000000         0.55021018E+00      0.19242033E+00      0.10058027E+00      0.35175082E-01
  297.000000000000         0.54087284E+00      0.18388524E+00      0.98053758E-01      0.33336188E-01
  297.500000000000         0.53343324E+00      0.17340032E+00      0.95899330E-01      0.31173488E-01
  298.000000000000         0.52832802E+00      0.16123805E+00      0.94186129E-01      0.28744240E-01
  298.500000000000         0.52602670E+00      0.14788270E+00      0.92986543E-01      0.26141450E-01
  299.000000000000         0.52684700E+00      0.13404235E+00      0.92343623E-01      0.23494404E-01
  299.500000000000         0.53086679E+00      0.12051128E+00      0.92256913E-01      0.20943104E-01
  300.000000000000         0.53795012E+00      0.10805923E+00      0.92688760E-01      0.18618596E-01
  300.500000000000         0.54778963E+00      0.97384386E-01      0.93573125E-01      0.16635147E-01
  301.000000000000         0.55993910E+00      0.89091022E-01      0.94822364E-01      0.15087036E-01
  301.500000000000         0.57383872E+00      0.83684256E-01      0.96332475E-01      0.14048392E-01
  302.000000000000         0.58882142E+00      0.81567941E-01      0.97984958E-01      0.13573608E-01
  302.500000000000         0.60410606E+00      0.83016339E-01      0.99646447E-01      0.13693429E-01
  303.000000000000         0.61880908E+00      0.88104945E-01      0.10117141E+00      0.14404607E-01
  303.500000000000         0.63202507E+00      0.96635927E-01      0.10241592E+00      0.15659280E-01
  304.000000000000         0.64295883E+00      0.10814101E+00      0.10325895E+00      0.17367406E-01
  304.500000000000         0.65101647E+00      0.12197813E+00      0.10361605E+00      0.19414089E-01
  305.000000000000         0.65580088E+00      0.13744914E+00      0.10343714E+00      0.21679364E-01
  305.500000000000         0.65703939E+00      0.15386151E+00      0.10269379E+00      0.24048209E-01
  306.000000000000         0.65451242E+00      0.17049813E+00      0.10136720E+00      0.26405792E-01
  306.500000000000         0.64806633E+00      0.18652197E+00      0.99449874E-01      0.28622974E-01
  307.000000000000         0.63773959E+00      0.20093157E+00      0.96964225E-01      0.30550359E-01
  307.500000000000         0.62390061E+00      0.21265321E+00      0.93982048E-01      0.32033283E-01
  308.000000000000         0.60729125E+00      0.22070875E+00      0.90628676E-01      0.32937313E-01
  308.500000000000         0.58898199E+00      0.22437883E+00      0.87073762E-01      0.33171657E-01
  309.000000000000         0.57024811E+00      0.22333938E+00      0.83510902E-01      0.32707295E-01
  309.500000000000         0.55237014E+00      0.21770880E+00      0.80127331E-01      0.31581043E-01
  310.000000000000         0.53645379E+00      0.20796176E+00      0.77078078E-01      0.29880099E-01
  310.500000000000         0.52336086E+00      0.19478589E+00      0.74477411E-01      0.27719208E-01
  311.000000000000         0.51372893E+00      0.17897554E+00      0.72403338E-01      0.25224248E-01
  311.500000000000         0.50800287E+00      0.16137317E+00      0.70903587E-01      0.22523370E-01
  312.000000000000         0.50644858E+00      0.14283770E+00      0.69998846E-01      0.19742329E-01
  312.500000000000         0.50917805E+00      0.12424642E+00      0.69687431E-01      0.17004687E-01
  313.000000000000         0.51616390E+00      0.10651600E+00      0.69948305E-01      0.14434588E-01
  313.500000000000         0.52720262E+00      0.90601963E-01      0.70737092E-01      0.12156464E-01
  314.000000000000         0.54186125E+00      0.77462268E-01      0.71980168E-01      0.10289991E-01
  314.500000000000         0.55944829E+00      0.67987207E-01      0.73572349E-01      0.89409131E-02
  315.000000000000         0.57902784E+00      0.62908418E-01      0.75380423E-01      0.81896980E-02
  315.500000000000         0.59947586E+00      0.62705790E-01      0.77251967E-01      0.80806350E-02
  316.000000000000         0.61957063E+00      0.67545245E-01      0.79028075E-01      0.86155967E-02
  316.500000000000         0.63806912E+00      0.77274249E-01      0.80553570E-01      0.97555522E-02
  317.000000000000         0.65375845E+00      0.91407327E-01      0.81683500E-01      0.11420840E-01
  317.500000000000         0.66557051E+00      0.10910552E+00      0.82297047E-01      0.13490775E-01
  318.000000000000         0.67272637E+00      0.12925042E+00      0.82314189E-01      0.15814965E-01
  318.500000000000         0.67479900E+00      0.15058894E+00      0.81701379E-01      0.18232576E-01
  319.000000000000         0.67168805E+00      0.17185296E+00      0.80466225E-01      0.20587472E-01
  319.500000000000         0.66357105E+00      0.19182190E+00      0.78649602E-01      0.22735645E-01
  320.000000000000         0.65087347E+00      0.20935649E+00      0.76320378E-01      0.24548806E-01
  320.500000000000         0.63425520E+00      0.22343233E+00      0.73572287E-01      0.25917687E-01
  321.000000000000         0.61460023E+00      0.23317853E+00      0.70521307E-01      0.26755692E-01
  321.500000000000         0.59300596E+00      0.23792412E+00      0.67303077E-01      0.27003144E-01
  322.000000000000         0.57075591E+00      0.23726273E+00      0.64068566E-01      0.26633247E-01
  322.500000000000         0.54924953E+00      0.23112566E+00      0.60975191E-01      0.25658522E-01
  323.000000000000         0.52989258E+00      0.21982951E+00      0.58174149E-01      0.24133939E-01
  323.500000000000         0.51397102E+00      0.20408035E+00      0.55796770E-01      0.22154993E-01
  324.000000000000         0.50252261E+00      0.18492901E+00      0.53941548E-01      0.19850564E-01
  324.500000000000         0.49622567E+00      0.16367390E+00      0.52663923E-01      0.17370544E-01
  325.000000000000         0.49533102E+00      0.14171621E+00      0.51971366E-01      0.14869218E-01
  325.500000000000         0.49966975E+00      0.12038810E+00      0.51826797E-01      0.12486907E-01
  326.000000000000         0.50876282E+00      0.10082048E+00      0.52162344E-01      0.10336904E-01
  326.500000000000         0.52197087E+00      0.83922045E-01      0.52896357E-01      0.85046326E-02
  327.000000000000         0.53857883E+00      0.70434084E-01      0.53942801E-01      0.70545138E-02
  327.500000000000         0.55780316E+00      0.60985093E-01      0.55212380E-01      0.60364164E-02
  328.000000000000         0.57876999E+00      0.56107145E-01      0.56610756E-01      0.54879623E-02
  328.500000000000         0.60048906E+00      0.56218344E-01      0.58036507E-01      0.54334317E-02
  329.000000000000         0.62181477E+00      0.61557074E-01      0.59378027E-01      0.58781775E-02
  329.500000000000         0.64146394E+00      0.72052566E-01      0.60516036E-01      0.67974759E-02
  330.000000000000         0.65814324E+00      0.87244768E-01      0.61336170E-01      0.81308438E-02
  330.500000000000         0.67067985E+00      0.10630338E+00      0.61740984E-01      0.97860032E-02
  331.000000000000         0.67813445E+00      0.12805577E+00      0.61659471E-01      0.11643489E-01
  331.500000000000         0.67994065E+00      0.15106412E+00      0.61058179E-01      0.13565449E-01
  332.000000000000         0.67597635E+00      0.17379528E+00      0.59945408E-01      0.15412121E-01
  332.500000000000         0.66652635E+00      0.19477445E+00      0.58365411E-01      0.17055726E-01
  333.000000000000         0.65223233E+00      0.21267131E+00      0.56391820E-01      0.18387501E-01
  333.500000000000         0.63405962E+00      0.22638492E+00      0.54122858E-01      0.19324048E-01
  334.000000000000         0.61322106E+00      0.23513340E+00      0.51673192E-01      0.19813561E-01
  334.500000000000         0.59106621E+00      0.23849712E+00      0.49163435E-01      0.19837604E-01
  335.000000000000         0.56897874E+00      0.23642523E+00      0.46711060E-01      0.19409641E-01
  335.500000000000         0.54826871E+00      0.22921879E+00      0.44421575E-01      0.18571660E-01
  336.000000000000         0.53007254E+00      0.21746111E+00      0.42381008E-01      0.17386717E-01
  336.500000000000         0.51531363E+00      0.20192522E+00      0.40653805E-01      0.15930160E-01
  337.000000000000         0.50470472E+00      0.18351699E+00      0.39284215E-01      0.14284235E-01
  337.500000000000         0.49875022E+00      0.16324394E+00      0.38297633E-01      0.12535046E-01
  338.000000000000         0.49774329E+00      0.14219216E+00      0.37701512E-01      0.10770330E-01
  338.500000000000         0.50174555E+00      0.12150688E+00      0.37484971E-01      0.90776729E-02
  339.000000000000         0.51054480E+00      0.10235188E+00      0.37616899E-01      0.75412783E-02
  339.500000000000         0.52362387E+00      0.85828815E-01      0.38045088E-01      0.62360886E-02
  340.000000000000         0.54018238E+00      0.72879691E-01      0.38699336E-01      0.52211915E-02
  340.500000000000         0.55921323E+00      0.64213362E-01      0.39498239E-01      0.45355055E-02
  341.000000000000         0.57959724E+00      0.60272738E-01      0.40356768E-01      0.41967297E-02
  341.500000000000         0.60018073E+00      0.61233750E-01      0.41192088E-01      0.42026442E-02
  342.000000000000         0.61983047E+00      0.67014449E-01      0.41927366E-01      0.45330771E-02
  342.500000000000         0.63747653E+00      0.77285121E-01      0.42494453E-01      0.51518586E-02
  343.000000000000         0.65214305E+00      0.91475617E-01      0.42835522E-01      0.60085066E-02
  343.500000000000         0.66299222E+00      0.10877855E+00      0.42905385E-01      0.70395784E-02
  344.000000000000         0.66939143E+00      0.12818906E+00      0.42675040E-01      0.81723085E-02
  344.500000000000         0.67095341E+00      0.14857291E+00      0.42133161E-01      0.93297784E-02
  345.000000000000         0.66756426E+00      0.16871220E+00      0.41286619E-01      0.10434286E-01
  345.500000000000         0.65943470E+00      0.18736736E+00      0.40162290E-01      0.11411444E-01
  346.000000000000         0.64711482E+00      0.20339774E+00      0.38806409E-01      0.12197427E-01
  346.500000000000         0.63142239E+00      0.21587157E+00      0.37278779E-01      0.12744921E-01
  347.000000000000         0.61335208E+00      0.22410409E+00      0.35646296E-01      0.13024299E-01
  347.500000000000         0.59402325E+00      0.22767189E+00      0.33979209E-01      0.13023245E-01
  348.000000000000         0.57462889E+00      0.22644709E+00      0.32347743E-01      0.12747448E-01
  348.500000000000         0.55635094E+00      0.22062378E+00      0.30817157E-01      0.12220700E-01
  349.000000000000         0.54026373E+00      0.21070649E+00      0.29442611E-01      0.11482816E-01
  349.500000000000         0.52724848E+00      0.19746271E+00      0.28265141E-01      0.10585732E-01
  350.000000000000         0.51791603E+00      0.18183499E+00      0.27308511E-01      0.95877373E-02
  350.500000000000         0.51257372E+00      0.16481596E+00      0.26578737E-01      0.85462826E-02
  351.000000000000         0.51126675E+00      0.14735682E+00      0.26067555E-01      0.75131661E-02
  351.500000000000         0.51383710E+00      0.13031608E+00      0.25756526E-01      0.65322054E-02
  352.000000000000         0.51999885E+00      0.11442704E+00      0.25621613E-01      0.56380995E-02
  352.500000000000         0.52940961E+00      0.10033041E+00      0.25637177E-01      0.48585978E-02
  353.000000000000         0.54167483E+00      0.88640216E-01      0.25776395E-01      0.42180753E-02
  353.500000000000         0.55629139E+00      0.79967696E-01      0.26008819E-01      0.37388055E-02
  354.000000000000         0.57258554E+00      0.74871945E-01      0.26297945E-01      0.34387496E-02
  354.500000000000         0.58969375E+00      0.73764556E-01      0.26601014E-01      0.33275103E-02
  355.000000000000         0.60659085E+00      0.76817288E-01      0.26870981E-01      0.34028800E-02
  355.500000000000         0.62217198E+00      0.83880106E-01      0.27060668E-01      0.36482705E-02
  356.000000000000         0.63541269E+00      0.94443640E-01      0.27129847E-01      0.40324053E-02
  356.500000000000         0.64553503E+00      0.10771151E+00      0.27051805E-01      0.45137609E-02
  357.000000000000         0.65207875E+00      0.12274713E+00      0.26815230E-01      0.50476918E-02
  357.500000000000         0.65487583E+00      0.13860443E+00      0.26421901E-01      0.55921939E-02
  358.000000000000         0.65398567E+00      0.15440376E+00      0.25882961E-01      0.61108777E-02
  358.500000000000         0.64963387E+00      0.16936449E+00      0.25215663E-01      0.65739149E-02
  359.000000000000         0.64216561E+00      0.18281500E+00      0.24440973E-01      0.69579815E-02
  359.500000000000         0.63201269E+00      0.19418693E+00      0.23581910E-01      0.72455803E-02
  360.000000000000         0.61967922E+00      0.20299808E+00      0.22662724E-01      0.74239853E-02
  360.500000000000         0.60574854E+00      0.20884262E+00      0.21708907E-01      0.74845333E-02
  361.000000000000         0.59089639E+00      0.21140745E+00      0.20747410E-01      0.74228869E-02
  361.500000000000         0.57588972E+00      0.21051441E+00      0.19806306E-01      0.72401236E-02
  362.000000000000         0.56155720E+00      0.20617090E+00      0.18913521E-01      0.69439365E-02
  362.500000000000         0.54872953E+00      0.19860701E+00      0.18094705E-01      0.65491923E-02
  363.000000000000         0.53816008E+00      0.18828467E+00      0.17370723E-01      0.60774496E-02
  363.500000000000         0.53044418E+00      0.17587571E+00      0.16755430E-01      0.55554821E-02
  364.000000000000         0.52595205E+00      0.16220250E+00      0.16254197E-01      0.50127598E-02
  364.500000000000         0.52479949E+00      0.14812701E+00      0.15863823E-01      0.44776352E-02
  365.000000000000         0.52686966E+00      0.13444053E+00      0.15574065E-01      0.39740105E-02
  365.500000000000         0.53181959E+00      0.12181997E+00      0.15368594E-01      0.35203700E-02
  366.000000000000         0.53914979E+00      0.11074773E+00      0.15227702E-01      0.31279498E-02
  366.500000000000         0.54840091E+00      0.10150888E+00      0.15134207E-01      0.28013383E-02
  367.000000000000         0.55921450E+00      0.94334399E-01      0.15074924E-01      0.25430026E-02
  367.500000000000         0.57124612E+00      0.89495086E-01      0.15038031E-01      0.23559545E-02
  368.000000000000         0.58407163E+00      0.87286828E-01      0.15010584E-01      0.22432630E-02
  368.500000000000         0.59714992E+00      0.87949326E-01      0.14977810E-01      0.22059591E-02
  369.000000000000         0.60985151E+00      0.91578137E-01      0.14924129E-01      0.22410765E-02
  369.500000000000         0.62151338E+00      0.98087587E-01      0.14834689E-01      0.23412189E-02
  370.000000000000         0.63146464E+00      0.10720984E+00      0.14696022E-01      0.24950854E-02
  370.500000000000         0.63907318E+00      0.11847130E+00      0.14497070E-01      0.26874649E-02
  371.000000000000         0.64385991E+00      0.13120260E+00      0.14231553E-01      0.29000357E-02
  371.500000000000         0.64558617E+00      0.14463157E+00      0.13899362E-01      0.31138934E-02
  372.000000000000         0.64425053E+00      0.15799594E+00      0.13505778E-01      0.33121558E-02
  372.500000000000         0.64002927E+00      0.17061384E+00      0.13059577E-01      0.34813167E-02
  373.000000000000         0.63321437E+00      0.18190552E+00      0.12571304E-01      0.36113989E-02
  373.500000000000         0.62417489E+00      0.19139190E+00      0.12052232E-01      0.36955982E-02
  374.000000000000         0.61333338E+00      0.19869007E+00      0.11513728E-01      0.37298858E-02
  374.500000000000         0.60114931E+00      0.20349748E+00      0.10966840E-01      0.37124292E-02
  375.000000000000         0.58812796E+00      0.20557106E+00      0.10422387E-01      0.36429846E-02
  375.500000000000         0.57484398E+00      0.20473931E+00      0.98912814E-02      0.35229282E-02
  376.000000000000         0.56193748E+00      0.20094298E+00      0.93843273E-02      0.33557375E-02
  376.500000000000         0.55008590E+00      0.19427029E+00      0.89116412E-02      0.31472669E-02
  377.000000000000         0.53996800E+00      0.18498699E+00      0.84820438E-02      0.29058532E-02
  377.500000000000         0.53220085E+00      0.17355797E+00      0.81021478E-02      0.26422211E-02
  378.000000000000         0.52725214E+00      0.16062493E+00      0.77752625E-02      0.23686978E-02
  378.500000000000         0.52537857E+00      0.14692787E+00      0.75009120E-02      0.20977122E-02
  379.000000000000         0.52662868E+00      0.13320894E+00      0.72753962E-02      0.18402869E-02
  379.500000000000         0.53088640E+00      0.12014711E+00      0.70928657E-02      0.16052159E-02
  380.000000000000         0.53790502E+00      0.10832917E+00      0.69461324E-02      0.13988877E-02
  380.500000000000         0.54734086E+00      0.98240099E-01      0.68273677E-02      0.12254179E-02
  381.000000000000         0.55880353E+00      0.90297347E-01      0.67288993E-02      0.10873263E-02
  381.500000000000         0.57185296E+00      0.84905706E-01      0.66432498E-02      0.98635463E-03
  382.000000000000         0.58594425E+00      0.82443034E-01      0.65625938E-02      0.92336455E-03
  382.500000000000         0.60041136E+00      0.83180877E-01      0.64787633E-02      0.89756665E-03
  383.000000000000         0.61451738E+00      0.87216248E-01      0.63839720E-02      0.90605425E-03
  383.500000000000         0.62752453E+00      0.94460983E-01      0.62716051E-02      0.94406186E-03
  384.000000000000         0.63873110E+00      0.10466825E+00      0.61365195E-02      0.10055855E-02
  384.500000000000         0.64747462E+00      0.11743872E+00      0.59749495E-02      0.10837343E-02
  385.000000000000         0.65315033E+00      0.13219617E+00      0.57845440E-02      0.11707788E-02
  385.500000000000         0.65526899E+00      0.14817839E+00      0.55647017E-02      0.12583665E-02
  386.000000000000         0.65353576E+00      0.16446863E+00      0.53169614E-02      0.13380651E-02
  386.500000000000         0.64791741E+00      0.18006727E+00      0.50451488E-02      0.14021327E-02
  387.000000000000         0.63866806E+00      0.19398825E+00      0.47550989E-02      0.14443079E-02
  387.500000000000         0.62631083E+00      0.20535502E+00      0.44540431E-02      0.14603932E-02
  388.000000000000         0.61158355E+00      0.21348642E+00      0.41498215E-02      0.14485846E-02
  388.500000000000         0.59534261E+00      0.21795030E+00      0.38499587E-02      0.14094399E-02
  389.000000000000         0.57846383E+00      0.21854189E+00      0.35609248E-02      0.13453066E-02
  389.500000000000         0.56181607E+00      0.21522516E+00      0.32880173E-02      0.12596009E-02
  390.000000000000         0.54627254E+00      0.20812884E+00      0.30355003E-02      0.11565201E-02
  390.500000000000         0.53266854E+00      0.19756514E+00      0.28064421E-02      0.10409008E-02
  391.000000000000         0.52175691E+00      0.18400141E+00      0.26026128E-02      0.91783051E-03
  391.500000000000         0.51421130E+00      0.16806666E+00      0.24246758E-02      0.79248971E-03
  392.000000000000         0.51057142E+00      0.15059875E+00      0.22721073E-02      0.67018345E-03
  392.500000000000         0.51113841E+00      0.13259897E+00      0.21429809E-02      0.55592980E-03
  393.000000000000         0.51592258E+00      0.11511123E+00      0.20341018E-02      0.45384322E-03
  393.500000000000         0.52466668E+00      0.99109933E-01      0.19414680E-02      0.36674478E-03
  394.000000000000         0.53691924E+00      0.85441786E-01      0.18608394E-02      0.29612171E-03
  394.500000000000         0.55209865E+00      0.74832306E-01      0.17881462E-02      0.24236811E-03
  395.000000000000         0.56949964E+00      0.67912406E-01      0.17196169E-02      0.20506302E-03
  395.500000000000         0.58825976E+00      0.65206993E-01      0.16517699E-02      0.18309420E-03
  396.000000000000         0.60734254E+00      0.67056722E-01      0.15814769E-02      0.17461095E-03
  396.500000000000         0.62559831E+00      0.73498995E-01      0.15062134E-02      0.17695887E-03
  397.000000000000         0.64190668E+00      0.84215097E-01      0.14244023E-02      0.18687479E-03
  397.500000000000         0.65531353E+00      0.98595933E-01      0.13355782E-02      0.20094592E-03
  398.000000000000         0.66508459E+00      0.11586462E+00      0.12402576E-02      0.21606570E-03
  398.500000000000         0.67067257E+00      0.13516695E+00      0.11396271E-02      0.22967976E-03
  399.000000000000         0.67164954E+00      0.15557562E+00      0.10352357E-02      0.23979386E-03
  399.500000000000         0.66770210E+00      0.17601550E+00      0.92885566E-03      0.24485919E-03
  400.000000000000         0.65875517E+00      0.19522302E+00      0.82252288E-03      0.24375581E-03
  400.500000000000         0.64512804E+00      0.21184712E+00      0.71852559E-03      0.23594941E-03
  401.000000000000         0.62758543E+00      0.22464214E+00      0.61919825E-03      0.22163997E-03
  401.500000000000         0.60726992E+00      0.23264762E+00      0.52662138E-03      0.20175083E-03
  402.000000000000         0.58556711E+00      0.23530625E+00      0.44236742E-03      0.17776240E-03
  402.500000000000         0.56394098E+00      0.23251026E+00      0.36735488E-03      0.15145872E-03
  403.000000000000         0.54376988E+00      0.22456880E+00      0.30182628E-03      0.12464972E-03
  403.500000000000         0.52623278E+00      0.21211258E+00      0.24544575E-03      0.98933654E-04
  404.000000000000         0.51226170E+00      0.19598582E+00      0.19746760E-03      0.75548982E-04
  404.500000000000         0.50253136E+00      0.17715138E+00      0.15691439E-03      0.55315153E-04
  405.000000000000         0.49747004E+00      0.15662223E+00      0.12273572E-03      0.38641809E-04
  405.500000000000         0.49728661E+00      0.13543739E+00      0.93936694E-04      0.25583920E-04
  406.000000000000         0.50199935E+00      0.11465769E+00      0.69669925E-04      0.15912755E-04
  406.500000000000         0.51143819E+00      0.95354434E-01      0.49292289E-04      0.91902373E-05
  407.000000000000         0.52521556E+00      0.78583120E-01      0.32397270E-04      0.48473022E-05
  407.500000000000         0.54268997E+00      0.65339157E-01      0.18829945E-04      0.22671006E-05
  408.000000000000         0.56295761E+00      0.56487077E-01      0.86814692E-05      0.87109724E-06
  408.500000000000         0.58490173E+00      0.52675905E-01      0.22549771E-05      0.20308191E-06
  409.000000000000         0.60726891E+00      0.54277048E-01      0.22768937E-32      0.20350634E-33
