 #KVL flux sum: time, flux integral, flux

    0.000000000000         0.00000000E+00      0.00000000E+00      0.00000000E+00      0.00000000E+00
    1.000000000000         0.26756738E-14     -0.12697869E-22      0.26756738E-14     -0.12697869E-22
    2.000000000000         0.86362754E-13     -0.24825291E-22      0.83687080E-13     -0.12127422E-22
    3.000000000000         0.36165085E-10     -0.33268478E-22      0.36078723E-10     -0.84431875E-23
    4.000000000000         0.41685009E-08     -0.56447651E-22      0.41323359E-08     -0.23179172E-22
    5.000000000000         0.34495814E-07      0.13226389E-21      0.30327313E-07      0.18871154E-21
    6.000000000000         0.17862105E-06     -0.92244828E-21      0.14412524E-06     -0.10547122E-20
    7.000000000000         0.68108893E-06     -0.13362526E-19      0.50246787E-06     -0.12440078E-19
    8.000000000000         0.69466782E-05     -0.27458426E-19      0.62655893E-05     -0.14095900E-19
    9.000000000000         0.51232100E-04     -0.17369990E-18      0.44285421E-04     -0.14624148E-18
   10.000000000000         0.24273277E-03      0.63158102E-18      0.19150068E-03      0.80528092E-18
   11.000000000000         0.98337210E-03      0.53703142E-17      0.74063932E-03      0.47387332E-17
   12.000000000000         0.33240727E-02      0.60953685E-17      0.23407006E-02      0.72505433E-18
   13.000000000000         0.82716896E-02     -0.35554660E-17      0.49476168E-02     -0.96508346E-17
   14.000000000000         0.16018866E-01     -0.12337510E-16      0.77471759E-02     -0.87820435E-17
   15.000000000000         0.26304378E-01     -0.89754299E-17      0.10285513E-01      0.33620797E-17
   16.000000000000         0.38443391E-01     -0.31973333E-16      0.12139012E-01     -0.22997903E-16
   17.000000000000         0.51803233E-01     -0.41193081E-16      0.13359842E-01     -0.92197477E-17
   18.000000000000         0.66002800E-01     -0.41517924E-16      0.14199568E-01     -0.32484301E-18
   19.000000000000         0.80726900E-01     -0.51916318E-16      0.14724100E-01     -0.10398394E-16
   20.000000000000         0.95642222E-01     -0.44098845E-16      0.14915322E-01      0.78174730E-17
   21.000000000000         0.11043283E+00     -0.52715929E-16      0.14790610E-01     -0.86170838E-17
   22.000000000000         0.12475772E+00     -0.22689570E-16      0.14324889E-01      0.30026359E-16
   23.000000000000         0.13867624E+00     -0.45751407E-17      0.13918518E-01      0.18114429E-16
   24.000000000000         0.15212841E+00      0.30157510E-17      0.13452168E-01      0.75908916E-17
   25.000000000000         0.16470510E+00      0.28969487E-17      0.12576689E-01     -0.11880224E-18
   26.000000000000         0.17608160E+00      0.28052286E-16      0.11376503E-01      0.25155337E-16
   27.000000000000         0.18637990E+00      0.14720193E-16      0.10298298E-01     -0.13332093E-16
   28.000000000000         0.19549876E+00      0.25130911E-16      0.91188586E-02      0.10410717E-16
   29.000000000000         0.20343963E+00      0.29854596E-16      0.79408693E-02      0.47236851E-17
   30.000000000000         0.21059964E+00      0.26280164E-16      0.71600167E-02     -0.35744320E-17
   31.000000000000         0.21720922E+00      0.33489679E-16      0.66095741E-02      0.72095151E-17
   32.000000000000         0.22333097E+00      0.39966702E-16      0.61217486E-02      0.64770235E-17
   33.000000000000         0.22891133E+00      0.14166920E-16      0.55803612E-02     -0.25799782E-16
   34.000000000000         0.23396703E+00      0.25005574E-16      0.50557037E-02      0.10838654E-16
   35.000000000000         0.23871185E+00      0.38230929E-16      0.47448150E-02      0.13225355E-16
   36.000000000000         0.24336500E+00     -0.43047951E-17      0.46531521E-02     -0.42535724E-16
   37.000000000000         0.24764872E+00     -0.70685107E-17      0.42837222E-02     -0.27637156E-17
   38.000000000000         0.25138009E+00     -0.11163206E-16      0.37313720E-02     -0.40946955E-17
   39.000000000000         0.25475728E+00     -0.29754738E-16      0.33771902E-02     -0.18591532E-16
   40.000000000000         0.25802907E+00     -0.53282037E-16      0.32717833E-02     -0.23527299E-16
   41.000000000000         0.26126501E+00     -0.44718011E-16      0.32359430E-02      0.85640266E-17
   42.000000000000         0.26440947E+00     -0.67271900E-16      0.31444641E-02     -0.22553889E-16
   43.000000000000         0.26732596E+00     -0.62992624E-16      0.29164894E-02      0.42792757E-17
   44.000000000000         0.26991572E+00     -0.71061294E-16      0.25897621E-02     -0.80686697E-17
   45.000000000000         0.27212027E+00     -0.73072473E-16      0.22045458E-02     -0.20111797E-17
   46.000000000000         0.27390039E+00     -0.73242349E-16      0.17801190E-02     -0.16987568E-18
   47.000000000000         0.27523142E+00     -0.75795749E-16      0.13310318E-02     -0.25533999E-17
   48.000000000000         0.27614433E+00     -0.81724827E-16      0.91291216E-03     -0.59290777E-17
   49.000000000000         0.27678210E+00     -0.80789391E-16      0.63776305E-03      0.93543614E-18
   50.000000000000         0.27732600E+00     -0.82394047E-16      0.54390334E-03     -0.16046569E-17
   51.000000000000         0.27790182E+00     -0.76840892E-16      0.57581996E-03      0.55531554E-17
   52.000000000000         0.27856699E+00     -0.71266468E-16      0.66517549E-03      0.55744238E-17
   53.000000000000         0.27932884E+00     -0.71885576E-16      0.76184155E-03     -0.61910755E-18
   54.000000000000         0.28013146E+00     -0.68827369E-16      0.80262085E-03      0.30582066E-17
   55.000000000000         0.28093641E+00     -0.65781551E-16      0.80495183E-03      0.30458187E-17
   56.000000000000         0.28174748E+00     -0.70658772E-16      0.81106738E-03     -0.48772216E-17
   57.000000000000         0.28253838E+00     -0.67472769E-16      0.79090479E-03      0.31860027E-17
   58.000000000000         0.28324286E+00     -0.54869243E-16      0.70447461E-03      0.12603527E-16
   59.000000000000         0.28381421E+00     -0.53608440E-16      0.57135542E-03      0.12608027E-17
   60.000000000000         0.28423882E+00     -0.68762712E-16      0.42461128E-03     -0.15154272E-16
   61.000000000000         0.28454577E+00     -0.72830170E-16      0.30695202E-03     -0.40674581E-17
   62.000000000000         0.28478338E+00     -0.60858319E-16      0.23760755E-03      0.11971852E-16
   63.000000000000         0.28502478E+00     -0.59517154E-16      0.24140052E-03      0.13411649E-17
   64.000000000000         0.28529178E+00     -0.60669760E-16      0.26699475E-03     -0.11526060E-17
   65.000000000000         0.28558097E+00     -0.60213215E-16      0.28919047E-03      0.45654489E-18
   66.000000000000         0.28586472E+00     -0.63078309E-16      0.28375523E-03     -0.28650948E-17
   67.000000000000         0.28609170E+00     -0.66501493E-16      0.22697923E-03     -0.34231837E-17
   68.000000000000         0.28626151E+00     -0.75146423E-16      0.16980788E-03     -0.86449300E-17
   69.000000000000         0.28643631E+00     -0.90423939E-16      0.17480466E-03     -0.15277516E-16
   70.000000000000         0.28664479E+00     -0.95489337E-16      0.20847424E-03     -0.50653986E-17
   71.000000000000         0.28685469E+00     -0.91320604E-16      0.20990504E-03      0.41687330E-17
   72.000000000000         0.28704763E+00     -0.94299837E-16      0.19293929E-03     -0.29792325E-17
   73.000000000000         0.28724192E+00     -0.90415551E-16      0.19428301E-03      0.38842854E-17
   74.000000000000         0.28744378E+00     -0.91308224E-16      0.20186890E-03     -0.89267272E-18
   75.000000000000         0.28764539E+00     -0.95865042E-16      0.20160589E-03     -0.45568181E-17
   76.000000000000         0.28783942E+00     -0.93547857E-16      0.19403377E-03      0.23171851E-17
   77.000000000000         0.28802323E+00     -0.83416926E-16      0.18380212E-03      0.10130932E-16
   78.000000000000         0.28818936E+00     -0.85264734E-16      0.16613369E-03     -0.18478082E-17
   79.000000000000         0.28833300E+00     -0.87906424E-16      0.14364302E-03     -0.26416899E-17
   80.000000000000         0.28843135E+00     -0.82233479E-16      0.98347449E-04      0.56729444E-17
   81.000000000000         0.28850967E+00     -0.89447764E-16      0.78317935E-04     -0.72142847E-17
   82.000000000000         0.28861274E+00     -0.87907017E-16      0.10307465E-03      0.15407471E-17
   83.000000000000         0.28875986E+00     -0.88573744E-16      0.14711601E-03     -0.66672668E-18
   84.000000000000         0.28894151E+00     -0.96677155E-16      0.18165011E-03     -0.81034113E-17
   85.000000000000         0.28912636E+00     -0.93742933E-16      0.18484990E-03      0.29342221E-17
   86.000000000000         0.28928482E+00     -0.90067769E-16      0.15845874E-03      0.36751642E-17
   87.000000000000         0.28940057E+00     -0.87824672E-16      0.11574854E-03      0.22430962E-17
   88.000000000000         0.28946183E+00     -0.87403279E-16      0.61263253E-04      0.42139302E-18
   89.000000000000         0.28947926E+00     -0.85546774E-16      0.17435015E-04      0.18565051E-17
   90.000000000000         0.28948078E+00     -0.95356725E-16      0.15168623E-05     -0.98099510E-17
   91.000000000000         0.28949010E+00     -0.90803797E-16      0.93216888E-05      0.45529286E-17
   92.000000000000         0.28951618E+00     -0.93614880E-16      0.26076175E-04     -0.28110832E-17
   93.000000000000         0.28957135E+00     -0.91407492E-16      0.55166981E-04      0.22073885E-17
   94.000000000000         0.28966676E+00     -0.95129228E-16      0.95415995E-04     -0.37217363E-17
   95.000000000000         0.28980534E+00     -0.83746335E-16      0.13857336E-03      0.11382893E-16
   96.000000000000         0.28996907E+00     -0.88219310E-16      0.16373878E-03     -0.44729751E-17
   97.000000000000         0.29011046E+00     -0.83977693E-16      0.14138802E-03      0.42416175E-17
   98.000000000000         0.29018961E+00     -0.80846284E-16      0.79149564E-04      0.31314088E-17
   99.000000000000         0.29019804E+00     -0.74003428E-16      0.84293868E-05      0.68428557E-17
  100.000000000000         0.29014793E+00     -0.78144261E-16     -0.50109675E-04     -0.41408323E-17
  101.000000000000         0.29006613E+00     -0.81741007E-16     -0.81799345E-04     -0.35967460E-17
  102.000000000000         0.28998668E+00     -0.75186248E-16     -0.79450352E-04      0.65547586E-17
  103.000000000000         0.28994095E+00     -0.73023673E-16     -0.45732232E-04      0.21625751E-17
  104.000000000000         0.28995410E+00     -0.76781091E-16      0.13146313E-04     -0.37574176E-17
  105.000000000000         0.29002914E+00     -0.76244289E-16      0.75041973E-04      0.53680126E-18
  106.000000000000         0.29012984E+00     -0.72141691E-16      0.10070362E-03      0.41025982E-17
  107.000000000000         0.29021005E+00     -0.79555515E-16      0.80203055E-04     -0.74138239E-17
  108.000000000000         0.29024242E+00     -0.77704277E-16      0.32372371E-04      0.18512376E-17
  109.000000000000         0.29021710E+00     -0.74251770E-16     -0.25318438E-04      0.34525070E-17
  110.000000000000         0.29013291E+00     -0.76150394E-16     -0.84188294E-04     -0.18986236E-17
  111.000000000000         0.29001120E+00     -0.82449625E-16     -0.12171026E-03     -0.62992311E-17
  112.000000000000         0.28988300E+00     -0.84524259E-16     -0.12819934E-03     -0.20746344E-17
  113.000000000000         0.28976706E+00     -0.90651731E-16     -0.11593670E-03     -0.61274712E-17
  114.000000000000         0.28966026E+00     -0.79360774E-16     -0.10680233E-03      0.11290957E-16
  115.000000000000         0.28956120E+00     -0.81961965E-16     -0.99061178E-04     -0.26011911E-17
  116.000000000000         0.28948468E+00     -0.82727361E-16     -0.76522109E-04     -0.76539609E-18
  117.000000000000         0.28944015E+00     -0.81421136E-16     -0.44527590E-04      0.13062248E-17
  118.000000000000         0.28941403E+00     -0.80113720E-16     -0.26120159E-04      0.13074160E-17
  119.000000000000         0.28937710E+00     -0.82331020E-16     -0.36930360E-04     -0.22172999E-17
  120.000000000000         0.28931065E+00     -0.78642621E-16     -0.66449004E-04      0.36883991E-17
  121.000000000000         0.28921351E+00     -0.82111015E-16     -0.97140408E-04     -0.34683940E-17
  122.000000000000         0.28909211E+00     -0.86580242E-16     -0.12140591E-03     -0.44692263E-17
  123.000000000000         0.28895699E+00     -0.92661984E-16     -0.13511387E-03     -0.60817421E-17
  124.000000000000         0.28882089E+00     -0.94782590E-16     -0.13610137E-03     -0.21206058E-17
  125.000000000000         0.28869242E+00     -0.96158035E-16     -0.12846882E-03     -0.13754451E-17
  126.000000000000         0.28858438E+00     -0.10022942E-15     -0.10804503E-03     -0.40713855E-17
  127.000000000000         0.28850511E+00     -0.10090030E-15     -0.79268128E-04     -0.67088244E-18
  128.000000000000         0.28846167E+00     -0.10711316E-15     -0.43437710E-04     -0.62128585E-17
  129.000000000000         0.28845193E+00     -0.10660188E-15     -0.97413562E-05      0.51128439E-18
  130.000000000000         0.28845612E+00     -0.11062336E-15      0.41881440E-05     -0.40214797E-17
  131.000000000000         0.28845184E+00     -0.11322674E-15     -0.42728347E-05     -0.26033881E-17
  132.000000000000         0.28841767E+00     -0.11447600E-15     -0.34173854E-04     -0.12492537E-17
  133.000000000000         0.28834221E+00     -0.11548032E-15     -0.75465166E-04     -0.10043239E-17
  134.000000000000         0.28823599E+00     -0.10937372E-15     -0.10621420E-03      0.61065988E-17
  135.000000000000         0.28812879E+00     -0.10217381E-15     -0.10719721E-03      0.71999148E-17
  136.000000000000         0.28805160E+00     -0.98879194E-16     -0.77190096E-04      0.32946148E-17
  137.000000000000         0.28801963E+00     -0.10398816E-15     -0.31971605E-04     -0.51089645E-17
  138.000000000000         0.28802994E+00     -0.94847600E-16      0.10311132E-04      0.91405583E-17
  139.000000000000         0.28807337E+00     -0.97079750E-16      0.43429236E-04     -0.22321494E-17
  140.000000000000         0.28813994E+00     -0.10022039E-15      0.66564138E-04     -0.31406452E-17
  141.000000000000         0.28819591E+00     -0.10352555E-15      0.55974975E-04     -0.33051549E-17
  142.000000000000         0.28821375E+00     -0.10305709E-15      0.17842779E-04      0.46845629E-18
  143.000000000000         0.28819224E+00     -0.10066270E-15     -0.21513650E-04      0.23943975E-17
  144.000000000000         0.28814742E+00     -0.11003994E-15     -0.44824033E-04     -0.93772429E-17
  145.000000000000         0.28810236E+00     -0.11064986E-15     -0.45058627E-04     -0.60992253E-18
  146.000000000000         0.28807778E+00     -0.11210541E-15     -0.24576914E-04     -0.14555526E-17
  147.000000000000         0.28808485E+00     -0.10768669E-15      0.70640182E-05      0.44187202E-17
  148.000000000000         0.28812293E+00     -0.10618599E-15      0.38080625E-04      0.15007086E-17
  149.000000000000         0.28818336E+00     -0.10614735E-15      0.60432867E-04      0.38640005E-19
  150.000000000000         0.28825060E+00     -0.10227754E-15      0.67245289E-04      0.38698097E-17
  151.000000000000         0.28830799E+00     -0.10945412E-15      0.57388674E-04     -0.71765852E-17
  152.000000000000         0.28834595E+00     -0.11254262E-15      0.37952652E-04     -0.30884998E-17
  153.000000000000         0.28836350E+00     -0.11223871E-15      0.17550218E-04      0.30390690E-18
  154.000000000000         0.28836661E+00     -0.11247130E-15      0.31122254E-05     -0.23258259E-18
  155.000000000000         0.28836389E+00     -0.11447547E-15     -0.27154122E-05     -0.20041785E-17
  156.000000000000         0.28837115E+00     -0.11860544E-15      0.72572597E-05     -0.41299665E-17
  157.000000000000         0.28840228E+00     -0.11983830E-15      0.31131758E-04     -0.12328557E-17
  158.000000000000         0.28845535E+00     -0.12100067E-15      0.53071470E-04     -0.11623733E-17
  159.000000000000         0.28851691E+00     -0.11569417E-15      0.61554228E-04      0.53064967E-17
  160.000000000000         0.28857144E+00     -0.11535283E-15      0.54533244E-04      0.34134510E-18
  161.000000000000         0.28861285E+00     -0.12038929E-15      0.41407692E-04     -0.50364638E-17
  162.000000000000         0.28865037E+00     -0.11687003E-15      0.37518351E-04      0.35192572E-17
  163.000000000000         0.28869590E+00     -0.11379460E-15      0.45530923E-04      0.30754392E-17
  164.000000000000         0.28874284E+00     -0.10990582E-15      0.46938866E-04      0.38887753E-17
  165.000000000000         0.28877768E+00     -0.11239122E-15      0.34839219E-04     -0.24853991E-17
  166.000000000000         0.28880687E+00     -0.11113031E-15      0.29190315E-04      0.12609052E-17
  167.000000000000         0.28884166E+00     -0.10645956E-15      0.34789479E-04      0.46707588E-17
  168.000000000000         0.28888146E+00     -0.10416138E-15      0.39803796E-04      0.22981798E-17
  169.000000000000         0.28891981E+00     -0.10228697E-15      0.38352849E-04      0.18744052E-17
  170.000000000000         0.28895927E+00     -0.10456760E-15      0.39463040E-04     -0.22806288E-17
  171.000000000000         0.28900282E+00     -0.10371814E-15      0.43542207E-04      0.84946229E-18
  172.000000000000         0.28905099E+00     -0.10512419E-15      0.48170672E-04     -0.14060541E-17
  173.000000000000         0.28910191E+00     -0.10025475E-15      0.50920479E-04      0.48694410E-17
  174.000000000000         0.28915290E+00     -0.10055533E-15      0.50989254E-04     -0.30058346E-18
  175.000000000000         0.28920235E+00     -0.97425412E-16      0.49449065E-04      0.31299209E-17
  176.000000000000         0.28924569E+00     -0.94959940E-16      0.43345290E-04      0.24654723E-17
  177.000000000000         0.28927395E+00     -0.94727622E-16      0.28257744E-04      0.23231814E-18
  178.000000000000         0.28928553E+00     -0.93218692E-16      0.11578091E-04      0.15089304E-17
  179.000000000000         0.28929357E+00     -0.93456337E-16      0.80453712E-05     -0.23764494E-18
  180.000000000000         0.28931660E+00     -0.97005278E-16      0.23025520E-04     -0.35489416E-17
  181.000000000000         0.28935667E+00     -0.10095141E-15      0.40069662E-04     -0.39461339E-17
  182.000000000000         0.28940963E+00     -0.99240199E-16      0.52958223E-04      0.17112133E-17
  183.000000000000         0.28946481E+00     -0.99606546E-16      0.55181394E-04     -0.36634762E-18
  184.000000000000         0.28951510E+00     -0.10061987E-15      0.50294535E-04     -0.10133220E-17
  185.000000000000         0.28955784E+00     -0.10099541E-15      0.42734078E-04     -0.37554484E-18
  186.000000000000         0.28958694E+00     -0.10417237E-15      0.29102896E-04     -0.31769618E-17
  187.000000000000         0.28959876E+00     -0.99742690E-16      0.11823528E-04      0.44296853E-17
  188.000000000000         0.28960162E+00     -0.10132552E-15      0.28599198E-05     -0.15828259E-17
  189.000000000000         0.28961187E+00     -0.10297822E-15      0.10246419E-04     -0.16526995E-17
  190.000000000000         0.28964164E+00     -0.10053734E-15      0.29769280E-04      0.24408784E-17
  191.000000000000         0.28969065E+00     -0.10608772E-15      0.49012396E-04     -0.55503878E-17
  192.000000000000         0.28975817E+00     -0.10141508E-15      0.67523056E-04      0.46726481E-17
  193.000000000000         0.28982925E+00     -0.10239350E-15      0.71071944E-04     -0.97842819E-18
  194.000000000000         0.28988082E+00     -0.97477971E-16      0.51574147E-04      0.49155331E-17
  195.000000000000         0.28991128E+00     -0.94069014E-16      0.30457524E-04      0.34089576E-17
  196.000000000000         0.28993575E+00     -0.92946397E-16      0.24467744E-04      0.11226172E-17
  197.000000000000         0.28996151E+00     -0.92988595E-16      0.25768942E-04     -0.42198702E-19
  198.000000000000         0.28999711E+00     -0.97973350E-16      0.35597565E-04     -0.49847551E-17
  199.000000000000         0.29003852E+00     -0.96377745E-16      0.41409877E-04      0.15956057E-17
  200.000000000000         0.29008797E+00     -0.99748439E-16      0.49449228E-04     -0.33706941E-17
  201.000000000000         0.29015302E+00     -0.10101987E-15      0.65051820E-04     -0.12714360E-17
  202.000000000000         0.29022691E+00     -0.90428508E-16      0.73886580E-04      0.10591367E-16
  203.000000000000         0.29029344E+00     -0.80120589E-16      0.66530325E-04      0.10307919E-16
  204.000000000000         0.29033893E+00     -0.80458809E-16      0.45487323E-04     -0.33821935E-18
  205.000000000000         0.29036816E+00     -0.85770320E-16      0.29237776E-04     -0.53115113E-17
  206.000000000000         0.29040031E+00     -0.87912995E-16      0.32148345E-04     -0.21426750E-17
  207.000000000000         0.29044822E+00     -0.87949132E-16      0.47906390E-04     -0.36137122E-19
  208.000000000000         0.29051506E+00     -0.83696977E-16      0.66838581E-04      0.42521549E-17
  209.000000000000         0.29059022E+00     -0.91793405E-16      0.75164264E-04     -0.80964282E-17
  210.000000000000         0.29066643E+00     -0.94388209E-16      0.76207096E-04     -0.25948036E-17
  211.000000000000         0.29074652E+00     -0.99819149E-16      0.80090725E-04     -0.54309396E-17
  212.000000000000         0.29083014E+00     -0.10602341E-15      0.83622534E-04     -0.62042575E-17
  213.000000000000         0.29091343E+00     -0.10526283E-15      0.83291512E-04      0.76057677E-18
  214.000000000000         0.29099034E+00     -0.10245712E-15      0.76903527E-04      0.28057080E-17
  215.000000000000         0.29106299E+00     -0.10061692E-15      0.72652219E-04      0.18401997E-17
  216.000000000000         0.29113779E+00     -0.10055292E-15      0.74802364E-04      0.63998054E-19
  217.000000000000         0.29121552E+00     -0.10257902E-15      0.77730924E-04     -0.20260971E-17
  218.000000000000         0.29129463E+00     -0.10695820E-15      0.79107678E-04     -0.43791794E-17
  219.000000000000         0.29137838E+00     -0.10682922E-15      0.83747616E-04      0.12898136E-18
  220.000000000000         0.29146788E+00     -0.10450165E-15      0.89496910E-04      0.23275679E-17
  221.000000000000         0.29156254E+00     -0.10485185E-15      0.94660290E-04     -0.35020106E-18
  222.000000000000         0.29166195E+00     -0.10176535E-15      0.99417505E-04      0.30865028E-17
  223.000000000000         0.29176305E+00     -0.10043489E-15      0.10109843E-03      0.13304579E-17
  224.000000000000         0.29185788E+00     -0.96739001E-16      0.94824650E-04      0.36958900E-17
  225.000000000000         0.29194192E+00     -0.99541310E-16      0.84044558E-04     -0.28023085E-17
  226.000000000000         0.29201895E+00     -0.93770480E-16      0.77032169E-04      0.57708296E-17
  227.000000000000         0.29209511E+00     -0.88477766E-16      0.76159901E-04      0.52927142E-17
  228.000000000000         0.29217471E+00     -0.88040302E-16      0.79592640E-04      0.43746348E-18
  229.000000000000         0.29226299E+00     -0.85471322E-16      0.88287754E-04      0.25689805E-17
  230.000000000000         0.29236026E+00     -0.80935092E-16      0.97263742E-04      0.45362303E-17
  231.000000000000         0.29246010E+00     -0.80268155E-16      0.99845617E-04      0.66693662E-18
  232.000000000000         0.29255790E+00     -0.82630668E-16      0.97800142E-04     -0.23625131E-17
  233.000000000000         0.29265044E+00     -0.82985925E-16      0.92535995E-04     -0.35525679E-18
  234.000000000000         0.29273452E+00     -0.82680364E-16      0.84085273E-04      0.30556126E-18
  235.000000000000         0.29280945E+00     -0.86586727E-16      0.74922352E-04     -0.39063630E-17
  236.000000000000         0.29287562E+00     -0.84599143E-16      0.66170726E-04      0.19875834E-17
  237.000000000000         0.29293520E+00     -0.82832371E-16      0.59586875E-04      0.17667725E-17
  238.000000000000         0.29299459E+00     -0.81763818E-16      0.59381682E-04      0.10685527E-17
  239.000000000000         0.29306238E+00     -0.83258731E-16      0.67797069E-04     -0.14949131E-17
  240.000000000000         0.29314261E+00     -0.87736352E-16      0.80222272E-04     -0.44776206E-17
  241.000000000000         0.29323273E+00     -0.83152427E-16      0.90122661E-04      0.45839247E-17
  242.000000000000         0.29332390E+00     -0.81099146E-16      0.91176369E-04      0.20532814E-17
  243.000000000000         0.29340694E+00     -0.79946927E-16      0.83040483E-04      0.11522187E-17
  244.000000000000         0.29347654E+00     -0.83389983E-16      0.69599791E-04     -0.34430558E-17
  245.000000000000         0.29353763E+00     -0.84468601E-16      0.61089948E-04     -0.10786180E-17
  246.000000000000         0.29359243E+00     -0.87351638E-16      0.54791855E-04     -0.28830372E-17
  247.000000000000         0.29364117E+00     -0.83172013E-16      0.48740955E-04      0.41796253E-17
  248.000000000000         0.29368999E+00     -0.80112552E-16      0.48821914E-04      0.30594606E-17
  249.000000000000         0.29375165E+00     -0.79032811E-16      0.61661118E-04      0.10797406E-17
  250.000000000000         0.29383041E+00     -0.81219133E-16      0.78757490E-04     -0.21863216E-17
  251.000000000000         0.29391771E+00     -0.83235506E-16      0.87299173E-04     -0.20163728E-17
  252.000000000000         0.29400156E+00     -0.85709923E-16      0.83850874E-04     -0.24744170E-17
  253.000000000000         0.29407285E+00     -0.88560589E-16      0.71295637E-04     -0.28506663E-17
  254.000000000000         0.29412973E+00     -0.87114852E-16      0.56872227E-04      0.14457371E-17
  255.000000000000         0.29417748E+00     -0.89682790E-16      0.47753969E-04     -0.25679385E-17
  256.000000000000         0.29422244E+00     -0.91503677E-16      0.44956155E-04     -0.18208868E-17
  257.000000000000         0.29427206E+00     -0.93694560E-16      0.49623995E-04     -0.21908831E-17
  258.000000000000         0.29433052E+00     -0.93579979E-16      0.58462919E-04      0.11458180E-18
  259.000000000000         0.29440149E+00     -0.91990550E-16      0.70963642E-04      0.15894283E-17
  260.000000000000         0.29448623E+00     -0.94073198E-16      0.84747347E-04     -0.20826481E-17
  261.000000000000         0.29457404E+00     -0.91182995E-16      0.87808813E-04      0.28902029E-17
  262.000000000000         0.29465190E+00     -0.89200342E-16      0.77860563E-04      0.19826534E-17
  263.000000000000         0.29471497E+00     -0.91008313E-16      0.63067291E-04     -0.18079712E-17
  264.000000000000         0.29476475E+00     -0.94389529E-16      0.49776490E-04     -0.33812158E-17
  265.000000000000         0.29480725E+00     -0.99542261E-16      0.42500073E-04     -0.51527323E-17
  266.000000000000         0.29485153E+00     -0.10057216E-15      0.44278726E-04     -0.10298987E-17
  267.000000000000         0.29490219E+00     -0.10221074E-15      0.50661192E-04     -0.16385779E-17
  268.000000000000         0.29495862E+00     -0.10810145E-15      0.56428679E-04     -0.58907164E-17
  269.000000000000         0.29502142E+00     -0.10906789E-15      0.62801549E-04     -0.96644048E-18
  270.000000000000         0.29509377E+00     -0.11035133E-15      0.72353167E-04     -0.12834395E-17
  271.000000000000         0.29517212E+00     -0.12021863E-15      0.78345005E-04     -0.98672945E-17
  272.000000000000         0.29524777E+00     -0.11733561E-15      0.75657901E-04      0.28830147E-17
  273.000000000000         0.29531207E+00     -0.12289085E-15      0.64300086E-04     -0.55552384E-17
  274.000000000000         0.29535895E+00     -0.12502559E-15      0.46876985E-04     -0.21347340E-17
  275.000000000000         0.29539157E+00     -0.12588904E-15      0.32615361E-04     -0.86345339E-18
  276.000000000000         0.29541888E+00     -0.12704618E-15      0.27312371E-04     -0.11571439E-17
  277.000000000000         0.29545074E+00     -0.13172932E-15      0.31858065E-04     -0.46831352E-17
  278.000000000000         0.29549486E+00     -0.13768706E-15      0.44122509E-04     -0.59577445E-17
  279.000000000000         0.29555096E+00     -0.13980321E-15      0.56102947E-04     -0.21161508E-17
  280.000000000000         0.29561469E+00     -0.14351432E-15      0.63726685E-04     -0.37111087E-17
  281.000000000000         0.29567818E+00     -0.13820961E-15      0.63494811E-04      0.53047133E-17
  282.000000000000         0.29573228E+00     -0.13782558E-15      0.54099341E-04      0.38403341E-18
  283.000000000000         0.29576869E+00     -0.13715165E-15      0.36406912E-04      0.67392133E-18
  284.000000000000         0.29578397E+00     -0.14156738E-15      0.15284228E-04     -0.44157243E-17
  285.000000000000         0.29579097E+00     -0.14127199E-15      0.69980685E-05      0.29538694E-18
  286.000000000000         0.29580805E+00     -0.13606648E-15      0.17080117E-04      0.52055079E-17
  287.000000000000         0.29584317E+00     -0.13777601E-15      0.35121573E-04     -0.17095235E-17
  288.000000000000         0.29589036E+00     -0.14238232E-15      0.47186324E-04     -0.46063100E-17
  289.000000000000         0.29593860E+00     -0.14923173E-15      0.48235942E-04     -0.68494121E-17
  290.000000000000         0.29597956E+00     -0.14649989E-15      0.40969475E-04      0.27318408E-17
  291.000000000000         0.29600804E+00     -0.14761759E-15      0.28475519E-04     -0.11176989E-17
  292.000000000000         0.29602306E+00     -0.15109865E-15      0.15021109E-04     -0.34810631E-17
  293.000000000000         0.29603059E+00     -0.14689739E-15      0.75305087E-05      0.42012660E-17
  294.000000000000         0.29603859E+00     -0.14539416E-15      0.79992604E-05      0.15032228E-17
  295.000000000000         0.29605185E+00     -0.14810120E-15      0.13259555E-04     -0.27070338E-17
  296.000000000000         0.29607097E+00     -0.14617550E-15      0.19117987E-04      0.19256946E-17
  297.000000000000         0.29609221E+00     -0.14334444E-15      0.21237514E-04      0.28310661E-17
  298.000000000000         0.29611142E+00     -0.14152410E-15      0.19212841E-04      0.18203341E-17
  299.000000000000         0.29612578E+00     -0.14109484E-15      0.14359260E-04      0.42926364E-18
  300.000000000000         0.29613356E+00     -0.13942259E-15      0.77849602E-05      0.16722456E-17
  301.000000000000         0.29613808E+00     -0.13114777E-15      0.45123612E-05      0.82748244E-17
  302.000000000000         0.29614479E+00     -0.12898560E-15      0.67144113E-05      0.21621681E-17
  303.000000000000         0.29615553E+00     -0.13054838E-15      0.10737824E-04     -0.15627784E-17
  304.000000000000         0.29616639E+00     -0.13000976E-15      0.10863393E-04      0.53862105E-18
  305.000000000000         0.29617249E+00     -0.12806372E-15      0.60953830E-05      0.19460391E-17
  306.000000000000         0.29617395E+00     -0.13030488E-15      0.14635462E-05     -0.22411648E-17
  307.000000000000         0.29617322E+00     -0.12864613E-15     -0.72736696E-06      0.16587560E-17
  308.000000000000         0.29617273E+00     -0.12837379E-15     -0.49109306E-06      0.27233507E-18
  309.000000000000         0.29617709E+00     -0.12799586E-15      0.43621496E-05      0.37792799E-18
  310.000000000000         0.29619045E+00     -0.12784216E-15      0.13358999E-04      0.15370414E-18
  311.000000000000         0.29621147E+00     -0.13172191E-15      0.21015038E-04     -0.38797543E-17
  312.000000000000         0.29623317E+00     -0.13950147E-15      0.21703958E-04     -0.77795535E-17
  313.000000000000         0.29624719E+00     -0.14384955E-15      0.14018464E-04     -0.43480841E-17
  314.000000000000         0.29625000E+00     -0.13787369E-15      0.28055932E-05      0.59758645E-17
  315.000000000000         0.29624418E+00     -0.13915986E-15     -0.58155695E-05     -0.12861725E-17
  316.000000000000         0.29623681E+00     -0.13830090E-15     -0.73679596E-05      0.85896412E-18
  317.000000000000         0.29623541E+00     -0.13326180E-15     -0.14045953E-05      0.50390924E-17
  318.000000000000         0.29624334E+00     -0.13294420E-15      0.79298450E-05      0.31759839E-18
  319.000000000000         0.29626005E+00     -0.13099610E-15      0.16712801E-04      0.19481037E-17
  320.000000000000         0.29628392E+00     -0.13061917E-15      0.23865786E-04      0.37693041E-18
  321.000000000000         0.29630649E+00     -0.13261290E-15      0.22573109E-04     -0.19937295E-17
  322.000000000000         0.29631878E+00     -0.12738933E-15      0.12295244E-04      0.52235735E-17
  323.000000000000         0.29631993E+00     -0.12518225E-15      0.11500809E-05      0.22070725E-17
  324.000000000000         0.29631560E+00     -0.12441483E-15     -0.43360526E-05      0.76742583E-18
  325.000000000000         0.29631213E+00     -0.12541315E-15     -0.34720132E-05     -0.99832685E-18
  326.000000000000         0.29631401E+00     -0.12132045E-15      0.18793235E-05      0.40927082E-17
  327.000000000000         0.29632387E+00     -0.12164043E-15      0.98613881E-05     -0.31998580E-18
  328.000000000000         0.29634163E+00     -0.12800353E-15      0.17762101E-04     -0.63630960E-17
  329.000000000000         0.29636298E+00     -0.13065086E-15      0.21351030E-04     -0.26473346E-17
  330.000000000000         0.29638111E+00     -0.13653232E-15      0.18124565E-04     -0.58814586E-17
  331.000000000000         0.29639073E+00     -0.13705939E-15      0.96275032E-05     -0.52706551E-18
  332.000000000000         0.29639057E+00     -0.13917216E-15     -0.16284058E-06     -0.21127740E-17
  333.000000000000         0.29638307E+00     -0.14635424E-15     -0.74993725E-05     -0.71820793E-17
  334.000000000000         0.29637401E+00     -0.14588318E-15     -0.90581227E-05      0.47106356E-18
  335.000000000000         0.29636910E+00     -0.14142503E-15     -0.49164215E-05      0.44581469E-17
  336.000000000000         0.29637030E+00     -0.14046573E-15      0.12090461E-05      0.95930278E-18
  337.000000000000         0.29637772E+00     -0.14001984E-15      0.74159012E-05      0.44588749E-18
  338.000000000000         0.29639061E+00     -0.13758071E-15      0.12892155E-04      0.24391248E-17
  339.000000000000         0.29640384E+00     -0.14061222E-15      0.13226498E-04     -0.30315054E-17
  340.000000000000         0.29640999E+00     -0.14087991E-15      0.61486627E-05     -0.26769145E-18
  341.000000000000         0.29640511E+00     -0.14187633E-15     -0.48734240E-05     -0.99642102E-18
  342.000000000000         0.29639117E+00     -0.15022622E-15     -0.13946510E-04     -0.83498846E-17
  343.000000000000         0.29637267E+00     -0.15400425E-15     -0.18497231E-04     -0.37780359E-17
  344.000000000000         0.29635376E+00     -0.15418668E-15     -0.18912103E-04     -0.18242898E-18
  345.000000000000         0.29633733E+00     -0.15231447E-15     -0.16429235E-04      0.18722083E-17
  346.000000000000         0.29632504E+00     -0.15232585E-15     -0.12293371E-04     -0.11380434E-19
  347.000000000000         0.29631499E+00     -0.15139068E-15     -0.10041793E-04      0.93517806E-18
  348.000000000000         0.29630047E+00     -0.14951730E-15     -0.14525628E-04      0.18733729E-17
  349.000000000000         0.29627604E+00     -0.15310174E-15     -0.24428631E-04     -0.35844392E-17
  350.000000000000         0.29624221E+00     -0.15492250E-15     -0.33830936E-04     -0.18207528E-17
  351.000000000000         0.29620282E+00     -0.15194249E-15     -0.39387808E-04      0.29800016E-17
  352.000000000000         0.29616233E+00     -0.15155395E-15     -0.40496348E-04      0.38854071E-18
  353.000000000000         0.29612347E+00     -0.14933672E-15     -0.38852470E-04      0.22172318E-17
  354.000000000000         0.29608661E+00     -0.15053119E-15     -0.36864825E-04     -0.11944712E-17
  355.000000000000         0.29605101E+00     -0.14851730E-15     -0.35598924E-04      0.20138944E-17
  356.000000000000         0.29601554E+00     -0.15062081E-15     -0.35470106E-04     -0.21035162E-17
  357.000000000000         0.29597814E+00     -0.14714388E-15     -0.37398695E-04      0.34769386E-17
  358.000000000000         0.29593295E+00     -0.14687085E-15     -0.45187182E-04      0.27302329E-18
  359.000000000000         0.29587984E+00     -0.14642981E-15     -0.53109232E-04      0.44104021E-18
  360.000000000000         0.29582572E+00     -0.14064458E-15     -0.54121798E-04      0.57852366E-17
  361.000000000000         0.29577530E+00     -0.14540190E-15     -0.50426368E-04     -0.47573201E-17
  362.000000000000         0.29572744E+00     -0.14509540E-15     -0.47859696E-04      0.30649432E-18
  363.000000000000         0.29567783E+00     -0.14995325E-15     -0.49605813E-04     -0.48578523E-17
  364.000000000000         0.29562400E+00     -0.14962025E-15     -0.53833244E-04      0.33300381E-18
  365.000000000000         0.29556746E+00     -0.15148615E-15     -0.56533732E-04     -0.18659003E-17
  366.000000000000         0.29551174E+00     -0.15516776E-15     -0.55727713E-04     -0.36816147E-17
  367.000000000000         0.29545839E+00     -0.15402204E-15     -0.53349148E-04      0.11457236E-17
  368.000000000000         0.29540713E+00     -0.15337976E-15     -0.51252813E-04      0.64227671E-18
  369.000000000000         0.29535813E+00     -0.15278538E-15     -0.49008143E-04      0.59438626E-18
  370.000000000000         0.29531193E+00     -0.16257641E-15     -0.46196228E-04     -0.97910334E-17
  371.000000000000         0.29526585E+00     -0.15742073E-15     -0.46080656E-04      0.51556852E-17
  372.000000000000         0.29521959E+00     -0.16223477E-15     -0.46259403E-04     -0.48140448E-17
  373.000000000000         0.29517044E+00     -0.16189531E-15     -0.49151961E-04      0.33945912E-18
  374.000000000000         0.29511536E+00     -0.16141060E-15     -0.55080995E-04      0.48471369E-18
  375.000000000000         0.29506091E+00     -0.16787769E-15     -0.54447775E-04     -0.64670958E-17
  376.000000000000         0.29501585E+00     -0.16669941E-15     -0.45059678E-04      0.11782831E-17
  377.000000000000         0.29498020E+00     -0.17540915E-15     -0.35649861E-04     -0.87097396E-17
  378.000000000000         0.29494847E+00     -0.16947577E-15     -0.31729262E-04      0.59333805E-17
  379.000000000000         0.29491721E+00     -0.17265075E-15     -0.31257877E-04     -0.31749765E-17
  380.000000000000         0.29488461E+00     -0.17344597E-15     -0.32599934E-04     -0.79522423E-18
  381.000000000000         0.29484843E+00     -0.17530727E-15     -0.36179849E-04     -0.18612996E-17
  382.000000000000         0.29480760E+00     -0.17566846E-15     -0.40828033E-04     -0.36119263E-18
  383.000000000000         0.29476534E+00     -0.17171971E-15     -0.42267726E-04      0.39487492E-17
  384.000000000000         0.29472749E+00     -0.17581232E-15     -0.37848147E-04     -0.40926035E-17
  385.000000000000         0.29469889E+00     -0.17519898E-15     -0.28597359E-04      0.61333863E-18
  386.000000000000         0.29468109E+00     -0.17224211E-15     -0.17803383E-04      0.29568670E-17
  387.000000000000         0.29467250E+00     -0.16308743E-15     -0.85828372E-05      0.91546832E-17
  388.000000000000         0.29466817E+00     -0.16321712E-15     -0.43297760E-05     -0.12969456E-18
  389.000000000000         0.29466140E+00     -0.16334751E-15     -0.67790087E-05     -0.13038939E-18
  390.000000000000         0.29464833E+00     -0.16296678E-15     -0.13064018E-04      0.38073544E-18
  391.000000000000         0.29462931E+00     -0.16730877E-15     -0.19019665E-04     -0.43419886E-17
  392.000000000000         0.29460913E+00     -0.16952635E-15     -0.20186580E-04     -0.22175845E-17
  393.000000000000         0.29459406E+00     -0.17294218E-15     -0.15061249E-04     -0.34158251E-17
  394.000000000000         0.29458815E+00     -0.17369772E-15     -0.59101910E-05     -0.75554272E-18
  395.000000000000         0.29459238E+00     -0.17153922E-15      0.42256886E-05      0.21584988E-17
  396.000000000000         0.29460357E+00     -0.17328271E-15      0.11194244E-04     -0.17434908E-17
  397.000000000000         0.29461525E+00     -0.17257902E-15      0.11676790E-04      0.70368660E-18
  398.000000000000         0.29462167E+00     -0.17197054E-15      0.64237083E-05      0.60848680E-18
  399.000000000000         0.29462221E+00     -0.16958879E-15      0.53903122E-06      0.23817449E-17
  400.000000000000         0.29461819E+00     -0.16792382E-15     -0.40280639E-05      0.16649697E-17
  401.000000000000         0.29461106E+00     -0.17150593E-15     -0.71298145E-05     -0.35821049E-17
  402.000000000000         0.29460590E+00     -0.16948240E-15     -0.51601598E-05      0.20235294E-17
  403.000000000000         0.29461049E+00     -0.16581890E-15      0.45997691E-05      0.36634977E-17
  404.000000000000         0.29462691E+00     -0.16572415E-15      0.16414955E-04      0.94749321E-19
  405.000000000000         0.29464954E+00     -0.16366909E-15      0.22627945E-04      0.20550615E-17
  406.000000000000         0.29466998E+00     -0.16239283E-15      0.20444900E-04      0.12762544E-17
  407.000000000000         0.29468339E+00     -0.16076897E-15      0.13409265E-04      0.16238688E-17
  408.000000000000         0.29469030E+00     -0.15921451E-15      0.69127765E-05      0.15544551E-17
  409.000000000000         0.29469246E+00     -0.16029831E-15      0.21590026E-05     -0.10837978E-17
  410.000000000000         0.29469141E+00     -0.15745617E-15     -0.10535216E-05      0.28421338E-17
  411.000000000000         0.29468974E+00     -0.16052721E-15     -0.16737628E-05     -0.30710330E-17
  412.000000000000         0.29469023E+00     -0.16065206E-15      0.49088516E-06     -0.12485390E-18
  413.000000000000         0.29469664E+00     -0.16180148E-15      0.64167735E-05     -0.11494163E-17
  414.000000000000         0.29470806E+00     -0.16215151E-15      0.11415295E-04     -0.35003231E-18
  415.000000000000         0.29471617E+00     -0.15680145E-15      0.81056763E-05      0.53500558E-17
  416.000000000000         0.29471370E+00     -0.15865056E-15     -0.24648218E-05     -0.18491053E-17
  417.000000000000         0.29470314E+00     -0.15735231E-15     -0.10564555E-04      0.12982477E-17
  418.000000000000         0.29469234E+00     -0.15740350E-15     -0.10798538E-04     -0.51185916E-19
  419.000000000000         0.29468507E+00     -0.15438800E-15     -0.72716056E-05      0.30154988E-17
  420.000000000000         0.29467958E+00     -0.15785481E-15     -0.54840608E-05     -0.34668089E-17
  421.000000000000         0.29467266E+00     -0.15699444E-15     -0.69196860E-05      0.86037032E-18
  422.000000000000         0.29466541E+00     -0.16170861E-15     -0.72477950E-05     -0.47141710E-17
  423.000000000000         0.29465893E+00     -0.16485498E-15     -0.64871568E-05     -0.31463759E-17
  424.000000000000         0.29465032E+00     -0.16229274E-15     -0.86086016E-05      0.25622489E-17
  425.000000000000         0.29463603E+00     -0.15759114E-15     -0.14288194E-04      0.47015994E-17
  426.000000000000         0.29461613E+00     -0.16028113E-15     -0.19898719E-04     -0.26899906E-17
  427.000000000000         0.29459754E+00     -0.16828147E-15     -0.18589226E-04     -0.80003379E-17
  428.000000000000         0.29458393E+00     -0.16631416E-15     -0.13616200E-04      0.19673009E-17
  429.000000000000         0.29457097E+00     -0.16618731E-15     -0.12958933E-04      0.12685716E-18
  430.000000000000         0.29455342E+00     -0.16380441E-15     -0.17551050E-04      0.23828963E-17
  431.000000000000         0.29453051E+00     -0.16469647E-15     -0.22909737E-04     -0.89205730E-18
  432.000000000000         0.29450581E+00     -0.16793493E-15     -0.24696699E-04     -0.32384610E-17
  433.000000000000         0.29448381E+00     -0.17069378E-15     -0.22002947E-04     -0.27588534E-17
  434.000000000000         0.29446668E+00     -0.16993500E-15     -0.17127846E-04      0.75878676E-18
  435.000000000000         0.29445420E+00     -0.16582171E-15     -0.12477689E-04      0.41132870E-17
  436.000000000000         0.29444487E+00     -0.17186164E-15     -0.93283817E-05     -0.60399298E-17
  437.000000000000         0.29443579E+00     -0.16844477E-15     -0.90837963E-05      0.34168655E-17
  438.000000000000         0.29442366E+00     -0.16325559E-15     -0.12128788E-04      0.51891860E-17
  439.000000000000         0.29440720E+00     -0.16277288E-15     -0.16460149E-04      0.48270282E-18
  440.000000000000         0.29438596E+00     -0.15536766E-15     -0.21242463E-04      0.74052260E-17
  441.000000000000         0.29436162E+00     -0.15065021E-15     -0.24336552E-04      0.47174515E-17
  442.000000000000         0.29433978E+00     -0.14705534E-15     -0.21837214E-04      0.35948714E-17
  443.000000000000         0.29432566E+00     -0.15111676E-15     -0.14126730E-04     -0.40614255E-17
  444.000000000000         0.29432027E+00     -0.15128548E-15     -0.53837564E-05     -0.16872425E-18
  445.000000000000         0.29432039E+00     -0.15585803E-15      0.12033115E-06     -0.45725478E-17
  446.000000000000         0.29432036E+00     -0.15656174E-15     -0.37966922E-07     -0.70370331E-18
  447.000000000000         0.29431438E+00     -0.15543039E-15     -0.59728249E-05      0.11313497E-17
  448.000000000000         0.29430117E+00     -0.15739240E-15     -0.13209953E-04     -0.19620136E-17
  449.000000000000         0.29428614E+00     -0.15989036E-15     -0.15029314E-04     -0.24979639E-17
  450.000000000000         0.29427717E+00     -0.16354337E-15     -0.89690725E-05     -0.36530030E-17
  451.000000000000         0.29427741E+00     -0.16247468E-15      0.23944696E-06      0.10686900E-17
  452.000000000000         0.29428588E+00     -0.16733025E-15      0.84667414E-05     -0.48555743E-17
  453.000000000000         0.29430080E+00     -0.16965449E-15      0.14917621E-04     -0.23242353E-17
  454.000000000000         0.29431922E+00     -0.16764458E-15      0.18420868E-04      0.20099074E-17
  455.000000000000         0.29433605E+00     -0.16861470E-15      0.16826260E-04     -0.97011668E-18
  456.000000000000         0.29434585E+00     -0.16280533E-15      0.98031226E-05      0.58093646E-17
  457.000000000000         0.29434841E+00     -0.15539713E-15      0.25594484E-05      0.74081964E-17
  458.000000000000         0.29435033E+00     -0.15551971E-15      0.19183452E-05     -0.12257667E-18
  459.000000000000         0.29435972E+00     -0.15040860E-15      0.93973366E-05      0.51111084E-17
  460.000000000000         0.29438068E+00     -0.15419553E-15      0.20960726E-04     -0.37869281E-17
  461.000000000000         0.29441232E+00     -0.15197746E-15      0.31634046E-04      0.22180707E-17
  462.000000000000         0.29444861E+00     -0.15491715E-15      0.36289061E-04     -0.29396900E-17
  463.000000000000         0.29448170E+00     -0.16107202E-15      0.33092402E-04     -0.61548666E-17
  464.000000000000         0.29450738E+00     -0.15868783E-15      0.25678940E-04      0.23841847E-17
  465.000000000000         0.29452884E+00     -0.15717782E-15      0.21464967E-04      0.15100090E-17
  466.000000000000         0.29455149E+00     -0.15531802E-15      0.22650386E-04      0.18598034E-17
  467.000000000000         0.29457702E+00     -0.15463205E-15      0.25526144E-04      0.68596806E-18
  468.000000000000         0.29460681E+00     -0.15693639E-15      0.29790021E-04     -0.23043379E-17
  469.000000000000         0.29464324E+00     -0.15820857E-15      0.36429921E-04     -0.12721832E-17
  470.000000000000         0.29468604E+00     -0.15739069E-15      0.42795061E-04      0.81788716E-18
  471.000000000000         0.29473036E+00     -0.15331614E-15      0.44325874E-04      0.40745423E-17
  472.000000000000         0.29477072E+00     -0.14887570E-15      0.40354098E-04      0.44404386E-17
  473.000000000000         0.29480574E+00     -0.14749766E-15      0.35019746E-04      0.13780439E-17
  474.000000000000         0.29483770E+00     -0.14527662E-15      0.31969373E-04      0.22210386E-17
  475.000000000000         0.29486959E+00     -0.14571706E-15      0.31886863E-04     -0.44044233E-18
  476.000000000000         0.29490321E+00     -0.15026722E-15      0.33621193E-04     -0.45501544E-17
  477.000000000000         0.29493950E+00     -0.15082777E-15      0.36285290E-04     -0.56055309E-18
  478.000000000000         0.29497888E+00     -0.14994021E-15      0.39382305E-04      0.88756270E-18
  479.000000000000         0.29502084E+00     -0.14675197E-15      0.41964526E-04      0.31882377E-17
  480.000000000000         0.29506436E+00     -0.14782664E-15      0.43513511E-04     -0.10746649E-17
  481.000000000000         0.29510690E+00     -0.14783026E-15      0.42540584E-04     -0.36231338E-20
  482.000000000000         0.29514575E+00     -0.14470774E-15      0.38853713E-04      0.31225166E-17
  483.000000000000         0.29518102E+00     -0.14122483E-15      0.35272272E-04      0.34829142E-17
  484.000000000000         0.29521525E+00     -0.14193375E-15      0.34223604E-04     -0.70892116E-18
  485.000000000000         0.29525031E+00     -0.14367492E-15      0.35065088E-04     -0.17411734E-17
  486.000000000000         0.29528660E+00     -0.14512074E-15      0.36289033E-04     -0.14458183E-17
  487.000000000000         0.29532400E+00     -0.14177252E-15      0.37395433E-04      0.33482178E-17
  488.000000000000         0.29536248E+00     -0.14184959E-15      0.38485202E-04     -0.77070982E-19
  489.000000000000         0.29540200E+00     -0.14301622E-15      0.39517456E-04     -0.11666234E-17
  490.000000000000         0.29544030E+00     -0.14030802E-15      0.38296957E-04      0.27081934E-17
  491.000000000000         0.29547468E+00     -0.14266369E-15      0.34383445E-04     -0.23556674E-17
  492.000000000000         0.29550509E+00     -0.13782342E-15      0.30409814E-04      0.48402729E-17
  493.000000000000         0.29553301E+00     -0.13943397E-15      0.27917836E-04     -0.16105464E-17
  494.000000000000         0.29555957E+00     -0.14088133E-15      0.26561392E-04     -0.14473668E-17
  495.000000000000         0.29558494E+00     -0.13900847E-15      0.25370618E-04      0.18728667E-17
  496.000000000000         0.29561014E+00     -0.14163635E-15      0.25203353E-04     -0.26278826E-17
  497.000000000000         0.29563694E+00     -0.14052636E-15      0.26791134E-04      0.11099911E-17
  498.000000000000         0.29566526E+00     -0.14222360E-15      0.28328378E-04     -0.16972382E-17
  499.000000000000         0.29569337E+00     -0.14578919E-15      0.28107411E-04     -0.35655962E-17
  500.000000000000         0.29572149E+00     -0.14643307E-15      0.28118488E-04     -0.64387664E-18
