
    0.000000000000         0.14807432E-01      0.30806777E-17      0.14808225E-01      0.30856112E-17
    1.000000000000         0.34817825E-04      0.13899324E-01      0.35608872E-04      0.13899462E-01
    2.000000000000        -0.11947453E-01      0.78446076E-03     -0.11947136E-01      0.78449173E-03
    3.000000000000        -0.19486951E-02     -0.98575965E-02     -0.19480807E-02     -0.98584722E-02
    4.000000000000         0.78813010E-02     -0.30702877E-02      0.78833316E-02     -0.30707726E-02
    5.000000000000         0.38722835E-02      0.59527128E-02      0.38740235E-02      0.59541818E-02
    6.000000000000        -0.40306862E-02      0.42455828E-02     -0.40313359E-02      0.42470917E-02
    7.000000000000        -0.41889611E-02     -0.21824945E-02     -0.41902064E-02     -0.21835503E-02
    8.000000000000         0.48709616E-03     -0.37897309E-02      0.48818360E-03     -0.37921257E-02
    9.000000000000         0.31830122E-02     -0.10066711E-02      0.31863362E-02     -0.10074763E-02
   10.000000000000         0.22481309E-02      0.25103248E-02      0.22511276E-02      0.25128040E-02
   11.000000000000        -0.18755742E-02      0.31605928E-02     -0.18770410E-02      0.31643703E-02
   12.000000000000        -0.36948432E-02     -0.13089771E-02     -0.36993261E-02     -0.13108392E-02
   13.000000000000         0.78444488E-03     -0.38811683E-02      0.78652649E-03     -0.38876491E-02
   14.000000000000         0.38194087E-02      0.28998971E-03      0.38275768E-02      0.29055140E-03
   15.000000000000         0.12857123E-03      0.36230601E-02      0.12962573E-03      0.36311177E-02
   16.000000000000        -0.33605095E-02      0.41065901E-03     -0.33682475E-02      0.41169834E-03
   17.000000000000        -0.54628760E-03     -0.30624362E-02     -0.54708335E-03     -0.30711878E-02
   18.000000000000         0.27408658E-02     -0.57025771E-03      0.27504129E-02     -0.57208515E-03
   19.000000000000         0.53423351E-03      0.24084169E-02      0.53690371E-03      0.24170184E-02
   20.000000000000        -0.21028423E-02      0.48407495E-03     -0.21104052E-02      0.48599105E-03
   21.000000000000        -0.43937391E-03     -0.18536571E-02     -0.44053277E-03     -0.18617486E-02
   22.000000000000         0.16475045E-02     -0.42025918E-03      0.16561571E-02     -0.42227313E-03
   23.000000000000         0.44476011E-03      0.14753287E-02      0.44784623E-03      0.14830583E-02
   24.000000000000        -0.13329115E-02      0.50513976E-03     -0.13397635E-02      0.50802234E-03
   25.000000000000        -0.58358070E-03     -0.12109664E-02     -0.58644262E-03     -0.12184671E-02
   26.000000000000         0.10797610E-02     -0.66235568E-03      0.10877483E-02     -0.66679455E-03
   27.000000000000         0.73917587E-03      0.91748668E-03      0.74526940E-03      0.92411973E-03
   28.000000000000        -0.72983742E-03      0.81019555E-03     -0.73476599E-03      0.81649713E-03
   29.000000000000        -0.86683577E-03     -0.53241110E-03     -0.87332437E-03     -0.53685487E-03
   30.000000000000         0.33383683E-03     -0.89289645E-03      0.33756468E-03     -0.90087494E-03
   31.000000000000         0.87318158E-03      0.12619855E-03      0.88225935E-03      0.12740311E-03
   32.000000000000         0.87415903E-04      0.82036838E-03      0.89047037E-04      0.82871559E-03
   33.000000000000        -0.75439365E-03      0.27283974E-03     -0.76182023E-03      0.27579337E-03
   34.000000000000        -0.40469319E-03     -0.67638507E-03     -0.40860728E-03     -0.68416121E-03
   35.000000000000         0.58213835E-03     -0.48602100E-03      0.58997061E-03     -0.49194482E-03
   36.000000000000         0.52687206E-03      0.47466525E-03      0.53440453E-03      0.48078885E-03
   37.000000000000        -0.36703217E-03      0.52734529E-03     -0.37130257E-03      0.53453519E-03
   38.000000000000        -0.48297698E-03     -0.27312549E-03     -0.48919397E-03     -0.27705528E-03
   39.000000000000         0.20031864E-03     -0.39564292E-03      0.20408672E-03     -0.40164213E-03
   40.000000000000         0.27572273E-03      0.14555355E-03      0.28085205E-03      0.14787645E-03
   41.000000000000        -0.97161586E-04      0.13829165E-03     -0.98064126E-04      0.14061163E-03
   42.000000000000        -0.30642977E-05     -0.44081959E-04     -0.23924060E-05     -0.44858422E-04
   43.000000000000        -0.14036790E-04      0.10247612E-03     -0.13571810E-04      0.10436918E-03
   44.000000000000        -0.16340728E-03     -0.64203038E-04     -0.16584709E-03     -0.65445599E-04
   45.000000000000         0.10290150E-03     -0.19311052E-03      0.10570692E-03     -0.19702203E-03
   46.000000000000         0.20425363E-03      0.14287142E-03      0.20929892E-03      0.14589720E-03
   47.000000000000        -0.19252093E-03      0.19665056E-03     -0.19606207E-03      0.20100103E-03
   48.000000000000        -0.16933775E-03     -0.25377951E-03     -0.17253117E-03     -0.25963898E-03
   49.000000000000         0.32667566E-03     -0.13370101E-03      0.33525562E-03     -0.13692004E-03
   50.000000000000         0.10238637E-03      0.41406445E-03      0.10566801E-03      0.42445152E-03
   51.000000000000        -0.50847694E-03      0.78750797E-04     -0.52104502E-03      0.80807504E-04
   52.000000000000        -0.71850398E-04     -0.59557304E-03     -0.73092486E-04     -0.61175447E-03
   53.000000000000         0.67469883E-03     -0.92283062E-04      0.69446369E-03     -0.94889531E-04
   54.000000000000         0.14085059E-03      0.74856304E-03      0.14569019E-03      0.77052670E-03
   55.000000000000        -0.80690625E-03      0.20415970E-03     -0.83077931E-03      0.21037840E-03
   56.000000000000        -0.27433559E-03     -0.83386945E-03     -0.28230117E-03     -0.86022065E-03
   57.000000000000         0.83562666E-03     -0.35098428E-03      0.86370771E-03     -0.36248411E-03
   58.000000000000         0.41933217E-03      0.82404173E-03      0.43426919E-03      0.85201820E-03
   59.000000000000        -0.79403368E-03      0.45842435E-03     -0.82125180E-03      0.47454190E-03
   60.000000000000        -0.45403215E-03     -0.73776932E-03     -0.46985673E-03     -0.76461634E-03
   61.000000000000         0.65681383E-03     -0.39745812E-03      0.68223410E-03     -0.41241964E-03
   62.000000000000         0.29051404E-03      0.55179100E-03      0.30251491E-03      0.57326636E-03
   63.000000000000        -0.42341046E-03      0.14910343E-03     -0.43974679E-03      0.15510016E-03
   64.000000000000         0.37487478E-05     -0.28039892E-03      0.45955495E-05     -0.29204694E-03
   65.000000000000         0.14915125E-03      0.14764380E-03      0.15623729E-03      0.15397570E-03
   66.000000000000        -0.28090950E-03      0.55811871E-04     -0.29265321E-03      0.58281820E-04
   67.000000000000        -0.28371824E-05     -0.40589754E-03     -0.22803598E-05     -0.42442550E-03
   68.000000000000         0.51891927E-03      0.16690789E-04      0.54402557E-03      0.17476297E-04
   69.000000000000        -0.91207918E-05      0.61458751E-03     -0.88799942E-05      0.64439584E-03
   70.000000000000        -0.68321257E-03      0.12435199E-04     -0.71666708E-03      0.13056513E-04
   71.000000000000        -0.35205040E-04     -0.70668011E-03     -0.36336357E-04     -0.74303927E-03
   72.000000000000         0.67768980E-03     -0.65286468E-04      0.71425948E-03     -0.68744116E-04
   73.000000000000         0.11472779E-03      0.61239971E-03      0.12165682E-03      0.64577291E-03
   74.000000000000        -0.53501670E-03      0.17950987E-03     -0.56433160E-03      0.18957223E-03
   75.000000000000        -0.23562488E-03     -0.46179589E-03     -0.24853211E-03     -0.48841280E-03
   76.000000000000         0.39151759E-03     -0.25970719E-03      0.41538534E-03     -0.27509366E-03
   77.000000000000         0.24937799E-03      0.31474488E-03      0.26523008E-03      0.33390585E-03
   78.000000000000        -0.22282760E-03      0.21512119E-03     -0.23609316E-03      0.22857376E-03
   79.000000000000        -0.16652748E-03     -0.11390775E-03     -0.17655398E-03     -0.12122254E-03
   80.000000000000        -0.77063421E-05     -0.11519928E-03     -0.75486008E-05     -0.12279366E-03
   81.000000000000         0.79033544E-04     -0.13020870E-03      0.85044833E-04     -0.13901811E-03
   82.000000000000         0.23826308E-03      0.67181533E-04      0.25546440E-03      0.71844847E-04
   83.000000000000        -0.72254939E-04      0.31966715E-03     -0.76738225E-04      0.34242640E-03
   84.000000000000        -0.36614815E-03     -0.79008127E-04     -0.39221951E-03     -0.84776152E-04
   85.000000000000         0.77708288E-04     -0.37873485E-03      0.84181844E-04     -0.40707937E-03
   86.000000000000         0.36947687E-03      0.67699978E-04      0.39847224E-03      0.72892604E-04
   87.000000000000        -0.52664562E-04      0.34955163E-03     -0.56148622E-04      0.37702193E-03
   88.000000000000        -0.31873222E-03     -0.36793252E-04     -0.34373712E-03     -0.39755118E-04
   89.000000000000         0.22208208E-04     -0.27197474E-03      0.24690587E-04     -0.29439627E-03
   90.000000000000         0.21409179E-03      0.82731253E-05      0.23281235E-03      0.89714255E-05
   91.000000000000         0.32893960E-05      0.15711218E-03      0.42219732E-05      0.17068649E-03
   92.000000000000        -0.10343229E-03      0.53160146E-05     -0.11193085E-03      0.57860500E-05
   93.000000000000         0.80800928E-05     -0.43706110E-04      0.94562803E-05     -0.47660023E-04
   94.000000000000        -0.27695540E-04      0.33010693E-04     -0.29614864E-04      0.36065516E-04
   95.000000000000        -0.61904841E-04     -0.10584884E-03     -0.67121617E-04     -0.11586663E-03
   96.000000000000         0.18550294E-03     -0.90193823E-04      0.20409495E-03     -0.98922085E-04
   97.000000000000         0.11555000E-03      0.26364163E-03      0.12762026E-03      0.28972370E-03
   98.000000000000        -0.33377754E-03      0.13520906E-03     -0.36689045E-03      0.14888084E-03
   99.000000000000        -0.14733424E-03     -0.38538786E-03     -0.16192258E-03     -0.42521002E-03
  100.000000000000         0.41071060E-03     -0.15444580E-03      0.45470462E-03     -0.17075108E-03
  101.000000000000         0.16257326E-03      0.40789048E-03      0.18073842E-03      0.45187913E-03
  102.000000000000        -0.37861489E-03      0.17654314E-03     -0.41968632E-03      0.19598843E-03
  103.000000000000        -0.19548151E-03     -0.32628045E-03     -0.21683874E-03     -0.36297860E-03
  104.000000000000         0.25578086E-03     -0.21402845E-03      0.28578081E-03     -0.23860601E-03
  105.000000000000         0.22548008E-03      0.17255324E-03      0.25253747E-03      0.19278022E-03
  106.000000000000        -0.80683151E-04      0.22399820E-03     -0.89711428E-04      0.25079735E-03
  107.000000000000        -0.20623474E-03      0.16653144E-04     -0.23079053E-03      0.18686299E-04
  108.000000000000        -0.11679979E-03     -0.16970460E-03     -0.13072769E-03     -0.19084419E-03
  109.000000000000         0.11459204E-03     -0.21834918E-03      0.12977386E-03     -0.24609615E-03
  110.000000000000         0.31927338E-03      0.44637619E-04      0.36127463E-03      0.50423367E-04
  111.000000000000         0.34742416E-04      0.41499696E-03      0.39951653E-04      0.46985407E-03
  112.000000000000        -0.49840947E-03      0.11827514E-03     -0.56497431E-03      0.13421730E-03
  113.000000000000        -0.20186662E-03     -0.56476829E-03     -0.22899400E-03     -0.64238002E-03
  114.000000000000         0.61549389E-03     -0.27981773E-03      0.70232887E-03     -0.31901669E-03
  115.000000000000         0.34315395E-03      0.65181186E-03      0.39276147E-03      0.74488056E-03
  116.000000000000        -0.66789736E-03      0.38563159E-03     -0.76447692E-03      0.44174638E-03
  117.000000000000        -0.40831766E-03     -0.65791625E-03     -0.46825404E-03     -0.75546934E-03
  118.000000000000         0.62577887E-03     -0.41509134E-03      0.72092124E-03     -0.47779937E-03
  119.000000000000         0.40608989E-03      0.57990329E-03      0.46919044E-03      0.66914929E-03
  120.000000000000        -0.52200010E-03      0.37843786E-03     -0.60322579E-03      0.43776140E-03
  121.000000000000        -0.33442158E-03     -0.44874656E-03     -0.38721221E-03     -0.52039050E-03
  122.000000000000         0.36335364E-03     -0.28268116E-03      0.42302769E-03     -0.32863998E-03
  123.000000000000         0.22986067E-03      0.27491822E-03      0.26851057E-03      0.32042937E-03
  124.000000000000        -0.19045996E-03      0.17734324E-03     -0.22196412E-03      0.20723289E-03
  125.000000000000        -0.12428177E-03     -0.11474328E-03     -0.14501054E-03     -0.13443012E-03
  126.000000000000         0.52421309E-04     -0.70665017E-04      0.62169171E-04     -0.83005924E-04
  127.000000000000         0.15547217E-04      0.65883286E-05      0.18902050E-04      0.77593484E-05
  128.000000000000         0.25038250E-04     -0.44054202E-04      0.30157015E-04     -0.52022691E-04
  129.000000000000         0.10906245E-03      0.47758908E-04      0.12972398E-03      0.56549071E-04
  130.000000000000        -0.65033509E-04      0.17302772E-03     -0.76625159E-04      0.20542936E-03
  131.000000000000        -0.22658458E-03     -0.79098215E-04     -0.26916591E-03     -0.94167155E-04
  132.000000000000         0.92209864E-04     -0.26407192E-03      0.11066300E-03     -0.31524712E-03
  133.000000000000         0.28338659E-03      0.10330997E-03      0.33982783E-03      0.12367375E-03
  134.000000000000        -0.10855814E-03      0.28378463E-03     -0.12974059E-03      0.34067541E-03
  135.000000000000        -0.26551135E-03     -0.10616162E-03     -0.31906179E-03     -0.12780456E-03
  136.000000000000         0.95095927E-04     -0.23186970E-03      0.11538676E-03     -0.27993685E-03
  137.000000000000         0.19133126E-03      0.72396818E-04      0.23223485E-03      0.87656302E-04
  138.000000000000        -0.38183856E-04      0.15338211E-03     -0.45792140E-04      0.18625003E-03
  139.000000000000        -0.12178798E-03      0.38932969E-06     -0.14774573E-03      0.47414104E-06
  140.000000000000        -0.36277709E-04     -0.95778319E-04     -0.43739820E-04     -0.11698658E-03
  141.000000000000         0.75363330E-04     -0.68053886E-04      0.92894074E-04     -0.83370243E-04
  142.000000000000         0.96088805E-04      0.59604395E-04      0.11863532E-03      0.73237958E-04
  143.000000000000        -0.44446008E-04      0.11918519E-03     -0.54211207E-04      0.14688943E-03
  144.000000000000        -0.13466464E-03     -0.26850404E-04     -0.16590803E-03     -0.33192501E-04
  145.000000000000         0.71800954E-05     -0.14389455E-03      0.94662785E-05     -0.17842882E-03
  146.000000000000         0.15364131E-03     -0.12602571E-04      0.19166585E-03     -0.15675519E-04
  147.000000000000         0.29590914E-04      0.16882921E-03      0.37480860E-04      0.21065082E-03
  148.000000000000        -0.18883109E-03      0.37559575E-04     -0.23579010E-03      0.47011025E-04
  149.000000000000        -0.27312546E-04     -0.21053106E-03     -0.33737131E-04     -0.26434398E-03
  150.000000000000         0.23135957E-03      0.64586836E-05      0.29197933E-03      0.81354623E-05
  151.000000000000        -0.62491110E-04      0.24677677E-03     -0.78414709E-04      0.31184464E-03
  152.000000000000        -0.24678225E-03     -0.13296794E-03     -0.31231132E-03     -0.16857282E-03
  153.000000000000         0.20615775E-03     -0.22673716E-03      0.26276546E-03     -0.28839039E-03
  154.000000000000         0.19477838E-03      0.27213628E-03      0.24910644E-03      0.34727451E-03
  155.000000000000        -0.32600533E-03      0.16253236E-03     -0.41685094E-03      0.20809690E-03
  156.000000000000        -0.13472797E-03     -0.36726373E-03     -0.17252922E-03     -0.47179586E-03
  157.000000000000         0.39726139E-03     -0.11276785E-03      0.51259562E-03     -0.14535256E-03
  158.000000000000         0.98704735E-04      0.41945755E-03      0.12820033E-03      0.54249752E-03
  159.000000000000        -0.43753758E-03      0.90936011E-04     -0.56727636E-03      0.11801279E-03
  160.000000000000        -0.82830367E-04     -0.45236653E-03     -0.10732494E-03     -0.58908534E-03
  161.000000000000         0.46338488E-03     -0.67483375E-04      0.60606724E-03     -0.88184099E-04
  162.000000000000         0.40779852E-04      0.46709277E-03      0.54011747E-04      0.61251054E-03
  163.000000000000        -0.45542284E-03      0.19121135E-05     -0.59877809E-03      0.25162412E-05
  164.000000000000         0.47222399E-04     -0.42170573E-03      0.62895806E-04     -0.55691326E-03
  165.000000000000         0.36603814E-03      0.10028469E-03      0.48565806E-03      0.13291178E-03
  166.000000000000        -0.14783711E-03      0.29398180E-03     -0.19611139E-03      0.39103121E-03
  167.000000000000        -0.21378293E-03     -0.18321945E-03     -0.28486101E-03     -0.24458853E-03
  168.000000000000         0.20895549E-03     -0.13316982E-03      0.28049132E-03     -0.17842485E-03
  169.000000000000         0.54693780E-04      0.22945474E-03      0.74075239E-04      0.30856241E-03
  170.000000000000        -0.24080998E-03     -0.19117609E-04     -0.32451030E-03     -0.25804031E-04
  171.000000000000         0.81953432E-04     -0.23832285E-03      0.11155196E-03     -0.32287859E-03
  172.000000000000         0.22567795E-03      0.12835416E-03      0.30741816E-03      0.17454792E-03
  173.000000000000        -0.15693605E-03      0.20859917E-03     -0.21370638E-03      0.28474767E-03
  174.000000000000        -0.18814454E-03     -0.16953855E-03     -0.25728931E-03     -0.23231144E-03
  175.000000000000         0.17047556E-03     -0.16547827E-03      0.23500890E-03     -0.22761946E-03
  176.000000000000         0.14424259E-03      0.16806806E-03      0.19969135E-03      0.23207678E-03
  177.000000000000        -0.17005171E-03      0.12278621E-03     -0.23521903E-03      0.17021038E-03
  178.000000000000        -0.94345935E-04     -0.17764102E-03     -0.13078821E-03     -0.24721881E-03
  179.000000000000         0.18888330E-03     -0.54916983E-04      0.26441295E-03     -0.76728843E-04
  180.000000000000         0.77491385E-05      0.20018085E-03      0.11377671E-04      0.28080202E-03
  181.000000000000        -0.20736711E-03     -0.38701529E-04     -0.29154266E-03     -0.54505905E-04
  182.000000000000         0.77937163E-04     -0.20877099E-03      0.11071164E-03     -0.29521294E-03
  183.000000000000         0.20540754E-03      0.10600535E-03      0.29214052E-03      0.15050640E-03
  184.000000000000        -0.11867004E-03      0.19851696E-03     -0.16867611E-03      0.28300812E-03
  185.000000000000        -0.19038469E-03     -0.11096771E-03     -0.27203361E-03     -0.15884891E-03
  186.000000000000         0.83624371E-04     -0.18634120E-03      0.12070219E-03     -0.26785213E-03
  187.000000000000         0.19067709E-03      0.45327001E-04      0.27572649E-03      0.65426565E-04
  188.000000000000        -0.65799830E-05      0.20056233E-03     -0.90427533E-05      0.29071657E-03
  189.000000000000        -0.20775704E-03      0.27844985E-04     -0.30192757E-03      0.40532477E-04
  190.000000000000        -0.57831113E-04     -0.20481660E-03     -0.84048896E-04     -0.29941222E-03
  191.000000000000         0.18858932E-03     -0.85028403E-04      0.27736425E-03     -0.12483292E-03
  192.000000000000         0.11269238E-03      0.16108551E-03      0.16665113E-03      0.23751710E-03
  193.000000000000        -0.12810271E-03      0.14136127E-03     -0.18921963E-03      0.20934124E-03
  194.000000000000        -0.16568374E-03     -0.93732420E-04     -0.24594980E-03     -0.13941608E-03
  195.000000000000         0.58284369E-04     -0.17845621E-03      0.87557517E-04     -0.26660366E-03
  196.000000000000         0.17633435E-03      0.21210793E-04      0.26508581E-03      0.31828455E-04
  197.000000000000         0.17261132E-04      0.15968654E-03      0.26498214E-04      0.24069331E-03
  198.000000000000        -0.13079929E-03      0.56084618E-04     -0.19756001E-03      0.84915992E-04
  199.000000000000        -0.91645904E-04     -0.93808627E-04     -0.13890925E-03     -0.14267618E-03
  200.000000000000         0.52011092E-04     -0.11744492E-03      0.79941881E-04     -0.17943987E-03
  201.000000000000         0.12851038E-03      0.57734991E-05      0.19772217E-03      0.88616160E-05
  202.000000000000         0.47015062E-04      0.12447116E-03      0.72968684E-04      0.19193087E-03
  203.000000000000        -0.11047147E-03      0.10662229E-03     -0.17066488E-03      0.16517320E-03
  204.000000000000        -0.16660361E-03     -0.94545990E-04     -0.25883166E-03     -0.14715109E-03
  205.000000000000         0.80707834E-04     -0.21714997E-03      0.12667356E-03     -0.33956447E-03
  206.000000000000         0.25120837E-03      0.67465972E-04      0.39515285E-03      0.10599925E-03
  207.000000000000        -0.51140300E-04      0.26698909E-03     -0.80267909E-04      0.42148342E-03
  208.000000000000        -0.26796062E-03     -0.30180372E-04     -0.42458710E-03     -0.47873380E-04
  209.000000000000         0.73602194E-05     -0.26004225E-03      0.12193348E-04     -0.41448569E-03
  210.000000000000         0.24729586E-03     -0.12874080E-04      0.39654870E-03     -0.20620139E-04
  211.000000000000         0.27467540E-04      0.22995865E-03      0.44668421E-04      0.37012522E-03
  212.000000000000        -0.20760712E-03      0.34938554E-04     -0.33534125E-03      0.56512061E-04
  213.000000000000        -0.33764070E-04     -0.18198220E-03     -0.54428104E-04     -0.29581236E-03
  214.000000000000         0.15474361E-03     -0.23915768E-04      0.25324698E-03     -0.39069410E-04
  215.000000000000         0.86344512E-05      0.12639584E-03      0.14628696E-04      0.20752213E-03
  216.000000000000        -0.98888170E-04     -0.86431335E-05     -0.16273014E-03     -0.14262513E-04
  217.000000000000         0.26542127E-04     -0.76391068E-04      0.44470929E-04     -0.12669945E-03
  218.000000000000         0.62474533E-04      0.45474803E-04      0.10459693E-03      0.75809660E-04
  219.000000000000        -0.65142899E-04      0.56713633E-04     -0.10871232E-03      0.95033570E-04
  220.000000000000        -0.56813744E-04     -0.82684153E-04     -0.95251494E-04     -0.13927144E-03
  221.000000000000         0.94607227E-04     -0.63020426E-04      0.16063034E-03     -0.10670525E-03
  222.000000000000         0.76953765E-04      0.98565957E-04      0.13142377E-03      0.16776855E-03
  223.000000000000        -0.94349983E-04      0.97401475E-04     -0.16100336E-03      0.16666442E-03
  224.000000000000        -0.11951873E-03     -0.83459641E-04     -0.20516131E-03     -0.14356954E-03
  225.000000000000         0.67692144E-04     -0.13888906E-03      0.11750691E-03     -0.24020222E-03
  226.000000000000         0.15286926E-03      0.47553128E-04      0.26624233E-03      0.82684872E-04
  227.000000000000        -0.23030534E-04      0.15955242E-03     -0.39829486E-04      0.27893517E-03
  228.000000000000        -0.15612287E-03      0.30729940E-05     -0.27399999E-03      0.54016878E-05
  229.000000000000        -0.27671784E-04     -0.13963361E-03     -0.48478757E-04     -0.24679746E-03
  230.000000000000         0.11051301E-03     -0.50767094E-04      0.19683795E-03     -0.90225886E-04
  231.000000000000         0.73511076E-04      0.71806273E-04      0.13180266E-03      0.12832893E-03
  232.000000000000        -0.27258315E-04      0.93822741E-04     -0.48562620E-04      0.16861608E-03
  233.000000000000        -0.10676920E-03      0.19531336E-04     -0.19254224E-03      0.35299367E-04
  234.000000000000        -0.65611508E-04     -0.10977906E-03     -0.11883220E-03     -0.19953267E-03
  235.000000000000         0.10372907E-03     -0.10861885E-03      0.19003454E-03     -0.19855227E-03
  236.000000000000         0.14769966E-03      0.89121211E-04      0.27196294E-03      0.16384816E-03
  237.000000000000        -0.66044553E-04      0.18219175E-03     -0.12170737E-03      0.33689595E-03
  238.000000000000        -0.20958344E-03     -0.37027458E-04     -0.38938826E-03     -0.68867358E-04
  239.000000000000         0.67927249E-05     -0.22644217E-03      0.13122175E-04     -0.42362853E-03
  240.000000000000         0.23035072E-03     -0.22418129E-04      0.43389557E-03     -0.42187295E-04
  241.000000000000         0.52281233E-04      0.22033317E-03      0.99380055E-04      0.41709286E-03
  242.000000000000        -0.19707577E-03      0.84465259E-04     -0.37488552E-03      0.16084878E-03
  243.000000000000        -0.11771721E-03     -0.16423558E-03     -0.22511079E-03     -0.31463715E-03
  244.000000000000         0.12807772E-03     -0.14957229E-03      0.24725799E-03     -0.28827928E-03
  245.000000000000         0.17834764E-03      0.94094412E-04      0.34623727E-03      0.18245769E-03
  246.000000000000        -0.64356868E-04      0.20131625E-03     -0.12515518E-03      0.39276234E-03
  247.000000000000        -0.21425637E-03     -0.39071899E-04     -0.42018369E-03     -0.76698157E-04
  248.000000000000         0.18951439E-04     -0.21515922E-03      0.37832595E-04     -0.42497815E-03
  249.000000000000         0.20624134E-03      0.43204607E-05      0.41030570E-03      0.85869683E-05
  250.000000000000         0.60852583E-05      0.19140941E-03      0.12567450E-04      0.38281883E-03
  251.000000000000        -0.17295136E-03      0.13131197E-04     -0.34769447E-03      0.26428448E-04
  252.000000000000        -0.15547462E-04     -0.15188564E-03     -0.31096866E-04     -0.30763706E-03
  253.000000000000         0.12945702E-03     -0.11738706E-04      0.26428011E-03     -0.23928426E-04
  254.000000000000         0.27913045E-05      0.10592101E-03      0.61171248E-05      0.21730286E-03
  255.000000000000        -0.79573916E-04     -0.76119571E-05     -0.16391987E-03     -0.15717616E-04
  256.000000000000         0.15825947E-04     -0.49355214E-04      0.33279028E-04     -0.10257656E-03
  257.000000000000         0.17254883E-04      0.18607079E-04      0.36482741E-04      0.38925645E-04
  258.000000000000        -0.12697273E-04     -0.12459860E-04     -0.26353695E-04     -0.26238031E-04
  259.000000000000         0.36229327E-04      0.30329086E-05      0.77181936E-04      0.64291853E-05
  260.000000000000        -0.25545457E-04      0.52527188E-04     -0.54132749E-04      0.11209274E-03
  261.000000000000        -0.61208518E-04     -0.49357035E-04     -0.13111877E-03     -0.10603699E-03
  262.000000000000         0.70615737E-04     -0.63729022E-04      0.15311459E-03     -0.13784118E-03
  263.000000000000         0.63110894E-04      0.88478522E-04      0.13781159E-03      0.19267774E-03
  264.000000000000        -0.10326766E-03      0.62788559E-04     -0.22605242E-03      0.13767175E-03
  265.000000000000        -0.64749021E-04     -0.11455296E-03     -0.14257770E-03     -0.25290654E-03
  266.000000000000         0.12213837E-03     -0.69191451E-04      0.27189935E-03     -0.15382060E-03
  267.000000000000         0.75303190E-04      0.12673828E-03      0.16894880E-03      0.28372478E-03
  268.000000000000        -0.12798186E-03      0.81977465E-04     -0.28815721E-03      0.18481216E-03
  269.000000000000        -0.88641182E-04     -0.12306916E-03     -0.20088387E-03     -0.27941596E-03
  270.000000000000         0.10957833E-03     -0.95238051E-04      0.25092549E-03     -0.21776991E-03
  271.000000000000         0.10208478E-03      0.87861111E-04      0.23546412E-03      0.20234340E-03
  272.000000000000        -0.59923108E-04      0.10955506E-03     -0.13863677E-03      0.25412626E-03
  273.000000000000        -0.11694199E-03     -0.27652359E-04     -0.27287182E-03     -0.64609128E-04
  274.000000000000        -0.74245201E-05     -0.12205179E-03     -0.17115117E-04     -0.28725693E-03
  275.000000000000         0.12287600E-03     -0.43624623E-04      0.29168272E-03     -0.10342913E-03
  276.000000000000         0.78905202E-04      0.11884607E-03      0.18881702E-03      0.28385799E-03
  277.000000000000        -0.11025977E-03      0.11118796E-03     -0.26495906E-03      0.26754676E-03
  278.000000000000        -0.13865428E-03     -0.97889361E-04     -0.33578833E-03     -0.23731418E-03
  279.000000000000         0.82410548E-04     -0.15946192E-03      0.20164841E-03     -0.38950426E-03
  280.000000000000         0.17187707E-03      0.64087543E-04      0.42336973E-03      0.15773091E-03
  281.000000000000        -0.43442172E-04      0.17521651E-03     -0.10738882E-03      0.43453753E-03
  282.000000000000        -0.17022418E-03     -0.21628199E-04     -0.42505990E-03     -0.54050902E-04
  283.000000000000         0.32664461E-07     -0.15825084E-03      0.42701100E-06     -0.39854775E-03
  284.000000000000         0.14013477E-03     -0.20323448E-04      0.35601838E-03     -0.51582820E-04
  285.000000000000         0.38446495E-04      0.11629612E-03      0.98688231E-04      0.29748702E-03
  286.000000000000        -0.87748902E-04      0.53295676E-04     -0.22589590E-03      0.13740793E-03
  287.000000000000        -0.64484863E-04     -0.55917438E-04     -0.16723948E-03     -0.14531359E-03
  288.000000000000         0.21764583E-04     -0.72651991E-04      0.57349426E-04     -0.19031276E-03
  289.000000000000         0.78479941E-04     -0.13809857E-04      0.20757017E-03     -0.36466446E-04
  290.000000000000         0.48811660E-04      0.81747909E-04      0.13027113E-03      0.21761429E-03
  291.000000000000        -0.82063970E-04      0.80318986E-04     -0.21990609E-03      0.21555510E-03
  292.000000000000        -0.10626539E-03     -0.79612469E-04     -0.28720021E-03     -0.21541380E-03
  293.000000000000         0.74682094E-04     -0.12626644E-03      0.20407275E-03     -0.34447357E-03
  294.000000000000         0.14020858E-03      0.67136729E-04      0.38602010E-03      0.18468305E-03
  295.000000000000        -0.57145878E-04      0.14731247E-03     -0.15819066E-03      0.40862872E-03
  296.000000000000        -0.14737246E-03     -0.46076140E-04     -0.41191757E-03     -0.12888778E-03
  297.000000000000         0.35696828E-04     -0.14147536E-03      0.10102401E-03     -0.39910459E-03
  298.000000000000         0.13087153E-03      0.26844292E-04      0.37266605E-03      0.76375193E-04
  299.000000000000        -0.19369466E-04      0.11612450E-03     -0.55262899E-04      0.33322920E-03
  300.000000000000        -0.98238430E-04     -0.13187687E-04     -0.28402612E-03     -0.38170801E-04
  301.000000000000         0.84089014E-05     -0.79529431E-04      0.24867335E-04     -0.23219815E-03
  302.000000000000         0.62491153E-04      0.45693465E-05      0.18436761E-03      0.13457929E-04
  303.000000000000        -0.95759233E-06      0.48158992E-04     -0.25321502E-05      0.14309355E-03
  304.000000000000        -0.36255797E-04      0.23921101E-05     -0.10837209E-03      0.71708040E-05
  305.000000000000        -0.51947255E-05     -0.26890059E-04     -0.15401592E-04     -0.81329505E-04
  306.000000000000         0.20778874E-04     -0.81973141E-05      0.63720748E-04     -0.25016329E-04
  307.000000000000         0.12420712E-04      0.17583590E-04      0.38555811E-04      0.54147866E-04
  308.000000000000        -0.16069925E-04      0.17434462E-04     -0.49633325E-04      0.54178942E-04
  309.000000000000        -0.21564466E-04     -0.15686646E-04     -0.67325766E-04     -0.49195673E-04
  310.000000000000         0.16222275E-04     -0.23985007E-04      0.51648483E-04     -0.75916884E-04
  311.000000000000         0.25484385E-04      0.16356630E-04      0.81714924E-04      0.52254200E-04
  312.000000000000        -0.14188330E-04      0.26776977E-04     -0.45453620E-04      0.86346579E-04
  313.000000000000        -0.27667420E-04     -0.91978425E-05     -0.89763564E-04     -0.29940114E-04
  314.000000000000         0.24323588E-05     -0.28328179E-04      0.82886695E-05     -0.93088902E-04
  315.000000000000         0.29754319E-04     -0.54970022E-05      0.99005975E-04     -0.18236652E-04
  316.000000000000         0.14971205E-04      0.32195270E-04      0.50439493E-04      0.10783995E-03
  317.000000000000        -0.34521665E-04      0.25875753E-04     -0.11646428E-03      0.87514037E-04
  318.000000000000        -0.37038424E-04     -0.35693483E-04     -0.12620268E-03     -0.12189889E-03
  319.000000000000         0.35800649E-04     -0.47752055E-04      0.12375658E-03     -0.16468660E-03
  320.000000000000         0.58771954E-04      0.35161481E-04      0.20498785E-03      0.12246678E-03
  321.000000000000        -0.33524356E-04      0.70588386E-04     -0.11764591E-03      0.24831285E-03
  322.000000000000        -0.81852641E-04     -0.31127555E-04     -0.29054988E-03     -0.11060020E-03
  323.000000000000         0.29283473E-04     -0.90492487E-04      0.10538299E-03     -0.32478716E-03
  324.000000000000         0.95299798E-04      0.28736639E-04      0.34580891E-03      0.10419059E-03
  325.000000000000        -0.28485574E-04      0.95654537E-04     -0.10406262E-03      0.35037682E-03
  326.000000000000        -0.91000882E-04     -0.26874118E-04     -0.33650153E-03     -0.99456390E-04
  327.000000000000         0.23114261E-04     -0.81744393E-04      0.86708025E-04     -0.30567283E-03
  328.000000000000         0.69926561E-04      0.17411605E-04      0.26449834E-03      0.65791554E-04
  329.000000000000        -0.10130272E-04      0.57824161E-04     -0.38410743E-04      0.22080328E-03
  330.000000000000        -0.46351522E-04     -0.18664149E-05     -0.17860792E-03     -0.72028099E-05
  331.000000000000        -0.60276818E-05     -0.35429639E-04     -0.23242358E-04     -0.13819463E-03
  332.000000000000         0.25028028E-04     -0.12220231E-04      0.98944084E-04     -0.48180128E-04
  333.000000000000         0.16582536E-04      0.15065359E-04      0.66355925E-04      0.60043492E-04
  334.000000000000        -0.49597807E-05      0.19943898E-04     -0.19719839E-04      0.80357898E-04
  335.000000000000        -0.22910151E-04      0.58514272E-05     -0.93065730E-04      0.23836745E-04
  336.000000000000        -0.16905632E-04     -0.25635111E-04     -0.69372544E-04     -0.10558978E-03
  337.000000000000         0.28384569E-04     -0.26900044E-04      0.11848340E-03     -0.11204088E-03
  338.000000000000         0.35002122E-04      0.31505137E-04      0.14768933E-03      0.13270199E-03
  339.000000000000        -0.34684352E-04      0.41143788E-04     -0.14749750E-03      0.17527058E-03
  340.000000000000        -0.45315297E-04     -0.37035309E-04     -0.19499706E-03     -0.15957538E-03
  341.000000000000         0.38001952E-04     -0.47615449E-04      0.16588263E-03     -0.20752955E-03
  342.000000000000         0.48715224E-04      0.37756619E-04      0.21504252E-03      0.16647332E-03
  343.000000000000        -0.36655432E-04      0.49558731E-04     -0.16326121E-03      0.22106959E-03
  344.000000000000        -0.50648331E-04     -0.34644514E-04     -0.22834817E-03     -0.15636474E-03
  345.000000000000         0.31712958E-04     -0.51829430E-04      0.14508230E-03     -0.23670912E-03
  346.000000000000         0.52759868E-04      0.28262600E-04      0.24409112E-03      0.13062432E-03
  347.000000000000        -0.24405549E-04      0.53198353E-04     -0.11391634E-03      0.24884167E-03
  348.000000000000        -0.52881204E-04     -0.19440630E-04     -0.25012635E-03     -0.92042488E-04
  349.000000000000         0.12657897E-04     -0.51580569E-04      0.60904683E-04     -0.24720533E-03
  350.000000000000         0.49349545E-04      0.43415101E-05      0.23967489E-03      0.21064312E-04
  351.000000000000         0.44989158E-05      0.46317106E-04      0.22337131E-04      0.22752245E-03
  352.000000000000        -0.42330268E-04      0.13077931E-04     -0.21031295E-03      0.65048959E-04
  353.000000000000        -0.21198016E-04     -0.37056929E-04     -0.10653802E-03     -0.18665166E-03
  354.000000000000         0.30345071E-04     -0.28820340E-04      0.15502674E-03     -0.14701641E-03
  355.000000000000         0.35646326E-04      0.22462233E-04      0.18440539E-03      0.11605602E-03
  356.000000000000        -0.14043315E-04      0.41201839E-04     -0.73268893E-04      0.21563719E-03
  357.000000000000        -0.45158657E-04     -0.57747327E-05     -0.23920597E-03     -0.30617951E-04
  358.000000000000        -0.20377083E-05     -0.47329836E-04     -0.10720197E-04     -0.25425054E-03
  359.000000000000         0.47364582E-04     -0.94632793E-05      0.25804021E-03     -0.51510674E-04
  360.000000000000         0.16564643E-04      0.44946071E-04      0.91594956E-04      0.24792634E-03
  361.000000000000        -0.40319762E-04      0.23414660E-04     -0.22518775E-03      0.13090054E-03
  362.000000000000        -0.30104944E-04     -0.34207327E-04     -0.17037348E-03     -0.19383995E-03
  363.000000000000         0.27065942E-04     -0.36398144E-04      0.15569534E-03     -0.20908483E-03
  364.000000000000         0.41668716E-04      0.18912529E-04      0.24288985E-03      0.11014411E-03
  365.000000000000        -0.98728537E-05      0.45306305E-04     -0.58085487E-04      0.26753996E-03
  366.000000000000        -0.47033360E-04     -0.32890742E-06     -0.28143340E-03     -0.19695755E-05
  367.000000000000        -0.94232171E-05     -0.46942983E-04     -0.57017392E-04     -0.28509521E-03
  368.000000000000         0.45176825E-04     -0.19260222E-04      0.27850654E-03     -0.11864594E-03
  369.000000000000         0.28899454E-04      0.41740256E-04      0.18080402E-03      0.26083860E-03
  370.000000000000        -0.36895134E-04      0.37693249E-04     -0.23371133E-03      0.23897862E-03
  371.000000000000        -0.44937115E-04     -0.31340416E-04     -0.28888487E-03     -0.20161987E-03
  372.000000000000         0.25800802E-04     -0.50231960E-04      0.16864585E-03     -0.32794191E-03
  373.000000000000         0.53362294E-04      0.20536471E-04      0.35378877E-03      0.13607766E-03
  374.000000000000        -0.15598414E-04      0.54112743E-04     -0.10471533E-03      0.36396662E-03
  375.000000000000        -0.52500978E-04     -0.11246642E-04     -0.35829985E-03     -0.76796873E-04
  376.000000000000         0.77827063E-05     -0.48955113E-04      0.54157252E-04     -0.33941884E-03
  377.000000000000         0.43996976E-04      0.51116399E-05      0.30996467E-03      0.35989415E-04
  378.000000000000        -0.28983375E-05      0.37896818E-04     -0.20530771E-04      0.27099064E-03
  379.000000000000        -0.30873349E-04     -0.11235535E-05     -0.22405766E-03     -0.81610041E-05
  380.000000000000        -0.54499085E-07     -0.23362077E-04     -0.21081031E-06     -0.17239389E-03
  381.000000000000         0.15742147E-04     -0.80046458E-06      0.11822135E-03     -0.60017291E-05
  382.000000000000         0.15836261E-05      0.80335110E-05      0.12254513E-04      0.61210762E-04
  383.000000000000        -0.26702152E-06      0.26957923E-05     -0.18812584E-05      0.20876720E-04
  384.000000000000        -0.40957280E-05      0.70316744E-05     -0.32057331E-04      0.55354688E-04
  385.000000000000        -0.13132016E-04     -0.57563283E-05     -0.10491938E-03     -0.46071095E-04
  386.000000000000         0.77189102E-05     -0.17762421E-04      0.63001423E-04     -0.14455765E-03
  387.000000000000         0.21015147E-04      0.97610756E-05      0.17411931E-03      0.80790870E-04
  388.000000000000        -0.11439694E-04      0.22904510E-04     -0.96132255E-04      0.19283341E-03
  389.000000000000        -0.23506954E-04     -0.12725088E-04     -0.20116122E-03     -0.10899106E-03
  390.000000000000         0.14131900E-04     -0.23150903E-04      0.12333646E-03     -0.20176243E-03
  391.000000000000         0.22075514E-04      0.16090207E-04      0.19596831E-03      0.14270887E-03
  392.000000000000        -0.18367653E-04      0.20103365E-04     -0.16564729E-03      0.18148934E-03
  393.000000000000        -0.17048246E-04     -0.20314233E-04     -0.15651603E-03     -0.18670382E-03
  394.000000000000         0.21423580E-04     -0.13373254E-04      0.20065981E-03     -0.12515237E-03
  395.000000000000         0.10057798E-04      0.21466787E-04      0.96026939E-04      0.20459661E-03
  396.000000000000        -0.20394010E-04      0.78134933E-05     -0.19782482E-03      0.75855623E-04
  397.000000000000        -0.67603794E-05     -0.18424804E-04     -0.66701938E-04     -0.18223835E-03
  398.000000000000         0.16055132E-04     -0.67480310E-05      0.16198204E-03     -0.68013188E-04
  399.000000000000         0.75712789E-05      0.13607456E-04      0.77938248E-04      0.13978436E-03
  400.000000000000        -0.10957879E-04      0.88622091E-05     -0.11459268E-03      0.92806259E-04
  401.000000000000        -0.10147768E-04     -0.78880584E-05     -0.10819693E-03     -0.84226510E-04
  402.000000000000         0.43898890E-05     -0.11225660E-04      0.47960884E-04     -0.12224343E-03
  403.000000000000         0.12331288E-04      0.57944758E-06      0.13713285E-03      0.64365939E-05
  404.000000000000         0.33689486E-05      0.13735683E-04      0.38335503E-04      0.15567389E-03
  405.000000000000        -0.15335271E-04      0.70730056E-05     -0.17721717E-03      0.81806952E-04
  406.000000000000        -0.10001621E-04     -0.16680805E-04     -0.11792980E-03     -0.19693507E-03
  407.000000000000         0.17310296E-04     -0.11913472E-04      0.20880502E-03     -0.14360366E-03
  408.000000000000         0.13058793E-04      0.16935032E-04      0.16089841E-03      0.20846714E-03
  409.000000000000        -0.15431427E-04      0.13876491E-04     -0.19389288E-03      0.17448624E-03
  410.000000000000        -0.14614149E-04     -0.12927915E-04     -0.18761165E-03     -0.16609164E-03
  411.000000000000         0.98981128E-05     -0.15287092E-04      0.13010528E-03     -0.20072065E-03
  412.000000000000         0.15803710E-04      0.68906416E-05      0.21226323E-03      0.92488408E-04
  413.000000000000        -0.41264884E-05      0.15983893E-04     -0.56495693E-04      0.21937429E-03
  414.000000000000        -0.15551422E-04     -0.15326487E-05     -0.21816883E-03     -0.21514884E-04
  415.000000000000        -0.98966627E-06     -0.14339594E-04     -0.14077422E-04     -0.20594288E-03
  416.000000000000         0.12523499E-04     -0.34590723E-05      0.18419988E-03     -0.50840082E-04
  417.000000000000         0.58725364E-05      0.10498637E-04      0.88488625E-04      0.15795821E-03
  418.000000000000        -0.85621636E-05      0.81747477E-05     -0.13178080E-03      0.12594337E-03
  419.000000000000        -0.10122786E-04     -0.67904745E-05     -0.15961440E-03     -0.10715806E-03
  420.000000000000         0.51078684E-05     -0.11472245E-04      0.82717330E-04     -0.18549499E-03
  421.000000000000         0.12202582E-04      0.34305341E-05      0.20235073E-03      0.56851660E-04
  422.000000000000        -0.16726747E-05      0.12495900E-04     -0.28295630E-04      0.21231892E-03
  423.000000000000        -0.12540076E-04      0.19494445E-06     -0.21840447E-03      0.33971713E-05
  424.000000000000        -0.20894332E-05     -0.12410042E-04     -0.37235051E-04     -0.22187820E-03
  425.000000000000         0.12152058E-04     -0.38336618E-05      0.22310707E-03     -0.70346629E-04
  426.000000000000         0.52439221E-05      0.11792496E-04      0.98912735E-04      0.22216756E-03
  427.000000000000        -0.11254914E-04      0.62334352E-05     -0.21766601E-03      0.12061722E-03
  428.000000000000        -0.67914257E-05     -0.10409894E-04     -0.13491001E-03     -0.20696694E-03
  429.000000000000         0.91976047E-05     -0.69115378E-05      0.18807701E-03     -0.14124486E-03
  430.000000000000         0.66675028E-05      0.76519741E-05      0.14022568E-03      0.16080145E-03
  431.000000000000        -0.59326765E-05      0.62120803E-05     -0.12814179E-03      0.13429264E-03
  432.000000000000        -0.56665865E-05     -0.41971458E-05     -0.12596347E-03     -0.93379857E-04
  433.000000000000         0.25501187E-05     -0.50807562E-05      0.58523870E-04     -0.11638641E-03
  434.000000000000         0.44323316E-05      0.10984563E-05      0.10469286E-03      0.25919572E-04
  435.000000000000         0.13048433E-06      0.37059397E-05      0.32774227E-05      0.90119104E-04
  436.000000000000        -0.29923328E-05      0.12033016E-05     -0.74922961E-04      0.30169976E-04
  437.000000000000        -0.22082105E-05     -0.23912717E-05     -0.57012167E-04     -0.61848092E-04
  438.000000000000         0.19382394E-05     -0.31691438E-05      0.51839276E-04     -0.84597589E-04
  439.000000000000         0.40580538E-05      0.16267237E-05      0.11195974E-03      0.44841215E-04
  440.000000000000        -0.14355235E-05      0.48390132E-05     -0.40787944E-04      0.13781746E-03
  441.000000000000        -0.54751174E-05     -0.12702657E-05     -0.16110656E-03     -0.37399867E-04
  442.000000000000         0.97754065E-06     -0.59461740E-05      0.29864124E-04     -0.18108964E-03
  443.000000000000         0.62703325E-05      0.46708854E-06      0.19773778E-03      0.14723017E-04
  444.000000000000         0.22012908E-06      0.64695075E-05      0.72761347E-05      0.21119357E-03
  445.000000000000        -0.65389589E-05      0.97468207E-06     -0.22112402E-03      0.32973435E-04
  446.000000000000        -0.17258521E-05     -0.64220930E-05     -0.60459185E-04     -0.22529919E-03
  447.000000000000         0.60464460E-05     -0.24438356E-05      0.22020860E-03     -0.88968781E-04
  448.000000000000         0.30902340E-05      0.53863727E-05      0.11691312E-03      0.20363706E-03
  449.000000000000        -0.44817163E-05      0.36196413E-05     -0.17600330E-03      0.14221482E-03
  450.000000000000        -0.40143767E-05     -0.34155913E-05     -0.16396066E-03     -0.13957287E-03
  451.000000000000         0.22778340E-05     -0.42888201E-05      0.96965592E-04     -0.18242280E-03
  452.000000000000         0.44442858E-05      0.11410967E-05      0.19700852E-03      0.50563208E-04
  453.000000000000        -0.67490732E-07      0.44641812E-05     -0.30423151E-05      0.20625515E-03
  454.000000000000        -0.43437781E-05      0.89196694E-06     -0.20937434E-03      0.43008940E-04
  455.000000000000        -0.17123342E-05     -0.40896955E-05     -0.86177225E-04     -0.20599724E-03
  456.000000000000         0.36926721E-05     -0.23967344E-05      0.19456396E-03     -0.12623584E-03
  457.000000000000         0.29554449E-05      0.31341611E-05      0.16301030E-03      0.17279377E-03
  458.000000000000        -0.24529893E-05      0.33973619E-05     -0.14164809E-03      0.19627514E-03
  459.000000000000        -0.37232926E-05     -0.17461355E-05     -0.22559785E-03     -0.10583117E-03
  460.000000000000         0.10814730E-05     -0.39117473E-05      0.68911549E-04     -0.24902234E-03
  461.000000000000         0.39330535E-05      0.46475854E-06      0.26337798E-03      0.31115205E-04
  462.000000000000         0.12593925E-06      0.37569031E-05      0.89405571E-05      0.26486659E-03
  463.000000000000        -0.33888125E-05      0.68810460E-06     -0.25188228E-03      0.51157361E-04
  464.000000000000        -0.11927008E-05     -0.28906682E-05     -0.93585330E-04     -0.22695825E-03
  465.000000000000         0.23469014E-05     -0.16181662E-05      0.19495609E-03     -0.13438112E-03
  466.000000000000         0.19448148E-05      0.18195929E-05      0.17116440E-03      0.16009175E-03
  467.000000000000        -0.13454323E-05      0.21326281E-05     -0.12557546E-03      0.19913335E-03
  468.000000000000        -0.21521871E-05     -0.93318976E-06     -0.21361798E-03     -0.92647524E-04
  469.000000000000         0.57598617E-06     -0.20384596E-05      0.60970958E-04     -0.21560184E-03
  470.000000000000         0.18440723E-05      0.25732901E-06      0.20826880E-03      0.29055795E-04
  471.000000000000         0.37988914E-07      0.16158443E-05      0.46369178E-05      0.19521164E-03
  472.000000000000        -0.13847379E-05      0.29149156E-06     -0.17937470E-03      0.37768577E-04
  473.000000000000        -0.46507959E-06     -0.11649681E-05     -0.64750771E-04     -0.16230376E-03
  474.000000000000         0.96748138E-06     -0.54779182E-06      0.14537503E-03     -0.82287746E-04
  475.000000000000         0.56436537E-06      0.78955957E-06      0.91720938E-04      0.12826209E-03
  476.000000000000        -0.61384031E-06      0.54299278E-06     -0.10814279E-03      0.95696259E-04
  477.000000000000        -0.49806049E-06     -0.43787100E-06     -0.95523473E-04     -0.84013043E-04
  478.000000000000         0.27864444E-06     -0.43952791E-06      0.58461128E-04     -0.92157989E-04
  479.000000000000         0.38263838E-06      0.15639036E-06      0.88074860E-04      0.35983368E-04
  480.000000000000        -0.80121677E-07      0.33520718E-06     -0.20288577E-04      0.85020795E-04
  481.000000000000        -0.28656807E-06     -0.44920084E-07     -0.80494478E-04     -0.12622619E-04
  482.000000000000         0.35396977E-07     -0.22868415E-06      0.11111185E-04     -0.71590315E-04
  483.000000000000         0.16814976E-06      0.35452610E-07      0.59036563E-04      0.12441237E-04
  484.000000000000        -0.36456337E-07      0.11497083E-06     -0.14414177E-04      0.45542172E-04
  485.000000000000        -0.73581624E-07     -0.38441374E-07     -0.33134246E-04     -0.17323600E-04
  486.000000000000         0.41612993E-07     -0.38465922E-07      0.21549218E-04     -0.19897586E-04
  487.000000000000         0.73102717E-08      0.34691656E-07      0.44073310E-05      0.20810382E-04
  488.000000000000        -0.16302145E-07     -0.85695174E-08     -0.11455382E-04     -0.60325354E-05
  489.000000000000         0.80303076E-08     -0.22952313E-08      0.67459540E-05     -0.19227119E-05
  490.000000000000        -0.24502945E-08      0.19468001E-08     -0.24660889E-05      0.19731699E-05
  491.000000000000         0.77954543E-10     -0.91651278E-10      0.11335176E-06     -0.11467520E-06
  492.000000000000         0.12620444E-09     -0.13411580E-09      0.21407449E-06     -0.21236927E-06
  493.000000000000        -0.16526499E-10     -0.93250518E-10     -0.21527396E-07     -0.19285257E-06
  494.000000000000         0.14287335E-10     -0.90638866E-11      0.51286000E-07     -0.25513125E-07
  495.000000000000        -0.20049629E-10     -0.98847713E-11     -0.71776320E-07     -0.40064764E-07
  496.000000000000        -0.60069261E-12     -0.34385960E-11      0.41029106E-08     -0.21776310E-07
  497.000000000000        -0.46757454E-12     -0.17642890E-12      0.10615654E-08     -0.19862794E-08
  498.000000000000        -0.18709018E-12     -0.14731813E-14      0.51128016E-11     -0.37316610E-10
  499.000000000000        -0.31075674E-13      0.52269705E-15      0.14182056E-10      0.52960458E-10
  500.000000000000        -0.59331996E-41      0.15147583E-43     -0.10317419E-11      0.40400024E-11
