 #            500
    0.000000000000         0.00000000E+00      0.00000000E+00      0.00000000E+00      0.00000000E+00
    1.000000000000         0.29475861E-18     -0.66668420E-28      0.29475861E-18     -0.66668420E-28
    2.000000000000         0.60597814E-14     -0.67920533E-28      0.60594867E-14     -0.12521125E-29
    3.000000000000         0.59352190E-12      0.50920655E-27      0.58746212E-12      0.57712709E-27
    4.000000000000         0.14466648E-10      0.10329945E-25      0.13873126E-10      0.98207389E-26
    5.000000000000         0.50102925E-10     -0.13723842E-25      0.35636277E-10     -0.24053788E-25
    6.000000000000         0.10277665E-09     -0.15137599E-25      0.52673727E-10     -0.14137572E-26
    7.000000000000         0.19551378E-09     -0.74478238E-25      0.92737127E-10     -0.59340638E-25
    8.000000000000         0.49504190E-09      0.74484275E-23      0.29952812E-09      0.75229058E-23
    9.000000000000         0.68117623E-08      0.13870854E-22      0.63167204E-08      0.64224264E-23
   10.000000000000         0.40336791E-07     -0.31069564E-22      0.33525029E-07     -0.44940418E-22
   11.000000000000         0.13327657E-06     -0.24487396E-21      0.92939779E-07     -0.21380440E-21
   12.000000000000         0.46492935E-06     -0.51233411E-21      0.33165278E-06     -0.26746015E-21
   13.000000000000         0.12301892E-05     -0.26283115E-21      0.76525981E-06      0.24950296E-21
   14.000000000000         0.21684031E-05      0.61077904E-21      0.93821393E-06      0.87361020E-21
   15.000000000000         0.29787781E-05      0.61372659E-21      0.81037496E-06      0.29475449E-23
   16.000000000000         0.40619992E-05      0.24699795E-20      0.10832212E-05      0.18562530E-20
   17.000000000000         0.55389789E-05     -0.96260444E-21      0.14769797E-05     -0.34325840E-20
   18.000000000000         0.69285167E-05     -0.13283032E-20      0.13895378E-05     -0.36569872E-21
   19.000000000000         0.79865918E-05     -0.26306594E-20      0.10580751E-05     -0.13023562E-20
   20.000000000000         0.95514481E-05     -0.43020711E-20      0.15648563E-05     -0.16714117E-20
   21.000000000000         0.11078033E-04     -0.44897664E-20      0.15265853E-05     -0.18769535E-21
   22.000000000000         0.11982401E-04     -0.18879657E-20      0.90436805E-06      0.26018007E-20
   23.000000000000         0.12308209E-04     -0.94245056E-21      0.32580716E-06      0.94551513E-21
   24.000000000000         0.13252897E-04     -0.99371382E-21      0.94468846E-06     -0.51263256E-22
   25.000000000000         0.14808850E-04      0.72411331E-20      0.15559528E-05      0.82348469E-20
   26.000000000000         0.15926187E-04      0.64323907E-20      0.11173367E-05     -0.80874238E-21
   27.000000000000         0.16166366E-04      0.62005321E-20      0.24017925E-06     -0.23185861E-21
   28.000000000000         0.16422167E-04      0.61983705E-20      0.25580113E-06     -0.21616065E-23
   29.000000000000         0.17422775E-04      0.66775366E-20      0.10006078E-05      0.47916613E-21
   30.000000000000         0.19488054E-04      0.51855081E-20      0.20652790E-05     -0.14920285E-20
   31.000000000000         0.20878464E-04      0.42696250E-20      0.13904099E-05     -0.91588316E-21
   32.000000000000         0.21087971E-04      0.40515764E-20      0.20950743E-06     -0.21804854E-21
   33.000000000000         0.21576888E-04      0.71579335E-20      0.48891735E-06      0.31063570E-20
   34.000000000000         0.22739626E-04      0.72557368E-20      0.11627373E-05      0.97803379E-22
   35.000000000000         0.24307392E-04      0.90196118E-20      0.15677660E-05      0.17638749E-20
   36.000000000000         0.24853960E-04      0.98491901E-20      0.54656803E-06      0.82957834E-21
   37.000000000000         0.24969951E-04      0.10212983E-19      0.11599136E-06      0.36379307E-21
   38.000000000000         0.25399421E-04      0.10419753E-19      0.42946956E-06      0.20677007E-21
   39.000000000000         0.26628522E-04      0.65968843E-20      0.12291013E-05     -0.38228690E-20
   40.000000000000         0.27684442E-04      0.51667348E-20      0.10559196E-05     -0.14301494E-20
   41.000000000000         0.27880803E-04      0.54425952E-20      0.19636115E-06      0.27586034E-21
   42.000000000000         0.27934468E-04      0.51406501E-20      0.53665580E-07     -0.30194509E-21
   43.000000000000         0.27945623E-04      0.49432236E-20      0.11154468E-07     -0.19742646E-21
   44.000000000000         0.28217730E-04      0.82878445E-20      0.27210766E-06      0.33446209E-20
   45.000000000000         0.28482955E-04      0.61618362E-20      0.26522472E-06     -0.21260083E-20
   46.000000000000         0.28572105E-04      0.42798439E-20      0.89150117E-07     -0.18819923E-20
   47.000000000000         0.28634974E-04      0.18487334E-21      0.62869150E-07     -0.40949706E-20
   48.000000000000         0.28845196E-04     -0.24559243E-20      0.21022155E-06     -0.26407976E-20
   49.000000000000         0.29229825E-04     -0.34939545E-20      0.38462915E-06     -0.10380303E-20
   50.000000000000         0.29360748E-04     -0.55462517E-20      0.13092259E-06     -0.20522971E-20
   51.000000000000         0.29526032E-04     -0.11809875E-19      0.16528387E-06     -0.62636237E-20
   52.000000000000         0.29877944E-04     -0.10598042E-19      0.35191246E-06      0.12118333E-20
   53.000000000000         0.30716682E-04     -0.66465405E-20      0.83873777E-06      0.39515016E-20
   54.000000000000         0.31489410E-04     -0.73028778E-20      0.77272811E-06     -0.65633730E-21
   55.000000000000         0.32075514E-04     -0.85735051E-20      0.58610379E-06     -0.12706273E-20
   56.000000000000         0.32897999E-04     -0.82713751E-20      0.82248535E-06      0.30212996E-21
   57.000000000000         0.33469503E-04     -0.66208761E-20      0.57150428E-06      0.16504990E-20
   58.000000000000         0.34134206E-04     -0.45082005E-20      0.66470241E-06      0.21126756E-20
   59.000000000000         0.34744407E-04     -0.63812897E-20      0.61020125E-06     -0.18730892E-20
   60.000000000000         0.35940185E-04     -0.62925790E-20      0.11957781E-05      0.88710738E-22
   61.000000000000         0.37036648E-04     -0.43742962E-20      0.10964632E-05      0.19182828E-20
   62.000000000000         0.37522130E-04     -0.70876809E-20      0.48548121E-06     -0.27133847E-20
   63.000000000000         0.37854501E-04     -0.52540578E-20      0.33237145E-06      0.18336230E-20
   64.000000000000         0.38643785E-04      0.10246368E-20      0.78928380E-06      0.62786947E-20
   65.000000000000         0.39758437E-04     -0.21814138E-20      0.11146519E-05     -0.32060506E-20
   66.000000000000         0.40378250E-04     -0.41568652E-20      0.61981383E-06     -0.19754515E-20
   67.000000000000         0.40588834E-04     -0.47447058E-20      0.21058309E-06     -0.58784052E-21
   68.000000000000         0.40901168E-04     -0.63723023E-20      0.31233479E-06     -0.16275965E-20
   69.000000000000         0.41521505E-04     -0.95259974E-20      0.62033627E-06     -0.31536952E-20
   70.000000000000         0.41928627E-04     -0.10990820E-19      0.40712259E-06     -0.14648222E-20
   71.000000000000         0.41993565E-04     -0.11738406E-19      0.64937949E-07     -0.74758619E-21
   72.000000000000         0.42114343E-04     -0.14046250E-19      0.12077753E-06     -0.23078445E-20
   73.000000000000         0.42530453E-04     -0.13701143E-19      0.41611030E-06      0.34510745E-21
   74.000000000000         0.43189207E-04     -0.14893078E-19      0.65875430E-06     -0.11919348E-20
   75.000000000000         0.43410817E-04     -0.14212865E-19      0.22160953E-06      0.68021309E-21
   76.000000000000         0.43469816E-04     -0.13369138E-19      0.58999355E-07      0.84372695E-21
   77.000000000000         0.43821016E-04     -0.14154553E-19      0.35119983E-06     -0.78541570E-21
   78.000000000000         0.44690669E-04     -0.18225211E-19      0.86965333E-06     -0.40706573E-20
   79.000000000000         0.45369506E-04     -0.16228278E-19      0.67883697E-06      0.19969330E-20
   80.000000000000         0.45598326E-04     -0.16507717E-19      0.22881950E-06     -0.27943969E-21
   81.000000000000         0.45942720E-04     -0.20170187E-19      0.34439373E-06     -0.36624701E-20
   82.000000000000         0.46773281E-04     -0.26475479E-19      0.83056155E-06     -0.63052916E-20
   83.000000000000         0.47764392E-04     -0.24753147E-19      0.99111107E-06      0.17223317E-20
   84.000000000000         0.48311095E-04     -0.20128287E-19      0.54670236E-06      0.46248598E-20
   85.000000000000         0.48762013E-04     -0.18590216E-19      0.45091887E-06      0.15380714E-20
   86.000000000000         0.49325788E-04     -0.16164080E-19      0.56377415E-06      0.24261360E-20
   87.000000000000         0.49955211E-04     -0.12670246E-19      0.62942392E-06      0.34938342E-20
   88.000000000000         0.50323086E-04     -0.89420629E-20      0.36787467E-06      0.37281829E-20
   89.000000000000         0.50456231E-04     -0.80716036E-20      0.13314447E-06      0.87045930E-21
   90.000000000000         0.50491882E-04     -0.82580918E-20      0.35651314E-07     -0.18648817E-21
   91.000000000000         0.50636957E-04     -0.72234599E-20      0.14507466E-06      0.10346318E-20
   92.000000000000         0.50850059E-04     -0.82509912E-20      0.21310270E-06     -0.10275313E-20
   93.000000000000         0.50917069E-04     -0.57295846E-20      0.67010163E-07      0.25214066E-20
   94.000000000000         0.50962191E-04     -0.38116721E-20      0.45121205E-07      0.19179125E-20
   95.000000000000         0.51195863E-04     -0.71832894E-20      0.23367186E-06     -0.33716173E-20
   96.000000000000         0.51774991E-04     -0.20895703E-19      0.57912871E-06     -0.13712414E-19
   97.000000000000         0.52309194E-04     -0.24330685E-19      0.53420269E-06     -0.34349822E-20
   98.000000000000         0.52854792E-04     -0.19692384E-19      0.54559828E-06      0.46383015E-20
   99.000000000000         0.53411505E-04     -0.11124754E-19      0.55671295E-06      0.85676295E-20
  100.000000000000         0.53872291E-04      0.21477858E-22      0.46078625E-06      0.11146232E-19
  101.000000000000         0.54298032E-04      0.10138796E-19      0.42574105E-06      0.10117318E-19
  102.000000000000         0.54789940E-04      0.85679801E-20      0.49190728E-06     -0.15708161E-20
  103.000000000000         0.55328534E-04      0.64479168E-20      0.53859432E-06     -0.21200634E-20
  104.000000000000         0.55699120E-04      0.38111163E-20      0.37058588E-06     -0.26368005E-20
  105.000000000000         0.55937211E-04      0.62699927E-20      0.23809134E-06      0.24588765E-20
  106.000000000000         0.56216905E-04      0.45489492E-20      0.27969348E-06     -0.17210435E-20
  107.000000000000         0.56534662E-04      0.23446033E-20      0.31775683E-06     -0.22043459E-20
  108.000000000000         0.56679929E-04      0.81755613E-20      0.14526761E-06      0.58309579E-20
  109.000000000000         0.56703494E-04      0.43886347E-20      0.23565233E-07     -0.37869265E-20
  110.000000000000         0.56730441E-04      0.47928286E-20      0.26946155E-07      0.40419389E-21
  111.000000000000         0.56802562E-04     -0.20450140E-20      0.72121300E-07     -0.68378426E-20
  112.000000000000         0.56847319E-04      0.20933090E-20      0.44756764E-07      0.41383229E-20
  113.000000000000         0.56831790E-04     -0.26756779E-21     -0.15529135E-07     -0.23608768E-20
  114.000000000000         0.56877947E-04      0.38537605E-20      0.46157027E-07      0.41213283E-20
  115.000000000000         0.57059150E-04      0.13117999E-20      0.18120338E-06     -0.25419606E-20
  116.000000000000         0.57361568E-04      0.17276762E-20      0.30241834E-06      0.41587633E-21
  117.000000000000         0.57575133E-04      0.87738166E-20      0.21356451E-06      0.70461404E-20
  118.000000000000         0.57692386E-04      0.51271731E-20      0.11725352E-06     -0.36466435E-20
  119.000000000000         0.57889145E-04      0.37044108E-20      0.19675883E-06     -0.14227623E-20
  120.000000000000         0.58204915E-04      0.66808603E-20      0.31576955E-06      0.29764495E-20
  121.000000000000         0.58474202E-04      0.48796692E-20      0.26928732E-06     -0.18011910E-20
  122.000000000000         0.58602015E-04      0.89042984E-20      0.12781301E-06      0.40246292E-20
  123.000000000000         0.58706144E-04      0.79796998E-20      0.10412949E-06     -0.92459863E-21
  124.000000000000         0.58843789E-04     -0.12269279E-21      0.13764407E-06     -0.81023926E-20
  125.000000000000         0.58956291E-04      0.43175288E-20      0.11250237E-06      0.44402216E-20
  126.000000000000         0.58972577E-04      0.30843337E-20      0.16286170E-07     -0.12331951E-20
  127.000000000000         0.58955968E-04      0.37720987E-21     -0.16609428E-07     -0.27071239E-20
  128.000000000000         0.58959596E-04     -0.42538432E-20      0.36283237E-08     -0.46310531E-20
  129.000000000000         0.59010875E-04     -0.88725289E-20      0.51279387E-07     -0.46186856E-20
  130.000000000000         0.59011945E-04     -0.79423159E-20      0.10697647E-08      0.93021295E-21
  131.000000000000         0.58935993E-04     -0.91465476E-20     -0.75952487E-07     -0.12042317E-20
  132.000000000000         0.58836934E-04     -0.15860133E-19     -0.99059012E-07     -0.67135851E-20
  133.000000000000         0.58838761E-04     -0.24522222E-19      0.18275321E-08     -0.86620889E-20
  134.000000000000         0.58899607E-04     -0.24878876E-19      0.60845670E-07     -0.35665422E-21
  135.000000000000         0.58933778E-04     -0.25500779E-19      0.34170788E-07     -0.62190287E-21
  136.000000000000         0.58974307E-04     -0.28854548E-19      0.40529200E-07     -0.33537697E-20
  137.000000000000         0.59104034E-04     -0.23205211E-19      0.12972670E-06      0.56493379E-20
  138.000000000000         0.59297655E-04     -0.26212980E-19      0.19362101E-06     -0.30077694E-20
  139.000000000000         0.59469862E-04     -0.27806801E-19      0.17220731E-06     -0.15938206E-20
  140.000000000000         0.59655456E-04     -0.28937986E-19      0.18559446E-06     -0.11311855E-20
  141.000000000000         0.59859201E-04     -0.29842063E-19      0.20374429E-06     -0.90407700E-21
  142.000000000000         0.60056539E-04     -0.31687445E-19      0.19733830E-06     -0.18453814E-20
  143.000000000000         0.60239818E-04     -0.34219350E-19      0.18327933E-06     -0.25319054E-20
  144.000000000000         0.60428426E-04     -0.29936190E-19      0.18860824E-06      0.42831600E-20
  145.000000000000         0.60565862E-04     -0.30289913E-19      0.13743548E-06     -0.35372332E-21
  146.000000000000         0.60633604E-04     -0.25235526E-19      0.67741655E-07      0.50543869E-20
  147.000000000000         0.60660153E-04     -0.25450541E-19      0.26549029E-07     -0.21501513E-21
  148.000000000000         0.60655878E-04     -0.25419092E-19     -0.42750199E-08      0.31449639E-22
  149.000000000000         0.60605964E-04     -0.26676592E-19     -0.49914103E-07     -0.12575002E-20
  150.000000000000         0.60541756E-04     -0.27362876E-19     -0.64207505E-07     -0.68628376E-21
  151.000000000000         0.60482699E-04     -0.25845204E-19     -0.59057300E-07      0.15176717E-20
  152.000000000000         0.60410583E-04     -0.23572142E-19     -0.72115885E-07      0.22730620E-20
  153.000000000000         0.60322032E-04     -0.19856711E-19     -0.88550900E-07      0.37154309E-20
  154.000000000000         0.60256251E-04     -0.16225472E-19     -0.65781041E-07      0.36312389E-20
  155.000000000000         0.60236408E-04     -0.15599788E-19     -0.19842794E-07      0.62568396E-21
  156.000000000000         0.60250051E-04     -0.17730006E-19      0.13643321E-07     -0.21302178E-20
  157.000000000000         0.60296875E-04     -0.29168095E-19      0.46823468E-07     -0.11438088E-19
  158.000000000000         0.60375451E-04     -0.31201408E-19      0.78575682E-07     -0.20333128E-20
  159.000000000000         0.60462303E-04     -0.36019180E-19      0.86851935E-07     -0.48177721E-20
  160.000000000000         0.60553931E-04     -0.35695243E-19      0.91628316E-07      0.32393631E-21
  161.000000000000         0.60664776E-04     -0.40433582E-19      0.11084550E-06     -0.47383386E-20
  162.000000000000         0.60776310E-04     -0.42946693E-19      0.11153369E-06     -0.25131114E-20
  163.000000000000         0.60860222E-04     -0.46449546E-19      0.83912419E-07     -0.35028523E-20
  164.000000000000         0.60921141E-04     -0.47773998E-19      0.60918947E-07     -0.13244528E-20
  165.000000000000         0.60981017E-04     -0.46913375E-19      0.59875370E-07      0.86062354E-21
  166.000000000000         0.61029159E-04     -0.47889774E-19      0.48142094E-07     -0.97639897E-21
  167.000000000000         0.61041800E-04     -0.47974353E-19      0.12640701E-07     -0.84579254E-22
  168.000000000000         0.61027502E-04     -0.48620776E-19     -0.14297979E-07     -0.64642306E-21
  169.000000000000         0.60989714E-04     -0.46985028E-19     -0.37787282E-07      0.16357484E-20
  170.000000000000         0.60927896E-04     -0.47554306E-19     -0.61817943E-07     -0.56927821E-21
  171.000000000000         0.60853485E-04     -0.43769439E-19     -0.74411413E-07      0.37848671E-20
  172.000000000000         0.60772398E-04     -0.43952908E-19     -0.81086709E-07     -0.18346965E-21
  173.000000000000         0.60688609E-04     -0.42587582E-19     -0.83789026E-07      0.13653262E-20
  174.000000000000         0.60638819E-04     -0.41064111E-19     -0.49790184E-07      0.15234715E-20
  175.000000000000         0.60640062E-04     -0.42134396E-19      0.12431258E-08     -0.10702854E-20
  176.000000000000         0.60642177E-04     -0.41912988E-19      0.21144887E-08      0.22140868E-21
  177.000000000000         0.60643587E-04     -0.41042225E-19      0.14101043E-08      0.87076289E-21
  178.000000000000         0.60692581E-04     -0.45068758E-19      0.48993768E-07     -0.40265329E-20
  179.000000000000         0.60782748E-04     -0.41503179E-19      0.90167847E-07      0.35655790E-20
  180.000000000000         0.60859497E-04     -0.44998530E-19      0.76748656E-07     -0.34953517E-20
  181.000000000000         0.60918465E-04     -0.45833005E-19      0.58967510E-07     -0.83447462E-21
  182.000000000000         0.60980453E-04     -0.42109936E-19      0.61988642E-07      0.37230684E-20
  183.000000000000         0.61046981E-04     -0.40347256E-19      0.66527483E-07      0.17626809E-20
  184.000000000000         0.61087562E-04     -0.41596824E-19      0.40581384E-07     -0.12495683E-20
  185.000000000000         0.61083516E-04     -0.36649979E-19     -0.40462087E-08      0.49468449E-20
  186.000000000000         0.61032641E-04     -0.39421988E-19     -0.50874553E-07     -0.27720088E-20
  187.000000000000         0.60972007E-04     -0.41112902E-19     -0.60634333E-07     -0.16909140E-20
  188.000000000000         0.60923586E-04     -0.43123333E-19     -0.48420710E-07     -0.20104318E-20
  189.000000000000         0.60870495E-04     -0.43909907E-19     -0.53090781E-07     -0.78657319E-21
  190.000000000000         0.60812218E-04     -0.45111746E-19     -0.58277669E-07     -0.12018398E-20
  191.000000000000         0.60776112E-04     -0.43974022E-19     -0.36106253E-07      0.11377246E-20
  192.000000000000         0.60760821E-04     -0.42377271E-19     -0.15290598E-07      0.15967507E-20
  193.000000000000         0.60756072E-04     -0.41731229E-19     -0.47490351E-08      0.64604227E-21
  194.000000000000         0.60771159E-04     -0.43068069E-19      0.15087109E-07     -0.13368403E-20
  195.000000000000         0.60814168E-04     -0.45086641E-19      0.43008771E-07     -0.20185721E-20
  196.000000000000         0.60876256E-04     -0.41477961E-19      0.62088657E-07      0.36086806E-20
  197.000000000000         0.60949789E-04     -0.49096219E-19      0.73532496E-07     -0.76182585E-20
  198.000000000000         0.61026082E-04     -0.44886695E-19      0.76293277E-07      0.42095246E-20
  199.000000000000         0.61086686E-04     -0.47340616E-19      0.60603541E-07     -0.24539216E-20
  200.000000000000         0.61114421E-04     -0.47017890E-19      0.27735082E-07      0.32272662E-21
  201.000000000000         0.61118943E-04     -0.44831885E-19      0.45224920E-08      0.21860048E-20
  202.000000000000         0.61110942E-04     -0.40820368E-19     -0.80010367E-08      0.40115172E-20
  203.000000000000         0.61093718E-04     -0.39592548E-19     -0.17223834E-07      0.12278200E-20
  204.000000000000         0.61074808E-04     -0.41000186E-19     -0.18910500E-07     -0.14076389E-20
  205.000000000000         0.61061590E-04     -0.43700572E-19     -0.13218122E-07     -0.27003855E-20
  206.000000000000         0.61054852E-04     -0.44994524E-19     -0.67374593E-08     -0.12939522E-20
  207.000000000000         0.61051538E-04     -0.50968125E-19     -0.33148495E-08     -0.59736004E-20
  208.000000000000         0.61044899E-04     -0.48560673E-19     -0.66387392E-08      0.24074516E-20
  209.000000000000         0.61038732E-04     -0.44923068E-19     -0.61670549E-08      0.36376048E-20
  210.000000000000         0.61040752E-04     -0.44030640E-19      0.20205104E-08      0.89242780E-21
  211.000000000000         0.61060632E-04     -0.48010657E-19      0.19879642E-07     -0.39800170E-20
  212.000000000000         0.61100545E-04     -0.47229242E-19      0.39912814E-07      0.78141586E-21
  213.000000000000         0.61150326E-04     -0.51459748E-19      0.49781216E-07     -0.42305069E-20
  214.000000000000         0.61214622E-04     -0.48438514E-19      0.64295968E-07      0.30212346E-20
  215.000000000000         0.61310306E-04     -0.47425552E-19      0.95683871E-07      0.10129617E-20
  216.000000000000         0.61421253E-04     -0.54484684E-19      0.11094735E-06     -0.70591319E-20
  217.000000000000         0.61510305E-04     -0.53510087E-19      0.89052400E-07      0.97459677E-21
  218.000000000000         0.61573250E-04     -0.49521576E-19      0.62944151E-07      0.39885110E-20
  219.000000000000         0.61630907E-04     -0.46845646E-19      0.57657481E-07      0.26759304E-20
  220.000000000000         0.61694682E-04     -0.50456792E-19      0.63775115E-07     -0.36111463E-20
  221.000000000000         0.61763854E-04     -0.51853931E-19      0.69172127E-07     -0.13971386E-20
  222.000000000000         0.61844015E-04     -0.51068513E-19      0.80160720E-07      0.78541798E-21
  223.000000000000         0.61942779E-04     -0.44426907E-19      0.98763737E-07      0.66416056E-20
  224.000000000000         0.62042067E-04     -0.42253032E-19      0.99288291E-07      0.21738752E-20
  225.000000000000         0.62120528E-04     -0.40255836E-19      0.78461309E-07      0.19971959E-20
  226.000000000000         0.62174262E-04     -0.41954998E-19      0.53733745E-07     -0.16991614E-20
  227.000000000000         0.62205928E-04     -0.38498338E-19      0.31666203E-07      0.34566590E-20
  228.000000000000         0.62220899E-04     -0.42844308E-19      0.14970437E-07     -0.43459696E-20
  229.000000000000         0.62230396E-04     -0.45239945E-19      0.94975252E-08     -0.23956369E-20
  230.000000000000         0.62239710E-04     -0.40870547E-19      0.93134910E-08      0.43693976E-20
  231.000000000000         0.62259046E-04     -0.43318781E-19      0.19336321E-07     -0.24482336E-20
  232.000000000000         0.62304597E-04     -0.41274902E-19      0.45550534E-07      0.20438786E-20
  233.000000000000         0.62370558E-04     -0.38786521E-19      0.65961584E-07      0.24883817E-20
  234.000000000000         0.62442136E-04     -0.42892204E-19      0.71577642E-07     -0.41056830E-20
  235.000000000000         0.62525207E-04     -0.40580664E-19      0.83071345E-07      0.23115401E-20
  236.000000000000         0.62624662E-04     -0.32174192E-19      0.99454484E-07      0.84064715E-20
  237.000000000000         0.62728380E-04     -0.30199103E-19      0.10371850E-06      0.19750890E-20
  238.000000000000         0.62828773E-04     -0.26184352E-19      0.10039271E-06      0.40147512E-20
  239.000000000000         0.62931079E-04     -0.22246658E-19      0.10230559E-06      0.39376937E-20
  240.000000000000         0.63039089E-04     -0.21519016E-19      0.10801034E-06      0.72764185E-21
  241.000000000000         0.63142097E-04     -0.17093495E-19      0.10300833E-06      0.44255218E-20
  242.000000000000         0.63222338E-04     -0.19421202E-19      0.80241097E-07     -0.23277074E-20
  243.000000000000         0.63266852E-04     -0.13889158E-19      0.44513728E-07      0.55320435E-20
  244.000000000000         0.63283292E-04     -0.10409677E-19      0.16440351E-07      0.34794813E-20
  245.000000000000         0.63290752E-04     -0.88021635E-20      0.74594781E-08      0.16075137E-20
  246.000000000000         0.63301399E-04     -0.12151839E-19      0.10647212E-07     -0.33496758E-20
  247.000000000000         0.63312465E-04     -0.61141491E-20      0.11065769E-07      0.60376901E-20
  248.000000000000         0.63319684E-04     -0.40999157E-20      0.72192050E-08      0.20142334E-20
  249.000000000000         0.63320034E-04     -0.62153551E-20      0.34952722E-09     -0.21154394E-20
  250.000000000000         0.63316394E-04     -0.84203323E-20     -0.36396489E-08     -0.22049772E-20
  251.000000000000         0.63314368E-04     -0.80214905E-20     -0.20256542E-08      0.39884180E-21
  252.000000000000         0.63315526E-04     -0.93917736E-20      0.11575386E-08     -0.13702830E-20
  253.000000000000         0.63320847E-04     -0.91392127E-20      0.53209211E-08      0.25256086E-21
  254.000000000000         0.63334320E-04     -0.93692935E-20      0.13473357E-07     -0.23008077E-21
  255.000000000000         0.63361811E-04     -0.94246535E-20      0.27490822E-07     -0.55360023E-22
  256.000000000000         0.63406158E-04     -0.11349084E-19      0.44347050E-07     -0.19244301E-20
  257.000000000000         0.63467348E-04     -0.98180794E-20      0.61189736E-07      0.15310042E-20
  258.000000000000         0.63543267E-04     -0.73936415E-20      0.75919460E-07      0.24244379E-20
  259.000000000000         0.63626645E-04     -0.93762982E-20      0.83377670E-07     -0.19826566E-20
  260.000000000000         0.63708002E-04     -0.71687552E-20      0.81356898E-07      0.22075430E-20
  261.000000000000         0.63780913E-04     -0.11485439E-19      0.72910880E-07     -0.43166837E-20
  262.000000000000         0.63846750E-04     -0.12587132E-19      0.65837769E-07     -0.11016933E-20
  263.000000000000         0.63910056E-04     -0.12657164E-19      0.63305321E-07     -0.70031952E-22
  264.000000000000         0.63974073E-04     -0.19261499E-19      0.64017458E-07     -0.66043353E-20
  265.000000000000         0.64033822E-04     -0.19003958E-19      0.59748808E-07      0.25754114E-21
  266.000000000000         0.64083900E-04     -0.18978044E-19      0.50077599E-07      0.25914309E-22
  267.000000000000         0.64126171E-04     -0.21880982E-19      0.42271749E-07     -0.29029376E-20
  268.000000000000         0.64165963E-04     -0.26344519E-19      0.39791329E-07     -0.44635369E-20
  269.000000000000         0.64204428E-04     -0.27100635E-19      0.38465453E-07     -0.75611615E-21
  270.000000000000         0.64233767E-04     -0.26363480E-19      0.29339125E-07      0.73715473E-21
  271.000000000000         0.64247844E-04     -0.29550087E-19      0.14076569E-07     -0.31866074E-20
  272.000000000000         0.64255394E-04     -0.31370512E-19      0.75503526E-08     -0.18204250E-20
  273.000000000000         0.64270072E-04     -0.28016882E-19      0.14677720E-07      0.33536299E-20
  274.000000000000         0.64293117E-04     -0.25982000E-19      0.23045578E-07      0.20348823E-20
  275.000000000000         0.64316314E-04     -0.27023669E-19      0.23196545E-07     -0.10416687E-20
  276.000000000000         0.64335213E-04     -0.26790213E-19      0.18898622E-07      0.23345584E-21
  277.000000000000         0.64352438E-04     -0.27603755E-19      0.17225180E-07     -0.81354158E-21
  278.000000000000         0.64375811E-04     -0.28037955E-19      0.23373150E-07     -0.43420026E-21
  279.000000000000         0.64405725E-04     -0.26349044E-19      0.29914535E-07      0.16889111E-20
  280.000000000000         0.64433493E-04     -0.24166478E-19      0.27767299E-07      0.21825660E-20
  281.000000000000         0.64451303E-04     -0.23256120E-19      0.17810467E-07      0.91035749E-21
  282.000000000000         0.64459864E-04     -0.24753486E-19      0.85605789E-08     -0.14973656E-20
  283.000000000000         0.64468834E-04     -0.24180566E-19      0.89704324E-08      0.57292010E-21
  284.000000000000         0.64485051E-04     -0.22510157E-19      0.16216776E-07      0.16704092E-20
  285.000000000000         0.64506900E-04     -0.19269878E-19      0.21848929E-07      0.32402786E-20
  286.000000000000         0.64529685E-04     -0.18152409E-19      0.22785155E-07      0.11174690E-20
  287.000000000000         0.64551506E-04     -0.18054961E-19      0.21820731E-07      0.97447661E-22
  288.000000000000         0.64576469E-04     -0.19403397E-19      0.24963621E-07     -0.13484362E-20
  289.000000000000         0.64608931E-04     -0.22293119E-19      0.32461193E-07     -0.28897213E-20
  290.000000000000         0.64645060E-04     -0.21987578E-19      0.36129699E-07      0.30554053E-21
  291.000000000000         0.64675892E-04     -0.21846710E-19      0.30831269E-07      0.14086848E-21
  292.000000000000         0.64697169E-04     -0.17895404E-19      0.21277417E-07      0.39513060E-20
  293.000000000000         0.64710966E-04     -0.17932746E-19      0.13797224E-07     -0.37342389E-22
  294.000000000000         0.64722911E-04     -0.18354806E-19      0.11944929E-07     -0.42206003E-21
  295.000000000000         0.64736655E-04     -0.18553198E-19      0.13743823E-07     -0.19839209E-21
  296.000000000000         0.64749745E-04     -0.17615691E-19      0.13089558E-07      0.93750677E-21
  297.000000000000         0.64758945E-04     -0.17750697E-19      0.92003289E-08     -0.13500607E-21
  298.000000000000         0.64764703E-04     -0.20752296E-19      0.57585838E-08     -0.30015985E-20
  299.000000000000         0.64771744E-04     -0.19932554E-19      0.70407755E-08      0.81974183E-21
  300.000000000000         0.64784569E-04     -0.20380082E-19      0.12824474E-07     -0.44752810E-21
  301.000000000000         0.64802984E-04     -0.21376459E-19      0.18415593E-07     -0.99637675E-21
  302.000000000000         0.64824205E-04     -0.20367868E-19      0.21220562E-07      0.10085906E-20
  303.000000000000         0.64845129E-04     -0.18784210E-19      0.20924045E-07      0.15836582E-20
  304.000000000000         0.64866044E-04     -0.19222125E-19      0.20914672E-07     -0.43791510E-21
  305.000000000000         0.64891041E-04     -0.19159774E-19      0.24997042E-07      0.62351757E-22
  306.000000000000         0.64921479E-04     -0.18522820E-19      0.30438134E-07      0.63695355E-21
  307.000000000000         0.64952395E-04     -0.17427279E-19      0.30916378E-07      0.10955414E-20
  308.000000000000         0.64977436E-04     -0.17263265E-19      0.25041337E-07      0.16401404E-21
  309.000000000000         0.64995324E-04     -0.18582255E-19      0.17887179E-07     -0.13189909E-20
  310.000000000000         0.65012634E-04     -0.17975919E-19      0.17310842E-07      0.60633595E-21
  311.000000000000         0.65036872E-04     -0.19190273E-19      0.24237747E-07     -0.12143533E-20
  312.000000000000         0.65067144E-04     -0.19391872E-19      0.30271916E-07     -0.20159949E-21
  313.000000000000         0.65097766E-04     -0.20028646E-19      0.30622038E-07     -0.63677396E-21
  314.000000000000         0.65127143E-04     -0.21769977E-19      0.29376873E-07     -0.17413308E-20
  315.000000000000         0.65158068E-04     -0.23369196E-19      0.30924972E-07     -0.15992191E-20
  316.000000000000         0.65192764E-04     -0.27185422E-19      0.34696315E-07     -0.38162260E-20
  317.000000000000         0.65229919E-04     -0.27081321E-19      0.37154379E-07      0.10410141E-21
  318.000000000000         0.65265826E-04     -0.27536761E-19      0.35907547E-07     -0.45544069E-21
  319.000000000000         0.65297009E-04     -0.28364517E-19      0.31182666E-07     -0.82775517E-21
  320.000000000000         0.65322021E-04     -0.28552922E-19      0.25012085E-07     -0.18840554E-21
  321.000000000000         0.65342938E-04     -0.30215137E-19      0.20916593E-07     -0.16622145E-20
  322.000000000000         0.65363641E-04     -0.28340393E-19      0.20703167E-07      0.18747439E-20
  323.000000000000         0.65386601E-04     -0.27267537E-19      0.22959732E-07      0.10728553E-20
  324.000000000000         0.65411208E-04     -0.27677283E-19      0.24607635E-07     -0.40974588E-21
  325.000000000000         0.65434006E-04     -0.27098188E-19      0.22798298E-07      0.57909513E-21
  326.000000000000         0.65453968E-04     -0.26292366E-19      0.19961877E-07      0.80582178E-21
  327.000000000000         0.65474978E-04     -0.24046591E-19      0.21009866E-07      0.22457758E-20
  328.000000000000         0.65500807E-04     -0.24493767E-19      0.25829089E-07     -0.44717646E-21
  329.000000000000         0.65530599E-04     -0.25748689E-19      0.29791900E-07     -0.12549216E-20
  330.000000000000         0.65560464E-04     -0.25685101E-19      0.29865137E-07      0.63587782E-22
  331.000000000000         0.65588601E-04     -0.25902008E-19      0.28136505E-07     -0.21690733E-21
  332.000000000000         0.65616832E-04     -0.23099239E-19      0.28230751E-07      0.28027696E-20
  333.000000000000         0.65647806E-04     -0.24174875E-19      0.30974136E-07     -0.10756366E-20
  334.000000000000         0.65681289E-04     -0.23905825E-19      0.33483042E-07      0.26904977E-21
  335.000000000000         0.65713308E-04     -0.25868872E-19      0.32018882E-07     -0.19630467E-20
  336.000000000000         0.65740047E-04     -0.25066349E-19      0.26739114E-07      0.80252361E-21
  337.000000000000         0.65761945E-04     -0.25126085E-19      0.21897846E-07     -0.59736749E-22
  338.000000000000         0.65781669E-04     -0.25969624E-19      0.19724436E-07     -0.84353905E-21
  339.000000000000         0.65801953E-04     -0.26527070E-19      0.20283829E-07     -0.55744533E-21
  340.000000000000         0.65823453E-04     -0.25773620E-19      0.21500052E-07      0.75344985E-21
  341.000000000000         0.65845001E-04     -0.23951570E-19      0.21547592E-07      0.18220496E-20
  342.000000000000         0.65866683E-04     -0.24394744E-19      0.21682574E-07     -0.44317394E-21
  343.000000000000         0.65890326E-04     -0.25009882E-19      0.23642978E-07     -0.61513825E-21
  344.000000000000         0.65916346E-04     -0.26000385E-19      0.26020245E-07     -0.99050255E-21
  345.000000000000         0.65942574E-04     -0.25487034E-19      0.26227284E-07      0.51335113E-21
  346.000000000000         0.65966838E-04     -0.26869515E-19      0.24264242E-07     -0.13824813E-20
  347.000000000000         0.65988384E-04     -0.28183690E-19      0.21545730E-07     -0.13141747E-20
  348.000000000000         0.66006763E-04     -0.27438533E-19      0.18379288E-07      0.74515714E-21
  349.000000000000         0.66021894E-04     -0.27980323E-19      0.15130762E-07     -0.54179029E-21
  350.000000000000         0.66035113E-04     -0.26600465E-19      0.13219602E-07      0.13798577E-20
  351.000000000000         0.66048985E-04     -0.26094637E-19      0.13871804E-07      0.50582876E-21
  352.000000000000         0.66064778E-04     -0.26168071E-19      0.15792482E-07     -0.73434707E-22
  353.000000000000         0.66082451E-04     -0.25494266E-19      0.17673940E-07      0.67380559E-21
  354.000000000000         0.66103523E-04     -0.25481109E-19      0.21071648E-07      0.13156775E-22
  355.000000000000         0.66130627E-04     -0.28404654E-19      0.27104226E-07     -0.29235451E-20
  356.000000000000         0.66163363E-04     -0.28844575E-19      0.32735842E-07     -0.43992106E-21
  357.000000000000         0.66197646E-04     -0.28552605E-19      0.34282434E-07      0.29197031E-21
  358.000000000000         0.66230195E-04     -0.27531463E-19      0.32549563E-07      0.10211420E-20
  359.000000000000         0.66260606E-04     -0.28636880E-19      0.30410490E-07     -0.11054168E-20
  360.000000000000         0.66289833E-04     -0.29045589E-19      0.29227380E-07     -0.40870978E-21
  361.000000000000         0.66318702E-04     -0.27758009E-19      0.28869317E-07      0.12875808E-20
  362.000000000000         0.66346988E-04     -0.28305773E-19      0.28286088E-07     -0.54776407E-21
  363.000000000000         0.66374607E-04     -0.28655435E-19      0.27618735E-07     -0.34966239E-21
  364.000000000000         0.66402251E-04     -0.27551437E-19      0.27643371E-07      0.11039982E-20
  365.000000000000         0.66430015E-04     -0.29385860E-19      0.27764469E-07     -0.18344231E-20
  366.000000000000         0.66457146E-04     -0.30338578E-19      0.27131384E-07     -0.95271836E-21
  367.000000000000         0.66484080E-04     -0.31955037E-19      0.26933642E-07     -0.16164593E-20
  368.000000000000         0.66511109E-04     -0.32087863E-19      0.27029260E-07     -0.13282596E-21
  369.000000000000         0.66537363E-04     -0.32419535E-19      0.26253493E-07     -0.33167114E-21
  370.000000000000         0.66562034E-04     -0.32661422E-19      0.24671545E-07     -0.24188738E-21
  371.000000000000         0.66585072E-04     -0.32842817E-19      0.23037324E-07     -0.18139521E-21
  372.000000000000         0.66606419E-04     -0.31685329E-19      0.21347732E-07      0.11574886E-20
  373.000000000000         0.66624858E-04     -0.30795648E-19      0.18438550E-07      0.88968022E-21
  374.000000000000         0.66638728E-04     -0.30045143E-19      0.13870474E-07      0.75050572E-21
  375.000000000000         0.66648939E-04     -0.30934821E-19      0.10210604E-07     -0.88967792E-21
  376.000000000000         0.66658496E-04     -0.30959536E-19      0.95570840E-08     -0.24715162E-22
  377.000000000000         0.66670312E-04     -0.29570888E-19      0.11815596E-07      0.13886478E-20
  378.000000000000         0.66685370E-04     -0.29283895E-19      0.15058796E-07      0.28699263E-21
  379.000000000000         0.66702467E-04     -0.29087369E-19      0.17096111E-07      0.19652612E-21
  380.000000000000         0.66720533E-04     -0.28356671E-19      0.18065963E-07      0.73069812E-21
  381.000000000000         0.66739769E-04     -0.29499576E-19      0.19236416E-07     -0.11429051E-20
  382.000000000000         0.66760786E-04     -0.30375638E-19      0.21017344E-07     -0.87606160E-21
  383.000000000000         0.66783934E-04     -0.30650889E-19      0.23148083E-07     -0.27525128E-21
  384.000000000000         0.66808907E-04     -0.27864227E-19      0.24973026E-07      0.27866623E-20
  385.000000000000         0.66835346E-04     -0.27850617E-19      0.26438210E-07      0.13609278E-22
  386.000000000000         0.66863178E-04     -0.29943053E-19      0.27832036E-07     -0.20924359E-20
  387.000000000000         0.66893142E-04     -0.28589620E-19      0.29964113E-07      0.13534332E-20
  388.000000000000         0.66925958E-04     -0.29103753E-19      0.32816583E-07     -0.51413318E-21
  389.000000000000         0.66959854E-04     -0.29065775E-19      0.33895792E-07      0.37978403E-22
  390.000000000000         0.66991557E-04     -0.28340800E-19      0.31702596E-07      0.72497520E-21
  391.000000000000         0.67020821E-04     -0.29680768E-19      0.29264286E-07     -0.13399683E-20
  392.000000000000         0.67050481E-04     -0.30990552E-19      0.29659704E-07     -0.13097840E-20
  393.000000000000         0.67082003E-04     -0.30772483E-19      0.31522334E-07      0.21806919E-21
  394.000000000000         0.67115230E-04     -0.32164010E-19      0.33227388E-07     -0.13915272E-20
  395.000000000000         0.67150585E-04     -0.33680322E-19      0.35354999E-07     -0.15163120E-20
  396.000000000000         0.67187822E-04     -0.34469524E-19      0.37236121E-07     -0.78920187E-21
  397.000000000000         0.67225159E-04     -0.34040956E-19      0.37337624E-07      0.42856772E-21
  398.000000000000         0.67262658E-04     -0.30573780E-19      0.37498485E-07      0.34671765E-20
  399.000000000000         0.67301064E-04     -0.28928391E-19      0.38406669E-07      0.16453885E-20
  400.000000000000         0.67338941E-04     -0.30588357E-19      0.37876674E-07     -0.16599657E-20
  401.000000000000         0.67373611E-04     -0.31121967E-19      0.34670365E-07     -0.53360948E-21
  402.000000000000         0.67405381E-04     -0.29779017E-19      0.31769575E-07      0.13429492E-20
  403.000000000000         0.67435473E-04     -0.28832205E-19      0.30091804E-07      0.94681200E-21
  404.000000000000         0.67464452E-04     -0.29748233E-19      0.28979247E-07     -0.91602813E-21
  405.000000000000         0.67490677E-04     -0.29642430E-19      0.26224807E-07      0.10580386E-21
  406.000000000000         0.67511914E-04     -0.29842877E-19      0.21236691E-07     -0.20044707E-21
  407.000000000000         0.67528805E-04     -0.31342517E-19      0.16891493E-07     -0.14996403E-20
  408.000000000000         0.67544846E-04     -0.31437803E-19      0.16040672E-07     -0.95285861E-22
  409.000000000000         0.67562055E-04     -0.30886322E-19      0.17209496E-07      0.55148120E-21
  410.000000000000         0.67579139E-04     -0.31211926E-19      0.17083518E-07     -0.32560412E-21
  411.000000000000         0.67593860E-04     -0.31507302E-19      0.14721237E-07     -0.29537648E-21
  412.000000000000         0.67605361E-04     -0.32766875E-19      0.11500978E-07     -0.12595727E-20
  413.000000000000         0.67613360E-04     -0.33710814E-19      0.79988836E-08     -0.94393858E-21
  414.000000000000         0.67619630E-04     -0.33173442E-19      0.62704510E-08      0.53737106E-21
  415.000000000000         0.67625140E-04     -0.34165494E-19      0.55101953E-08     -0.99205184E-21
  416.000000000000         0.67628441E-04     -0.34365903E-19      0.33009090E-08     -0.20040897E-21
  417.000000000000         0.67629408E-04     -0.33415606E-19      0.96682485E-09      0.95029702E-21
  418.000000000000         0.67630158E-04     -0.35996562E-19      0.74946799E-09     -0.25809558E-20
  419.000000000000         0.67631127E-04     -0.34798221E-19      0.96892133E-09      0.11983415E-20
  420.000000000000         0.67631888E-04     -0.33847043E-19      0.76129476E-09      0.95117739E-21
  421.000000000000         0.67635991E-04     -0.31719145E-19      0.41026752E-08      0.21278985E-20
  422.000000000000         0.67649770E-04     -0.32902820E-19      0.13779389E-07     -0.11836750E-20
  423.000000000000         0.67674968E-04     -0.36106275E-19      0.25198326E-07     -0.32034558E-20
  424.000000000000         0.67707250E-04     -0.35693680E-19      0.32282134E-07      0.41259546E-21
  425.000000000000         0.67744350E-04     -0.34655373E-19      0.37099109E-07      0.10383070E-20
  426.000000000000         0.67787683E-04     -0.33893153E-19      0.43333138E-07      0.76221953E-21
  427.000000000000         0.67836529E-04     -0.32700344E-19      0.48846270E-07      0.11928091E-20
  428.000000000000         0.67884079E-04     -0.30132027E-19      0.47550151E-07      0.25683178E-20
  429.000000000000         0.67923288E-04     -0.29778561E-19      0.39209014E-07      0.35346540E-21
  430.000000000000         0.67952686E-04     -0.29828196E-19      0.29398296E-07     -0.49634313E-22
  431.000000000000         0.67974007E-04     -0.29609826E-19      0.21321048E-07      0.21836911E-21
  432.000000000000         0.67987674E-04     -0.29094570E-19      0.13666264E-07      0.51525661E-21
  433.000000000000         0.67992195E-04     -0.29777490E-19      0.45217272E-08     -0.68292020E-21
  434.000000000000         0.67986831E-04     -0.29774215E-19     -0.53647511E-08      0.32753581E-23
  435.000000000000         0.67975233E-04     -0.30530192E-19     -0.11597683E-07     -0.75597755E-21
  436.000000000000         0.67962939E-04     -0.30153707E-19     -0.12293650E-07      0.37648558E-21
  437.000000000000         0.67951345E-04     -0.29216062E-19     -0.11594544E-07      0.93764465E-21
  438.000000000000         0.67938342E-04     -0.28319245E-19     -0.13002786E-07      0.89681685E-21
  439.000000000000         0.67922825E-04     -0.29413342E-19     -0.15517229E-07     -0.10940970E-20
  440.000000000000         0.67906827E-04     -0.27844442E-19     -0.15997920E-07      0.15689004E-20
  441.000000000000         0.67892503E-04     -0.29527632E-19     -0.14324029E-07     -0.16831903E-20
  442.000000000000         0.67879835E-04     -0.30654174E-19     -0.12668072E-07     -0.11265416E-20
  443.000000000000         0.67867851E-04     -0.31282592E-19     -0.11983372E-07     -0.62841841E-21
  444.000000000000         0.67855996E-04     -0.31200059E-19     -0.11855828E-07      0.82532753E-22
  445.000000000000         0.67844875E-04     -0.32203853E-19     -0.11120308E-07     -0.10037938E-20
  446.000000000000         0.67836255E-04     -0.31751098E-19     -0.86205487E-08      0.45275464E-21
  447.000000000000         0.67832079E-04     -0.31823199E-19     -0.41757043E-08     -0.72100598E-22
  448.000000000000         0.67832738E-04     -0.33227906E-19      0.65932285E-09     -0.14047071E-20
  449.000000000000         0.67836663E-04     -0.33187346E-19      0.39243544E-08      0.40560377E-22
  450.000000000000         0.67842153E-04     -0.33080776E-19      0.54899911E-08      0.10656971E-21
  451.000000000000         0.67848638E-04     -0.34405028E-19      0.64852049E-08     -0.13242524E-20
  452.000000000000         0.67856108E-04     -0.34916311E-19      0.74705457E-08     -0.51128274E-21
  453.000000000000         0.67864531E-04     -0.35922855E-19      0.84223005E-08     -0.10065443E-20
  454.000000000000         0.67873072E-04     -0.36395020E-19      0.85411851E-08     -0.47216474E-21
  455.000000000000         0.67879728E-04     -0.36315151E-19      0.66562964E-08      0.79869000E-22
  456.000000000000         0.67882508E-04     -0.37610116E-19      0.27800493E-08     -0.12949647E-20
  457.000000000000         0.67881473E-04     -0.36434466E-19     -0.10349585E-08      0.11756495E-20
  458.000000000000         0.67878149E-04     -0.38520839E-19     -0.33242745E-08     -0.20863729E-20
  459.000000000000         0.67873107E-04     -0.38508861E-19     -0.50416398E-08      0.11977964E-22
  460.000000000000         0.67865126E-04     -0.38174980E-19     -0.79817366E-08      0.33388140E-21
  461.000000000000         0.67853048E-04     -0.39822288E-19     -0.12077568E-07     -0.16473083E-20
  462.000000000000         0.67839451E-04     -0.41312829E-19     -0.13597285E-07     -0.14905413E-20
  463.000000000000         0.67829301E-04     -0.42038736E-19     -0.10150185E-07     -0.72590648E-21
  464.000000000000         0.67824000E-04     -0.41198561E-19     -0.53009712E-08      0.84017531E-21
  465.000000000000         0.67821259E-04     -0.41220445E-19     -0.27405685E-08     -0.21884780E-22
  466.000000000000         0.67819514E-04     -0.40837069E-19     -0.17451833E-08      0.38337683E-21
  467.000000000000         0.67819642E-04     -0.43361922E-19      0.12854438E-09     -0.25248539E-20
  468.000000000000         0.67823148E-04     -0.44034015E-19      0.35055310E-08     -0.67209230E-21
  469.000000000000         0.67829488E-04     -0.43387804E-19      0.63398636E-08      0.64621091E-21
  470.000000000000         0.67836107E-04     -0.41454006E-19      0.66195369E-08      0.19337976E-20
  471.000000000000         0.67839950E-04     -0.41179041E-19      0.38423665E-08      0.27496497E-21
  472.000000000000         0.67838406E-04     -0.40463670E-19     -0.15441180E-08      0.71537153E-21
  473.000000000000         0.67831179E-04     -0.40465598E-19     -0.72270331E-08     -0.19282145E-23
  474.000000000000         0.67820541E-04     -0.42854771E-19     -0.10637504E-07     -0.23891727E-20
  475.000000000000         0.67808658E-04     -0.41260982E-19     -0.11883519E-07      0.15937891E-20
  476.000000000000         0.67795885E-04     -0.40123823E-19     -0.12772491E-07      0.11371589E-20
  477.000000000000         0.67782445E-04     -0.41902353E-19     -0.13440245E-07     -0.17785307E-20
  478.000000000000         0.67770674E-04     -0.40685283E-19     -0.11770781E-07      0.12170704E-20
  479.000000000000         0.67764053E-04     -0.43710612E-19     -0.66209797E-08     -0.30253289E-20
  480.000000000000         0.67763873E-04     -0.42977874E-19     -0.17991918E-09      0.73273758E-21
  481.000000000000         0.67768483E-04     -0.44665360E-19      0.46097790E-08     -0.16874856E-20
  482.000000000000         0.67775691E-04     -0.42759912E-19      0.72078169E-08      0.19054475E-20
  483.000000000000         0.67784075E-04     -0.43072218E-19      0.83843911E-08     -0.31230547E-21
  484.000000000000         0.67792401E-04     -0.46599066E-19      0.83260002E-08     -0.35268485E-20
  485.000000000000         0.67800072E-04     -0.45972821E-19      0.76710646E-08      0.62624516E-21
  486.000000000000         0.67807055E-04     -0.46785514E-19      0.69826965E-08     -0.81269307E-21
  487.000000000000         0.67812611E-04     -0.45894527E-19      0.55559089E-08      0.89098726E-21
  488.000000000000         0.67816851E-04     -0.44690069E-19      0.42406908E-08      0.12044576E-20
  489.000000000000         0.67822263E-04     -0.44263885E-19      0.54115084E-08      0.42618483E-21
  490.000000000000         0.67831541E-04     -0.43860196E-19      0.92782852E-08      0.40368892E-21
  491.000000000000         0.67845168E-04     -0.43998360E-19      0.13626548E-07     -0.13816447E-21
  492.000000000000         0.67863167E-04     -0.42001546E-19      0.17999357E-07      0.19968136E-20
  493.000000000000         0.67885267E-04     -0.41357440E-19      0.22099401E-07      0.64410646E-21
  494.000000000000         0.67909429E-04     -0.40612204E-19      0.24162642E-07      0.74523646E-21
  495.000000000000         0.67932116E-04     -0.41913377E-19      0.22686558E-07     -0.13011736E-20
  496.000000000000         0.67949761E-04     -0.42595110E-19      0.17645054E-07     -0.68173237E-21
  497.000000000000         0.67961283E-04     -0.43176336E-19      0.11522111E-07     -0.58122647E-21
  498.000000000000         0.67966912E-04     -0.42495327E-19      0.56295363E-08      0.68100947E-21
  499.000000000000         0.67964547E-04     -0.45089848E-19     -0.23654253E-08     -0.25945211E-20
  500.000000000000         0.67951708E-04     -0.46592080E-19     -0.12839101E-07     -0.15022327E-20
