 #            500
    0.000000000000         0.00000000E+00      0.00000000E+00      0.00000000E+00      0.00000000E+00
    1.000000000000         0.29475866E-18      0.23436104E-28      0.29475866E-18      0.23436104E-28
    2.000000000000         0.60597814E-14     -0.90245178E-30      0.60594867E-14     -0.24338556E-28
    3.000000000000         0.59352190E-12     -0.42607209E-26      0.58746212E-12     -0.42598184E-26
    4.000000000000         0.14466648E-10     -0.59568792E-26      0.13873126E-10     -0.16961583E-26
    5.000000000000         0.50102925E-10     -0.31168609E-25      0.35636277E-10     -0.25211730E-25
    6.000000000000         0.10277665E-09     -0.79937826E-25      0.52673727E-10     -0.48769217E-25
    7.000000000000         0.19551378E-09     -0.47780524E-24      0.92737127E-10     -0.39786741E-24
    8.000000000000         0.49504190E-09      0.34647148E-23      0.29952812E-09      0.39425200E-23
    9.000000000000         0.68117623E-08     -0.14499513E-22      0.63167204E-08     -0.17964228E-22
   10.000000000000         0.40336791E-07     -0.76750660E-22      0.33525029E-07     -0.62251147E-22
   11.000000000000         0.13327657E-06     -0.53119319E-21      0.92939779E-07     -0.45444253E-21
   12.000000000000         0.46492935E-06     -0.18465215E-21      0.33165278E-06      0.34654103E-21
   13.000000000000         0.12301892E-05      0.12462887E-20      0.76525981E-06      0.14309409E-20
   14.000000000000         0.21684031E-05      0.51046313E-21      0.93821393E-06     -0.73582562E-21
   15.000000000000         0.29787781E-05      0.73119575E-21      0.81037496E-06      0.22073262E-21
   16.000000000000         0.40619992E-05      0.50666473E-21      0.10832212E-05     -0.22453102E-21
   17.000000000000         0.55389789E-05     -0.11439964E-20      0.14769797E-05     -0.16506611E-20
   18.000000000000         0.69285167E-05      0.19484653E-20      0.13895378E-05      0.30924617E-20
   19.000000000000         0.79865918E-05      0.37345777E-22      0.10580751E-05     -0.19111195E-20
   20.000000000000         0.95514481E-05      0.40321466E-20      0.15648563E-05      0.39948008E-20
   21.000000000000         0.11078033E-04      0.22948862E-20      0.15265853E-05     -0.17372604E-20
   22.000000000000         0.11982401E-04      0.10108124E-20      0.90436805E-06     -0.12840738E-20
   23.000000000000         0.12308209E-04      0.10054760E-20      0.32580716E-06     -0.53363646E-23
   24.000000000000         0.13252897E-04      0.16751434E-20      0.94468846E-06      0.66966735E-21
   25.000000000000         0.14808850E-04      0.38904328E-20      0.15559528E-05      0.22152894E-20
   26.000000000000         0.15926187E-04      0.36851298E-20      0.11173367E-05     -0.20530295E-21
   27.000000000000         0.16166366E-04      0.42295120E-20      0.24017925E-06      0.54438214E-21
   28.000000000000         0.16422167E-04      0.21535727E-20      0.25580113E-06     -0.20759393E-20
   29.000000000000         0.17422775E-04      0.55595556E-20      0.10006078E-05      0.34059829E-20
   30.000000000000         0.19488054E-04     -0.12847569E-20      0.20652790E-05     -0.68443125E-20
   31.000000000000         0.20878464E-04     -0.33799735E-20      0.13904099E-05     -0.20952166E-20
   32.000000000000         0.21087971E-04     -0.33316619E-20      0.20950743E-06      0.48311664E-22
   33.000000000000         0.21576888E-04     -0.53827474E-20      0.48891735E-06     -0.20510856E-20
   34.000000000000         0.22739626E-04     -0.87922135E-20      0.11627373E-05     -0.34094661E-20
   35.000000000000         0.24307392E-04     -0.11585757E-19      0.15677660E-05     -0.27935439E-20
   36.000000000000         0.24853960E-04     -0.92565786E-20      0.54656803E-06      0.23291788E-20
   37.000000000000         0.24969951E-04     -0.88620335E-20      0.11599136E-06      0.39454514E-21
   38.000000000000         0.25399421E-04     -0.10354968E-19      0.42946956E-06     -0.14929341E-20
   39.000000000000         0.26628522E-04     -0.98626570E-20      0.12291013E-05      0.49231058E-21
   40.000000000000         0.27684442E-04     -0.12571846E-19      0.10559196E-05     -0.27091895E-20
   41.000000000000         0.27880803E-04     -0.13709635E-19      0.19636115E-06     -0.11377882E-20
   42.000000000000         0.27934468E-04     -0.13950482E-19      0.53665580E-07     -0.24084723E-21
   43.000000000000         0.27945623E-04     -0.12296267E-19      0.11154468E-07      0.16542146E-20
   44.000000000000         0.28217730E-04     -0.10139320E-19      0.27210766E-06      0.21569478E-20
   45.000000000000         0.28482955E-04     -0.10648622E-19      0.26522472E-06     -0.50930238E-21
   46.000000000000         0.28572105E-04     -0.10714089E-19      0.89150117E-07     -0.65467060E-22
   47.000000000000         0.28634974E-04     -0.14613697E-19      0.62869150E-07     -0.38996081E-20
   48.000000000000         0.28845196E-04     -0.95557362E-20      0.21022155E-06      0.50579610E-20
   49.000000000000         0.29229825E-04     -0.13892670E-19      0.38462915E-06     -0.43369339E-20
   50.000000000000         0.29360748E-04     -0.13979906E-19      0.13092259E-06     -0.87235596E-22
   51.000000000000         0.29526032E-04     -0.14395408E-19      0.16528387E-06     -0.41550227E-21
   52.000000000000         0.29877944E-04     -0.20229780E-19      0.35191246E-06     -0.58343723E-20
   53.000000000000         0.30716682E-04     -0.24583931E-19      0.83873777E-06     -0.43541505E-20
   54.000000000000         0.31489410E-04     -0.20560476E-19      0.77272811E-06      0.40234551E-20
   55.000000000000         0.32075514E-04     -0.18496774E-19      0.58610379E-06      0.20637021E-20
   56.000000000000         0.32897999E-04     -0.16818779E-19      0.82248535E-06      0.16779947E-20
   57.000000000000         0.33469503E-04     -0.20671753E-19      0.57150428E-06     -0.38529745E-20
   58.000000000000         0.34134206E-04     -0.26937891E-19      0.66470241E-06     -0.62661373E-20
   59.000000000000         0.34744407E-04     -0.24118476E-19      0.61020125E-06      0.28194150E-20
   60.000000000000         0.35940185E-04     -0.23660642E-19      0.11957781E-05      0.45783400E-21
   61.000000000000         0.37036648E-04     -0.34223471E-19      0.10964632E-05     -0.10562829E-19
   62.000000000000         0.37522130E-04     -0.30722797E-19      0.48548121E-06      0.35006739E-20
   63.000000000000         0.37854501E-04     -0.34216323E-19      0.33237145E-06     -0.34935263E-20
   64.000000000000         0.38643785E-04     -0.36692742E-19      0.78928380E-06     -0.24764190E-20
   65.000000000000         0.39758437E-04     -0.37633548E-19      0.11146519E-05     -0.94080564E-21
   66.000000000000         0.40378250E-04     -0.36241098E-19      0.61981383E-06      0.13924496E-20
   67.000000000000         0.40588834E-04     -0.35853320E-19      0.21058309E-06      0.38777777E-21
   68.000000000000         0.40901168E-04     -0.36459544E-19      0.31233479E-06     -0.60622386E-21
   69.000000000000         0.41521505E-04     -0.34960757E-19      0.62033627E-06      0.14987872E-20
   70.000000000000         0.41928627E-04     -0.35754561E-19      0.40712259E-06     -0.79380396E-21
   71.000000000000         0.41993565E-04     -0.34329647E-19      0.64937949E-07      0.14249140E-20
   72.000000000000         0.42114343E-04     -0.36062108E-19      0.12077753E-06     -0.17324609E-20
   73.000000000000         0.42530453E-04     -0.39339322E-19      0.41611030E-06     -0.32772146E-20
   74.000000000000         0.43189207E-04     -0.36937344E-19      0.65875430E-06      0.24019779E-20
   75.000000000000         0.43410817E-04     -0.35991217E-19      0.22160953E-06      0.94612731E-21
   76.000000000000         0.43469816E-04     -0.34236635E-19      0.58999355E-07      0.17545824E-20
   77.000000000000         0.43821016E-04     -0.33469270E-19      0.35119983E-06      0.76736503E-21
   78.000000000000         0.44690669E-04     -0.32501816E-19      0.86965333E-06      0.96745392E-21
   79.000000000000         0.45369506E-04     -0.39838468E-19      0.67883697E-06     -0.73366526E-20
   80.000000000000         0.45598326E-04     -0.39714437E-19      0.22881950E-06      0.12403123E-21
   81.000000000000         0.45942720E-04     -0.43866258E-19      0.34439373E-06     -0.41518210E-20
   82.000000000000         0.46773281E-04     -0.42600877E-19      0.83056155E-06      0.12653814E-20
   83.000000000000         0.47764392E-04     -0.40700840E-19      0.99111107E-06      0.19000363E-20
   84.000000000000         0.48311095E-04     -0.38154502E-19      0.54670236E-06      0.25463382E-20
   85.000000000000         0.48762013E-04     -0.34512582E-19      0.45091887E-06      0.36419201E-20
   86.000000000000         0.49325788E-04     -0.36996883E-19      0.56377415E-06     -0.24843006E-20
   87.000000000000         0.49955211E-04     -0.31630230E-19      0.62942392E-06      0.53666527E-20
   88.000000000000         0.50323086E-04     -0.33500058E-19      0.36787467E-06     -0.18698277E-20
   89.000000000000         0.50456231E-04     -0.32212342E-19      0.13314447E-06      0.12877157E-20
   90.000000000000         0.50491882E-04     -0.35931468E-19      0.35651314E-07     -0.37191261E-20
   91.000000000000         0.50636957E-04     -0.41522133E-19      0.14507466E-06     -0.55906647E-20
   92.000000000000         0.50850059E-04     -0.37347028E-19      0.21310270E-06      0.41751051E-20
   93.000000000000         0.50917069E-04     -0.38705227E-19      0.67010163E-07     -0.13581999E-20
   94.000000000000         0.50962191E-04     -0.41361849E-19      0.45121205E-07     -0.26566216E-20
   95.000000000000         0.51195863E-04     -0.47704657E-19      0.23367186E-06     -0.63428084E-20
   96.000000000000         0.51774991E-04     -0.52130108E-19      0.57912871E-06     -0.44254502E-20
   97.000000000000         0.52309194E-04     -0.53838962E-19      0.53420269E-06     -0.17088543E-20
   98.000000000000         0.52854792E-04     -0.48903338E-19      0.54559828E-06      0.49356235E-20
   99.000000000000         0.53411505E-04     -0.56849950E-19      0.55671295E-06     -0.79466112E-20
  100.000000000000         0.53872291E-04     -0.49750531E-19      0.46078625E-06      0.70994185E-20
  101.000000000000         0.54298032E-04     -0.52921278E-19      0.42574105E-06     -0.31707467E-20
  102.000000000000         0.54789940E-04     -0.57295374E-19      0.49190728E-06     -0.43740957E-20
  103.000000000000         0.55328534E-04     -0.53877828E-19      0.53859432E-06      0.34175456E-20
  104.000000000000         0.55699120E-04     -0.56886872E-19      0.37058588E-06     -0.30090437E-20
  105.000000000000         0.55937211E-04     -0.55502374E-19      0.23809134E-06      0.13844976E-20
  106.000000000000         0.56216905E-04     -0.56414315E-19      0.27969348E-06     -0.91194084E-21
  107.000000000000         0.56534662E-04     -0.51822688E-19      0.31775683E-06      0.45916267E-20
  108.000000000000         0.56679929E-04     -0.48658175E-19      0.14526761E-06      0.31645130E-20
  109.000000000000         0.56703494E-04     -0.46505948E-19      0.23565233E-07      0.21522274E-20
  110.000000000000         0.56730441E-04     -0.42949044E-19      0.26946155E-07      0.35569036E-20
  111.000000000000         0.56802562E-04     -0.43061697E-19      0.72121300E-07     -0.11265228E-21
  112.000000000000         0.56847319E-04     -0.46564470E-19      0.44756764E-07     -0.35027735E-20
  113.000000000000         0.56831790E-04     -0.50782637E-19     -0.15529135E-07     -0.42181673E-20
  114.000000000000         0.56877947E-04     -0.49929021E-19      0.46157027E-07      0.85361693E-21
  115.000000000000         0.57059150E-04     -0.48170514E-19      0.18120338E-06      0.17585067E-20
  116.000000000000         0.57361568E-04     -0.46832172E-19      0.30241834E-06      0.13383420E-20
  117.000000000000         0.57575133E-04     -0.49133010E-19      0.21356451E-06     -0.23008383E-20
  118.000000000000         0.57692386E-04     -0.44233403E-19      0.11725352E-06      0.48996075E-20
  119.000000000000         0.57889145E-04     -0.46410267E-19      0.19675883E-06     -0.21768646E-20
  120.000000000000         0.58204915E-04     -0.44689869E-19      0.31576955E-06      0.17203985E-20
  121.000000000000         0.58474202E-04     -0.46195511E-19      0.26928732E-06     -0.15056422E-20
  122.000000000000         0.58602015E-04     -0.47686208E-19      0.12781301E-06     -0.14906968E-20
  123.000000000000         0.58706144E-04     -0.42289586E-19      0.10412949E-06      0.53966213E-20
  124.000000000000         0.58843789E-04     -0.41473820E-19      0.13764407E-06      0.81576673E-21
  125.000000000000         0.58956291E-04     -0.40535636E-19      0.11250237E-06      0.93818375E-21
  126.000000000000         0.58972577E-04     -0.43921645E-19      0.16286170E-07     -0.33860092E-20
  127.000000000000         0.58955968E-04     -0.45061102E-19     -0.16609428E-07     -0.11394570E-20
  128.000000000000         0.58959596E-04     -0.50213830E-19      0.36283237E-08     -0.51527279E-20
  129.000000000000         0.59010875E-04     -0.54735233E-19      0.51279387E-07     -0.45214031E-20
  130.000000000000         0.59011945E-04     -0.56460882E-19      0.10697647E-08     -0.17256493E-20
  131.000000000000         0.58935993E-04     -0.55288698E-19     -0.75952487E-07      0.11721844E-20
  132.000000000000         0.58836934E-04     -0.57710821E-19     -0.99059012E-07     -0.24221227E-20
  133.000000000000         0.58838761E-04     -0.56138492E-19      0.18275321E-08      0.15723284E-20
  134.000000000000         0.58899607E-04     -0.53170295E-19      0.60845670E-07      0.29681974E-20
  135.000000000000         0.58933778E-04     -0.51727893E-19      0.34170788E-07      0.14424017E-20
  136.000000000000         0.58974307E-04     -0.48239967E-19      0.40529200E-07      0.34879258E-20
  137.000000000000         0.59104034E-04     -0.43716753E-19      0.12972670E-06      0.45232144E-20
  138.000000000000         0.59297655E-04     -0.50769501E-19      0.19362101E-06     -0.70527478E-20
  139.000000000000         0.59469862E-04     -0.52082380E-19      0.17220731E-06     -0.13128788E-20
  140.000000000000         0.59655456E-04     -0.49953714E-19      0.18559446E-06      0.21286657E-20
  141.000000000000         0.59859201E-04     -0.56327768E-19      0.20374429E-06     -0.63740537E-20
  142.000000000000         0.60056539E-04     -0.57018290E-19      0.19733830E-06     -0.69052201E-21
  143.000000000000         0.60239818E-04     -0.57154640E-19      0.18327933E-06     -0.13634999E-21
  144.000000000000         0.60428426E-04     -0.54390404E-19      0.18860824E-06      0.27642352E-20
  145.000000000000         0.60565862E-04     -0.52717153E-19      0.13743548E-06      0.16732518E-20
  146.000000000000         0.60633604E-04     -0.61708296E-19      0.67741655E-07     -0.89911433E-20
  147.000000000000         0.60660153E-04     -0.65986746E-19      0.26549029E-07     -0.42784499E-20
  148.000000000000         0.60655878E-04     -0.64956449E-19     -0.42750199E-08      0.10302964E-20
  149.000000000000         0.60605964E-04     -0.61775528E-19     -0.49914103E-07      0.31809212E-20
  150.000000000000         0.60541756E-04     -0.66594596E-19     -0.64207505E-07     -0.48190672E-20
  151.000000000000         0.60482699E-04     -0.65222777E-19     -0.59057300E-07      0.13718186E-20
  152.000000000000         0.60410583E-04     -0.64549188E-19     -0.72115885E-07      0.67358884E-21
  153.000000000000         0.60322032E-04     -0.65467229E-19     -0.88550900E-07     -0.91804090E-21
  154.000000000000         0.60256251E-04     -0.64279766E-19     -0.65781041E-07      0.11874633E-20
  155.000000000000         0.60236408E-04     -0.65541464E-19     -0.19842794E-07     -0.12616987E-20
  156.000000000000         0.60250051E-04     -0.62656969E-19      0.13643321E-07      0.28844958E-20
  157.000000000000         0.60296875E-04     -0.61340104E-19      0.46823468E-07      0.13168645E-20
  158.000000000000         0.60375451E-04     -0.54278214E-19      0.78575682E-07      0.70618898E-20
  159.000000000000         0.60462303E-04     -0.55413006E-19      0.86851935E-07     -0.11347914E-20
  160.000000000000         0.60553931E-04     -0.58406770E-19      0.91628316E-07     -0.29937647E-20
  161.000000000000         0.60664776E-04     -0.55462864E-19      0.11084550E-06      0.29439060E-20
  162.000000000000         0.60776310E-04     -0.55852279E-19      0.11153369E-06     -0.38941462E-21
  163.000000000000         0.60860222E-04     -0.56215182E-19      0.83912419E-07     -0.36290309E-21
  164.000000000000         0.60921141E-04     -0.52858772E-19      0.60918947E-07      0.33564103E-20
  165.000000000000         0.60981017E-04     -0.45845315E-19      0.59875370E-07      0.70134563E-20
  166.000000000000         0.61029159E-04     -0.53024778E-19      0.48142094E-07     -0.71794621E-20
  167.000000000000         0.61041800E-04     -0.51561626E-19      0.12640701E-07      0.14631518E-20
  168.000000000000         0.61027502E-04     -0.51603204E-19     -0.14297979E-07     -0.41578483E-22
  169.000000000000         0.60989714E-04     -0.52297278E-19     -0.37787282E-07     -0.69407406E-21
  170.000000000000         0.60927896E-04     -0.55411104E-19     -0.61817943E-07     -0.31138262E-20
  171.000000000000         0.60853485E-04     -0.56403957E-19     -0.74411413E-07     -0.99285226E-21
  172.000000000000         0.60772398E-04     -0.55705395E-19     -0.81086709E-07      0.69856117E-21
  173.000000000000         0.60688609E-04     -0.58016165E-19     -0.83789026E-07     -0.23107699E-20
  174.000000000000         0.60638819E-04     -0.61843810E-19     -0.49790184E-07     -0.38276448E-20
  175.000000000000         0.60640062E-04     -0.61368047E-19      0.12431258E-08      0.47576316E-21
  176.000000000000         0.60642177E-04     -0.66316420E-19      0.21144887E-08     -0.49483733E-20
  177.000000000000         0.60643587E-04     -0.62392571E-19      0.14101043E-08      0.39238491E-20
  178.000000000000         0.60692581E-04     -0.58898483E-19      0.48993768E-07      0.34940886E-20
  179.000000000000         0.60782748E-04     -0.62332017E-19      0.90167847E-07     -0.34335344E-20
  180.000000000000         0.60859497E-04     -0.54201340E-19      0.76748656E-07      0.81306774E-20
  181.000000000000         0.60918465E-04     -0.55798612E-19      0.58967510E-07     -0.15972723E-20
  182.000000000000         0.60980453E-04     -0.56674654E-19      0.61988642E-07     -0.87604166E-21
  183.000000000000         0.61046981E-04     -0.52261879E-19      0.66527483E-07      0.44127749E-20
  184.000000000000         0.61087562E-04     -0.50708587E-19      0.40581384E-07      0.15532921E-20
  185.000000000000         0.61083516E-04     -0.51580818E-19     -0.40462087E-08     -0.87223110E-21
  186.000000000000         0.61032641E-04     -0.50079166E-19     -0.50874553E-07      0.15016515E-20
  187.000000000000         0.60972007E-04     -0.54114093E-19     -0.60634333E-07     -0.40349266E-20
  188.000000000000         0.60923586E-04     -0.57799674E-19     -0.48420710E-07     -0.36855810E-20
  189.000000000000         0.60870495E-04     -0.53811686E-19     -0.53090781E-07      0.39879881E-20
  190.000000000000         0.60812218E-04     -0.59424943E-19     -0.58277669E-07     -0.56132569E-20
  191.000000000000         0.60776112E-04     -0.54172183E-19     -0.36106253E-07      0.52527595E-20
  192.000000000000         0.60760821E-04     -0.51426216E-19     -0.15290598E-07      0.27459669E-20
  193.000000000000         0.60756072E-04     -0.50114309E-19     -0.47490351E-08      0.13119072E-20
  194.000000000000         0.60771159E-04     -0.52099903E-19      0.15087109E-07     -0.19855941E-20
  195.000000000000         0.60814168E-04     -0.46836770E-19      0.43008771E-07      0.52631328E-20
  196.000000000000         0.60876256E-04     -0.41305909E-19      0.62088657E-07      0.55308614E-20
  197.000000000000         0.60949789E-04     -0.35531823E-19      0.73532496E-07      0.57740858E-20
  198.000000000000         0.61026082E-04     -0.35761776E-19      0.76293277E-07     -0.22995336E-21
  199.000000000000         0.61086686E-04     -0.32107953E-19      0.60603541E-07      0.36538236E-20
  200.000000000000         0.61114421E-04     -0.33672126E-19      0.27735082E-07     -0.15641730E-20
  201.000000000000         0.61118943E-04     -0.28666269E-19      0.45224920E-08      0.50058572E-20
  202.000000000000         0.61110942E-04     -0.25358415E-19     -0.80010367E-08      0.33078536E-20
  203.000000000000         0.61093718E-04     -0.20399649E-19     -0.17223834E-07      0.49587664E-20
  204.000000000000         0.61074808E-04     -0.21974888E-19     -0.18910500E-07     -0.15752395E-20
  205.000000000000         0.61061590E-04     -0.20350123E-19     -0.13218122E-07      0.16247655E-20
  206.000000000000         0.61054852E-04     -0.20332770E-19     -0.67374593E-08      0.17352450E-22
  207.000000000000         0.61051538E-04     -0.21207188E-19     -0.33148495E-08     -0.87441754E-21
  208.000000000000         0.61044899E-04     -0.23680081E-19     -0.66387392E-08     -0.24728933E-20
  209.000000000000         0.61038732E-04     -0.22796770E-19     -0.61670549E-08      0.88331109E-21
  210.000000000000         0.61040752E-04     -0.17458283E-19      0.20205104E-08      0.53384866E-20
  211.000000000000         0.61060632E-04     -0.12811611E-19      0.19879642E-07      0.46466727E-20
  212.000000000000         0.61100545E-04     -0.13697940E-19      0.39912814E-07     -0.88632937E-21
  213.000000000000         0.61150326E-04     -0.21793889E-19      0.49781216E-07     -0.80959485E-20
  214.000000000000         0.61214622E-04     -0.19663035E-19      0.64295968E-07      0.21308538E-20
  215.000000000000         0.61310306E-04     -0.24767440E-19      0.95683871E-07     -0.51044053E-20
  216.000000000000         0.61421253E-04     -0.25971431E-19      0.11094735E-06     -0.12039911E-20
  217.000000000000         0.61510305E-04     -0.20947271E-19      0.89052400E-07      0.50241605E-20
  218.000000000000         0.61573250E-04     -0.17216088E-19      0.62944151E-07      0.37311830E-20
  219.000000000000         0.61630907E-04     -0.15841016E-19      0.57657481E-07      0.13750714E-20
  220.000000000000         0.61694682E-04     -0.21631031E-19      0.63775115E-07     -0.57900144E-20
  221.000000000000         0.61763854E-04     -0.19068365E-19      0.69172127E-07      0.25626656E-20
  222.000000000000         0.61844015E-04     -0.16828881E-19      0.80160720E-07      0.22394839E-20
  223.000000000000         0.61942779E-04     -0.17421880E-19      0.98763737E-07     -0.59299835E-21
  224.000000000000         0.62042067E-04     -0.25425098E-19      0.99288291E-07     -0.80032185E-20
  225.000000000000         0.62120528E-04     -0.22455087E-19      0.78461309E-07      0.29700108E-20
  226.000000000000         0.62174262E-04     -0.24395102E-19      0.53733745E-07     -0.19400149E-20
  227.000000000000         0.62205928E-04     -0.24187826E-19      0.31666203E-07      0.20727613E-21
  228.000000000000         0.62220899E-04     -0.26012027E-19      0.14970437E-07     -0.18242007E-20
  229.000000000000         0.62230396E-04     -0.28906688E-19      0.94975252E-08     -0.28946616E-20
  230.000000000000         0.62239710E-04     -0.26468254E-19      0.93134910E-08      0.24384342E-20
  231.000000000000         0.62259046E-04     -0.29384378E-19      0.19336321E-07     -0.29161235E-20
  232.000000000000         0.62304597E-04     -0.26505439E-19      0.45550534E-07      0.28789386E-20
  233.000000000000         0.62370558E-04     -0.24382802E-19      0.65961584E-07      0.21226367E-20
  234.000000000000         0.62442136E-04     -0.24612029E-19      0.71577642E-07     -0.22922603E-21
  235.000000000000         0.62525207E-04     -0.23481685E-19      0.83071345E-07      0.11303434E-20
  236.000000000000         0.62624662E-04     -0.19211949E-19      0.99454484E-07      0.42697361E-20
  237.000000000000         0.62728380E-04     -0.20998573E-19      0.10371850E-06     -0.17866236E-20
  238.000000000000         0.62828773E-04     -0.21236408E-19      0.10039271E-06     -0.23783539E-21
  239.000000000000         0.62931079E-04     -0.23024873E-19      0.10230559E-06     -0.17884649E-20
  240.000000000000         0.63039089E-04     -0.21312174E-19      0.10801034E-06      0.17126994E-20
  241.000000000000         0.63142097E-04     -0.21637827E-19      0.10300833E-06     -0.32565321E-21
  242.000000000000         0.63222338E-04     -0.22203760E-19      0.80241097E-07     -0.56593277E-21
  243.000000000000         0.63266852E-04     -0.25123231E-19      0.44513728E-07     -0.29194716E-20
  244.000000000000         0.63283292E-04     -0.24052786E-19      0.16440351E-07      0.10704447E-20
  245.000000000000         0.63290752E-04     -0.24997215E-19      0.74594781E-08     -0.94442843E-21
  246.000000000000         0.63301399E-04     -0.24355818E-19      0.10647212E-07      0.64139691E-21
  247.000000000000         0.63312465E-04     -0.24914877E-19      0.11065769E-07     -0.55905900E-21
  248.000000000000         0.63319684E-04     -0.23190705E-19      0.72192050E-08      0.17241722E-20
  249.000000000000         0.63320034E-04     -0.18648584E-19      0.34952720E-09      0.45421211E-20
  250.000000000000         0.63316394E-04     -0.24159182E-19     -0.36396489E-08     -0.55105983E-20
  251.000000000000         0.63314368E-04     -0.23959043E-19     -0.20256542E-08      0.20013879E-21
  252.000000000000         0.63315526E-04     -0.22843904E-19      0.11575386E-08      0.11151397E-20
  253.000000000000         0.63320847E-04     -0.26013150E-19      0.53209211E-08     -0.31692462E-20
  254.000000000000         0.63334320E-04     -0.25573138E-19      0.13473357E-07      0.44001165E-21
  255.000000000000         0.63361811E-04     -0.25384629E-19      0.27490822E-07      0.18850884E-21
  256.000000000000         0.63406158E-04     -0.27242503E-19      0.44347050E-07     -0.18578737E-20
  257.000000000000         0.63467348E-04     -0.27526953E-19      0.61189736E-07     -0.28444973E-21
  258.000000000000         0.63543267E-04     -0.22409336E-19      0.75919460E-07      0.51176169E-20
  259.000000000000         0.63626645E-04     -0.22513400E-19      0.83377670E-07     -0.10406455E-21
  260.000000000000         0.63708002E-04     -0.25436904E-19      0.81356898E-07     -0.29235035E-20
  261.000000000000         0.63780913E-04     -0.26863309E-19      0.72910880E-07     -0.14264057E-20
  262.000000000000         0.63846750E-04     -0.25762605E-19      0.65837769E-07      0.11007042E-20
  263.000000000000         0.63910056E-04     -0.23612465E-19      0.63305321E-07      0.21501403E-20
  264.000000000000         0.63974073E-04     -0.26500000E-19      0.64017458E-07     -0.28875355E-20
  265.000000000000         0.64033822E-04     -0.26172071E-19      0.59748808E-07      0.32792903E-21
  266.000000000000         0.64083900E-04     -0.27946215E-19      0.50077599E-07     -0.17741435E-20
  267.000000000000         0.64126171E-04     -0.26548915E-19      0.42271749E-07      0.13972995E-20
  268.000000000000         0.64165963E-04     -0.27334408E-19      0.39791329E-07     -0.78549222E-21
  269.000000000000         0.64204428E-04     -0.28158194E-19      0.38465453E-07     -0.82378648E-21
  270.000000000000         0.64233767E-04     -0.28822268E-19      0.29339125E-07     -0.66407363E-21
  271.000000000000         0.64247844E-04     -0.27899023E-19      0.14076569E-07      0.92324482E-21
  272.000000000000         0.64255394E-04     -0.29767790E-19      0.75503527E-08     -0.18687672E-20
  273.000000000000         0.64270072E-04     -0.28838156E-19      0.14677720E-07      0.92963406E-21
  274.000000000000         0.64293117E-04     -0.28908074E-19      0.23045578E-07     -0.69918336E-22
  275.000000000000         0.64316314E-04     -0.31284068E-19      0.23196545E-07     -0.23759939E-20
  276.000000000000         0.64335213E-04     -0.33247902E-19      0.18898622E-07     -0.19638337E-20
  277.000000000000         0.64352438E-04     -0.34662871E-19      0.17225180E-07     -0.14149687E-20
  278.000000000000         0.64375811E-04     -0.36559753E-19      0.23373150E-07     -0.18968828E-20
  279.000000000000         0.64405725E-04     -0.38166495E-19      0.29914535E-07     -0.16067412E-20
  280.000000000000         0.64433493E-04     -0.37881182E-19      0.27767299E-07      0.28531292E-21
  281.000000000000         0.64451303E-04     -0.37874873E-19      0.17810467E-07      0.63088010E-23
  282.000000000000         0.64459864E-04     -0.35920752E-19      0.85605789E-08      0.19541211E-20
  283.000000000000         0.64468834E-04     -0.37473753E-19      0.89704324E-08     -0.15530015E-20
  284.000000000000         0.64485051E-04     -0.35440713E-19      0.16216776E-07      0.20330402E-20
  285.000000000000         0.64506900E-04     -0.34138173E-19      0.21848929E-07      0.13025403E-20
  286.000000000000         0.64529685E-04     -0.35809681E-19      0.22785155E-07     -0.16715079E-20
  287.000000000000         0.64551506E-04     -0.36177881E-19      0.21820731E-07     -0.36820065E-21
  288.000000000000         0.64576469E-04     -0.36385682E-19      0.24963621E-07     -0.20780027E-21
  289.000000000000         0.64608931E-04     -0.34794501E-19      0.32461193E-07      0.15911807E-20
  290.000000000000         0.64645060E-04     -0.36224374E-19      0.36129699E-07     -0.14298733E-20
  291.000000000000         0.64675892E-04     -0.35406579E-19      0.30831269E-07      0.81779565E-21
  292.000000000000         0.64697169E-04     -0.34847763E-19      0.21277417E-07      0.55881552E-21
  293.000000000000         0.64710966E-04     -0.35723699E-19      0.13797224E-07     -0.87593632E-21
  294.000000000000         0.64722911E-04     -0.36892707E-19      0.11944928E-07     -0.11690074E-20
  295.000000000000         0.64736655E-04     -0.36494213E-19      0.13743823E-07      0.39849349E-21
  296.000000000000         0.64749745E-04     -0.35978845E-19      0.13089558E-07      0.51536784E-21
  297.000000000000         0.64758945E-04     -0.35553485E-19      0.92003289E-08      0.42536070E-21
  298.000000000000         0.64764703E-04     -0.34939284E-19      0.57585838E-08      0.61420108E-21
  299.000000000000         0.64771744E-04     -0.32139413E-19      0.70407756E-08      0.27998705E-20
  300.000000000000         0.64784569E-04     -0.32720836E-19      0.12824474E-07     -0.58142284E-21
  301.000000000000         0.64802984E-04     -0.33508228E-19      0.18415593E-07     -0.78739235E-21
  302.000000000000         0.64824205E-04     -0.32833467E-19      0.21220562E-07      0.67476159E-21
  303.000000000000         0.64845129E-04     -0.32076080E-19      0.20924045E-07      0.75738713E-21
  304.000000000000         0.64866044E-04     -0.32629941E-19      0.20914672E-07     -0.55386153E-21
  305.000000000000         0.64891041E-04     -0.31967466E-19      0.24997042E-07      0.66247462E-21
  306.000000000000         0.64921479E-04     -0.33047622E-19      0.30438134E-07     -0.10801554E-20
  307.000000000000         0.64952395E-04     -0.34528261E-19      0.30916379E-07     -0.14806392E-20
  308.000000000000         0.64977436E-04     -0.37600769E-19      0.25041337E-07     -0.30725074E-20
  309.000000000000         0.64995324E-04     -0.38280647E-19      0.17887179E-07     -0.67987836E-21
  310.000000000000         0.65012634E-04     -0.39282202E-19      0.17310842E-07     -0.10015556E-20
  311.000000000000         0.65036872E-04     -0.38124424E-19      0.24237747E-07      0.11577781E-20
  312.000000000000         0.65067144E-04     -0.36654734E-19      0.30271916E-07      0.14696907E-20
  313.000000000000         0.65097766E-04     -0.36862516E-19      0.30622038E-07     -0.20778229E-21
  314.000000000000         0.65127143E-04     -0.35801175E-19      0.29376873E-07      0.10613414E-20
  315.000000000000         0.65158068E-04     -0.35304999E-19      0.30924972E-07      0.49617552E-21
  316.000000000000         0.65192764E-04     -0.34927305E-19      0.34696315E-07      0.37769417E-21
  317.000000000000         0.65229919E-04     -0.33317920E-19      0.37154379E-07      0.16093848E-20
  318.000000000000         0.65265826E-04     -0.33264663E-19      0.35907547E-07      0.53257056E-22
  319.000000000000         0.65297009E-04     -0.34359685E-19      0.31182666E-07     -0.10950223E-20
  320.000000000000         0.65322021E-04     -0.35179139E-19      0.25012085E-07     -0.81945413E-21
  321.000000000000         0.65342938E-04     -0.35094764E-19      0.20916593E-07      0.84375839E-22
  322.000000000000         0.65363641E-04     -0.34285608E-19      0.20703167E-07      0.80915549E-21
  323.000000000000         0.65386601E-04     -0.34489834E-19      0.22959732E-07     -0.20422548E-21
  324.000000000000         0.65411208E-04     -0.32840930E-19      0.24607635E-07      0.16489038E-20
  325.000000000000         0.65434006E-04     -0.30550729E-19      0.22798298E-07      0.22902008E-20
  326.000000000000         0.65453968E-04     -0.30484232E-19      0.19961877E-07      0.66496843E-22
  327.000000000000         0.65474978E-04     -0.31945761E-19      0.21009866E-07     -0.14615285E-20
  328.000000000000         0.65500807E-04     -0.31260676E-19      0.25829089E-07      0.68508476E-21
  329.000000000000         0.65530599E-04     -0.31238391E-19      0.29791900E-07      0.22284484E-22
  330.000000000000         0.65560464E-04     -0.30324114E-19      0.29865137E-07      0.91427776E-21
  331.000000000000         0.65588601E-04     -0.32498057E-19      0.28136505E-07     -0.21739431E-20
  332.000000000000         0.65616832E-04     -0.31202894E-19      0.28230750E-07      0.12951625E-20
  333.000000000000         0.65647806E-04     -0.32588793E-19      0.30974136E-07     -0.13858984E-20
  334.000000000000         0.65681289E-04     -0.32444742E-19      0.33483042E-07      0.14405078E-21
  335.000000000000         0.65713308E-04     -0.32875169E-19      0.32018882E-07     -0.43042716E-21
  336.000000000000         0.65740047E-04     -0.34945034E-19      0.26739114E-07     -0.20698644E-20
  337.000000000000         0.65761945E-04     -0.34843692E-19      0.21897846E-07      0.10134112E-21
  338.000000000000         0.65781669E-04     -0.36156568E-19      0.19724436E-07     -0.13128751E-20
  339.000000000000         0.65801953E-04     -0.33766143E-19      0.20283829E-07      0.23904245E-20
  340.000000000000         0.65823453E-04     -0.33161587E-19      0.21500052E-07      0.60455572E-21
  341.000000000000         0.65845001E-04     -0.34334427E-19      0.21547592E-07     -0.11728401E-20
  342.000000000000         0.65866683E-04     -0.35614457E-19      0.21682574E-07     -0.12800296E-20
  343.000000000000         0.65890326E-04     -0.34730353E-19      0.23642978E-07      0.88410419E-21
  344.000000000000         0.65916346E-04     -0.32313848E-19      0.26020245E-07      0.24165053E-20
  345.000000000000         0.65942574E-04     -0.34019267E-19      0.26227284E-07     -0.17054190E-20
  346.000000000000         0.65966838E-04     -0.34645429E-19      0.24264242E-07     -0.62616251E-21
  347.000000000000         0.65988384E-04     -0.34974966E-19      0.21545730E-07     -0.32953723E-21
  348.000000000000         0.66006763E-04     -0.37544193E-19      0.18379288E-07     -0.25692264E-20
  349.000000000000         0.66021894E-04     -0.39029023E-19      0.15130762E-07     -0.14848304E-20
  350.000000000000         0.66035113E-04     -0.40695710E-19      0.13219602E-07     -0.16666871E-20
  351.000000000000         0.66048985E-04     -0.40586674E-19      0.13871804E-07      0.10903641E-21
  352.000000000000         0.66064778E-04     -0.38825378E-19      0.15792482E-07      0.17612956E-20
  353.000000000000         0.66082451E-04     -0.37216151E-19      0.17673940E-07      0.16092270E-20
  354.000000000000         0.66103523E-04     -0.37973251E-19      0.21071648E-07     -0.75709974E-21
  355.000000000000         0.66130627E-04     -0.39674487E-19      0.27104226E-07     -0.17012359E-20
  356.000000000000         0.66163363E-04     -0.40861895E-19      0.32735842E-07     -0.11874076E-20
  357.000000000000         0.66197646E-04     -0.39676609E-19      0.34282434E-07      0.11852859E-20
  358.000000000000         0.66230195E-04     -0.39735189E-19      0.32549563E-07     -0.58580448E-22
  359.000000000000         0.66260606E-04     -0.38537486E-19      0.30410490E-07      0.11977029E-20
  360.000000000000         0.66289833E-04     -0.40190828E-19      0.29227380E-07     -0.16533418E-20
  361.000000000000         0.66318702E-04     -0.39687622E-19      0.28869317E-07      0.50320620E-21
  362.000000000000         0.66346988E-04     -0.40786228E-19      0.28286088E-07     -0.10986062E-20
  363.000000000000         0.66374607E-04     -0.42790379E-19      0.27618735E-07     -0.20041509E-20
  364.000000000000         0.66402251E-04     -0.43348170E-19      0.27643371E-07     -0.55779152E-21
  365.000000000000         0.66430015E-04     -0.42612788E-19      0.27764469E-07      0.73538258E-21
  366.000000000000         0.66457146E-04     -0.43541073E-19      0.27131384E-07     -0.92828478E-21
  367.000000000000         0.66484080E-04     -0.44619063E-19      0.26933642E-07     -0.10779903E-20
  368.000000000000         0.66511109E-04     -0.41363294E-19      0.27029260E-07      0.32557690E-20
  369.000000000000         0.66537363E-04     -0.40732184E-19      0.26253493E-07      0.63110958E-21
  370.000000000000         0.66562034E-04     -0.39443042E-19      0.24671545E-07      0.12891421E-20
  371.000000000000         0.66585072E-04     -0.38940223E-19      0.23037324E-07      0.50281917E-21
  372.000000000000         0.66606419E-04     -0.41209644E-19      0.21347731E-07     -0.22694214E-20
  373.000000000000         0.66624858E-04     -0.41048480E-19      0.18438550E-07      0.16116444E-21
  374.000000000000         0.66638728E-04     -0.42157675E-19      0.13870474E-07     -0.11091949E-20
  375.000000000000         0.66648939E-04     -0.43110984E-19      0.10210604E-07     -0.95330878E-21
  376.000000000000         0.66658496E-04     -0.44161786E-19      0.95570841E-08     -0.10508027E-20
  377.000000000000         0.66670312E-04     -0.45882984E-19      0.11815596E-07     -0.17211981E-20
  378.000000000000         0.66685370E-04     -0.43563049E-19      0.15058796E-07      0.23199357E-20
  379.000000000000         0.66702467E-04     -0.43293479E-19      0.17096111E-07      0.26956951E-21
  380.000000000000         0.66720533E-04     -0.44248501E-19      0.18065963E-07     -0.95502161E-21
  381.000000000000         0.66739769E-04     -0.44968177E-19      0.19236416E-07     -0.71967603E-21
  382.000000000000         0.66760786E-04     -0.44736035E-19      0.21017344E-07      0.23214196E-21
  383.000000000000         0.66783934E-04     -0.43545690E-19      0.23148082E-07      0.11903445E-20
  384.000000000000         0.66808907E-04     -0.43516224E-19      0.24973026E-07      0.29465971E-22
  385.000000000000         0.66835346E-04     -0.41874003E-19      0.26438210E-07      0.16422211E-20
  386.000000000000         0.66863178E-04     -0.42384192E-19      0.27832036E-07     -0.51018903E-21
  387.000000000000         0.66893142E-04     -0.43253412E-19      0.29964113E-07     -0.86921970E-21
  388.000000000000         0.66925958E-04     -0.43479288E-19      0.32816583E-07     -0.22587604E-21
  389.000000000000         0.66959854E-04     -0.42512227E-19      0.33895792E-07      0.96706092E-21
  390.000000000000         0.66991557E-04     -0.43008046E-19      0.31702596E-07     -0.49581866E-21
  391.000000000000         0.67020821E-04     -0.41719694E-19      0.29264286E-07      0.12883520E-20
  392.000000000000         0.67050481E-04     -0.42135759E-19      0.29659704E-07     -0.41606495E-21
  393.000000000000         0.67082003E-04     -0.41905569E-19      0.31522334E-07      0.23019008E-21
  394.000000000000         0.67115230E-04     -0.40385712E-19      0.33227388E-07      0.15198567E-20
  395.000000000000         0.67150585E-04     -0.38027529E-19      0.35354999E-07      0.23581834E-20
  396.000000000000         0.67187822E-04     -0.38818263E-19      0.37236121E-07     -0.79073430E-21
  397.000000000000         0.67225159E-04     -0.36561802E-19      0.37337624E-07      0.22564609E-20
  398.000000000000         0.67262658E-04     -0.37333785E-19      0.37498485E-07     -0.77198259E-21
  399.000000000000         0.67301064E-04     -0.38522358E-19      0.38406669E-07     -0.11885730E-20
  400.000000000000         0.67338941E-04     -0.37553471E-19      0.37876674E-07      0.96888677E-21
  401.000000000000         0.67373611E-04     -0.36084680E-19      0.34670365E-07      0.14687906E-20
  402.000000000000         0.67405381E-04     -0.37141721E-19      0.31769575E-07     -0.10570404E-20
  403.000000000000         0.67435473E-04     -0.36161101E-19      0.30091804E-07      0.98061963E-21
  404.000000000000         0.67464452E-04     -0.36717785E-19      0.28979247E-07     -0.55668351E-21
  405.000000000000         0.67490677E-04     -0.35184937E-19      0.26224807E-07      0.15328471E-20
  406.000000000000         0.67511914E-04     -0.37677693E-19      0.21236691E-07     -0.24927550E-20
  407.000000000000         0.67528805E-04     -0.37606345E-19      0.16891493E-07      0.71347174E-22
  408.000000000000         0.67544846E-04     -0.36537607E-19      0.16040672E-07      0.10687385E-20
  409.000000000000         0.67562055E-04     -0.37438562E-19      0.17209496E-07     -0.90095557E-21
  410.000000000000         0.67579139E-04     -0.37489916E-19      0.17083518E-07     -0.51353883E-22
  411.000000000000         0.67593860E-04     -0.35874872E-19      0.14721237E-07      0.16150445E-20
  412.000000000000         0.67605361E-04     -0.34425192E-19      0.11500978E-07      0.14496796E-20
  413.000000000000         0.67613360E-04     -0.32276252E-19      0.79988835E-08      0.21489399E-20
  414.000000000000         0.67619630E-04     -0.33253943E-19      0.62704510E-08     -0.97769023E-21
  415.000000000000         0.67625140E-04     -0.34564399E-19      0.55101953E-08     -0.13104569E-20
  416.000000000000         0.67628441E-04     -0.34331474E-19      0.33009091E-08      0.23292544E-21
  417.000000000000         0.67629408E-04     -0.33072457E-19      0.96682496E-09      0.12590168E-20
  418.000000000000         0.67630158E-04     -0.31663370E-19      0.74946806E-09      0.14090875E-20
  419.000000000000         0.67631127E-04     -0.31476879E-19      0.96892132E-09      0.18649060E-21
  420.000000000000         0.67631888E-04     -0.32054905E-19      0.76129468E-09     -0.57802590E-21
  421.000000000000         0.67635991E-04     -0.32601376E-19      0.41026751E-08     -0.54647134E-21
  422.000000000000         0.67649770E-04     -0.33763548E-19      0.13779389E-07     -0.11621712E-20
  423.000000000000         0.67674968E-04     -0.34258031E-19      0.25198326E-07     -0.49448328E-21
  424.000000000000         0.67707250E-04     -0.36386983E-19      0.32282134E-07     -0.21289520E-20
  425.000000000000         0.67744350E-04     -0.39685975E-19      0.37099109E-07     -0.32989922E-20
  426.000000000000         0.67787683E-04     -0.38876575E-19      0.43333138E-07      0.80940040E-21
  427.000000000000         0.67836529E-04     -0.37456096E-19      0.48846270E-07      0.14204788E-20
  428.000000000000         0.67884079E-04     -0.37697622E-19      0.47550151E-07     -0.24152562E-21
  429.000000000000         0.67923288E-04     -0.38106946E-19      0.39209014E-07     -0.40932479E-21
  430.000000000000         0.67952686E-04     -0.38649984E-19      0.29398296E-07     -0.54303798E-21
  431.000000000000         0.67974007E-04     -0.38812812E-19      0.21321048E-07     -0.16282733E-21
  432.000000000000         0.67987674E-04     -0.39193754E-19      0.13666264E-07     -0.38094244E-21
  433.000000000000         0.67992195E-04     -0.39373729E-19      0.45217271E-08     -0.17997539E-21
  434.000000000000         0.67986831E-04     -0.40424656E-19     -0.53647511E-08     -0.10509264E-20
  435.000000000000         0.67975233E-04     -0.40343193E-19     -0.11597683E-07      0.81463226E-22
  436.000000000000         0.67962939E-04     -0.38231321E-19     -0.12293650E-07      0.21118713E-20
  437.000000000000         0.67951345E-04     -0.35642525E-19     -0.11594544E-07      0.25887965E-20
  438.000000000000         0.67938342E-04     -0.36223832E-19     -0.13002785E-07     -0.58130735E-21
  439.000000000000         0.67922825E-04     -0.35944385E-19     -0.15517229E-07      0.27944726E-21
  440.000000000000         0.67906827E-04     -0.36541408E-19     -0.15997920E-07     -0.59702263E-21
  441.000000000000         0.67892503E-04     -0.37447264E-19     -0.14324029E-07     -0.90585649E-21
  442.000000000000         0.67879835E-04     -0.38581945E-19     -0.12668072E-07     -0.11346808E-20
  443.000000000000         0.67867851E-04     -0.38830260E-19     -0.11983372E-07     -0.24831504E-21
  444.000000000000         0.67855996E-04     -0.39171770E-19     -0.11855828E-07     -0.34151046E-21
  445.000000000000         0.67844875E-04     -0.40438694E-19     -0.11120308E-07     -0.12669241E-20
  446.000000000000         0.67836255E-04     -0.41308995E-19     -0.86205486E-08     -0.87030093E-21
  447.000000000000         0.67832079E-04     -0.41904606E-19     -0.41757042E-08     -0.59561078E-21
  448.000000000000         0.67832738E-04     -0.43043558E-19      0.65932291E-09     -0.11389518E-20
  449.000000000000         0.67836663E-04     -0.44257000E-19      0.39243544E-08     -0.12134424E-20
  450.000000000000         0.67842153E-04     -0.42167070E-19      0.54899910E-08      0.20899302E-20
  451.000000000000         0.67848638E-04     -0.42193871E-19      0.64852047E-08     -0.26800635E-22
  452.000000000000         0.67856108E-04     -0.43084723E-19      0.74705456E-08     -0.89085216E-21
  453.000000000000         0.67864531E-04     -0.44639278E-19      0.84223004E-08     -0.15545547E-20
  454.000000000000         0.67873072E-04     -0.47270752E-19      0.85411851E-08     -0.26314738E-20
  455.000000000000         0.67879728E-04     -0.48507810E-19      0.66562964E-08     -0.12370582E-20
  456.000000000000         0.67882508E-04     -0.50220615E-19      0.27800494E-08     -0.17128056E-20
  457.000000000000         0.67881473E-04     -0.50084858E-19     -0.10349583E-08      0.13575758E-21
  458.000000000000         0.67878149E-04     -0.50629162E-19     -0.33242744E-08     -0.54430394E-21
  459.000000000000         0.67873107E-04     -0.49374915E-19     -0.50416397E-08      0.12542461E-20
  460.000000000000         0.67865126E-04     -0.49565308E-19     -0.79817367E-08     -0.19039246E-21
  461.000000000000         0.67853048E-04     -0.48392904E-19     -0.12077568E-07      0.11724039E-20
  462.000000000000         0.67839451E-04     -0.47436887E-19     -0.13597285E-07      0.95601732E-21
  463.000000000000         0.67829301E-04     -0.50573413E-19     -0.10150185E-07     -0.31365267E-20
  464.000000000000         0.67824000E-04     -0.52706084E-19     -0.53009712E-08     -0.21326701E-20
  465.000000000000         0.67821259E-04     -0.54905717E-19     -0.27405685E-08     -0.21996330E-20
  466.000000000000         0.67819514E-04     -0.53033323E-19     -0.17451832E-08      0.18723933E-20
  467.000000000000         0.67819642E-04     -0.53195214E-19      0.12854455E-09     -0.16189099E-21
  468.000000000000         0.67823148E-04     -0.53060662E-19      0.35055311E-08      0.13455195E-21
  469.000000000000         0.67829488E-04     -0.53891969E-19      0.63398636E-08     -0.83130690E-21
  470.000000000000         0.67836107E-04     -0.54406350E-19      0.66195369E-08     -0.51438123E-21
  471.000000000000         0.67839950E-04     -0.55509978E-19      0.38423664E-08     -0.11036278E-20
  472.000000000000         0.67838406E-04     -0.55211301E-19     -0.15441182E-08      0.29867762E-21
  473.000000000000         0.67831179E-04     -0.55073577E-19     -0.72270332E-08      0.13772337E-21
  474.000000000000         0.67820541E-04     -0.54440147E-19     -0.10637504E-07      0.63343038E-21
  475.000000000000         0.67808658E-04     -0.52791304E-19     -0.11883519E-07      0.16488425E-20
  476.000000000000         0.67795885E-04     -0.53480429E-19     -0.12772490E-07     -0.68912439E-21
  477.000000000000         0.67782445E-04     -0.55757102E-19     -0.13440245E-07     -0.22766736E-20
  478.000000000000         0.67770674E-04     -0.56821535E-19     -0.11770781E-07     -0.10644332E-20
  479.000000000000         0.67764053E-04     -0.56868180E-19     -0.66209796E-08     -0.46644390E-22
  480.000000000000         0.67763873E-04     -0.56889146E-19     -0.17991924E-09     -0.20966399E-22
  481.000000000000         0.67768483E-04     -0.58214195E-19      0.46097788E-08     -0.13250484E-20
  482.000000000000         0.67775691E-04     -0.59130089E-19      0.72078167E-08     -0.91589442E-21
  483.000000000000         0.67784075E-04     -0.59569820E-19      0.83843910E-08     -0.43973115E-21
  484.000000000000         0.67792401E-04     -0.58031040E-19      0.83260001E-08      0.15387805E-20
  485.000000000000         0.67800072E-04     -0.57819863E-19      0.76710646E-08      0.21117714E-21
  486.000000000000         0.67807055E-04     -0.57313643E-19      0.69826967E-08      0.50621960E-21
  487.000000000000         0.67812611E-04     -0.56651852E-19      0.55559091E-08      0.66179125E-21
  488.000000000000         0.67816851E-04     -0.57290495E-19      0.42406910E-08     -0.63864353E-21
  489.000000000000         0.67822263E-04     -0.56613032E-19      0.54115085E-08      0.67746287E-21
  490.000000000000         0.67831541E-04     -0.59635082E-19      0.92782851E-08     -0.30220493E-20
  491.000000000000         0.67845168E-04     -0.60848116E-19      0.13626548E-07     -0.12130347E-20
  492.000000000000         0.67863167E-04     -0.61463384E-19      0.17999357E-07     -0.61526762E-21
  493.000000000000         0.67885267E-04     -0.62328916E-19      0.22099401E-07     -0.86553214E-21
  494.000000000000         0.67909429E-04     -0.63562061E-19      0.24162642E-07     -0.12331448E-20
  495.000000000000         0.67932116E-04     -0.63197913E-19      0.22686557E-07      0.36414835E-21
  496.000000000000         0.67949761E-04     -0.62633834E-19      0.17645054E-07      0.56407855E-21
  497.000000000000         0.67961283E-04     -0.63726859E-19      0.11522111E-07     -0.10930253E-20
  498.000000000000         0.67966912E-04     -0.64094386E-19      0.56295365E-08     -0.36752660E-21
  499.000000000000         0.67964547E-04     -0.65540131E-19     -0.23654251E-08     -0.14457450E-20
  500.000000000000         0.67951708E-04     -0.63494487E-19     -0.12839101E-07      0.20456438E-20
