 #            500
    0.000000000000         0.00000000E+00      0.00000000E+00      0.00000000E+00      0.00000000E+00
    1.000000000000         0.26686212E-14      0.12203471E-22      0.26686212E-14      0.12203471E-22
    2.000000000000         0.59263669E-13      0.19577361E-22      0.56595048E-13      0.73738901E-23
    3.000000000000         0.26881182E-10      0.17752584E-22      0.26821918E-10     -0.18247770E-23
    4.000000000000         0.35888424E-08      0.18275057E-22      0.35619612E-08      0.52247307E-24
    5.000000000000         0.25594736E-07      0.22495196E-22      0.22005894E-07      0.42201391E-23
    6.000000000000         0.11427750E-06     -0.24324375E-21      0.88682765E-07     -0.26573895E-21
    7.000000000000         0.46591210E-06      0.37376421E-21      0.35163460E-06      0.61700796E-21
    8.000000000000         0.52572246E-05     -0.23583367E-20      0.47913125E-05     -0.27321009E-20
    9.000000000000         0.41826094E-04     -0.13991687E-18      0.36568870E-04     -0.13755854E-18
   10.000000000000         0.20095482E-03     -0.12834951E-17      0.15912873E-03     -0.11435782E-17
   11.000000000000         0.82073598E-03     -0.25096511E-17      0.61978116E-03     -0.12261560E-17
   12.000000000000         0.27890194E-02     -0.25354672E-18      0.19682834E-02      0.22561043E-17
   13.000000000000         0.69336172E-02      0.99554065E-17      0.41445978E-02      0.10208953E-16
   14.000000000000         0.13401515E-01      0.23987515E-16      0.64678975E-02      0.14032109E-16
   15.000000000000         0.22025650E-01      0.30779444E-16      0.86241353E-02      0.67919289E-17
   16.000000000000         0.32323929E-01      0.31528723E-16      0.10298279E-01      0.74927863E-18
   17.000000000000         0.43758237E-01     -0.31777217E-18      0.11434308E-01     -0.31846495E-16
   18.000000000000         0.56015998E-01      0.18753892E-16      0.12257761E-01      0.19071665E-16
   19.000000000000         0.68827374E-01      0.97937343E-17      0.12811376E-01     -0.89601581E-17
   20.000000000000         0.81927240E-01      0.44895448E-17      0.13099866E-01     -0.53041895E-17
   21.000000000000         0.94976874E-01     -0.17201079E-16      0.13049634E-01     -0.21690624E-16
   22.000000000000         0.10765852E+00      0.12297493E-16      0.12681645E-01      0.29498572E-16
   23.000000000000         0.12015841E+00      0.21898351E-16      0.12499896E-01      0.96008576E-17
   24.000000000000         0.13238740E+00      0.21994404E-16      0.12228988E-01      0.96052826E-19
   25.000000000000         0.14388263E+00      0.10999403E-16      0.11495232E-01     -0.10995000E-16
   26.000000000000         0.15431564E+00      0.10735455E-16      0.10433004E-01     -0.26394831E-18
   27.000000000000         0.16385043E+00     -0.10902530E-16      0.95347914E-02     -0.21637985E-16
   28.000000000000         0.17240404E+00     -0.49850309E-16      0.85536087E-02     -0.38947780E-16
   29.000000000000         0.17990451E+00     -0.24996902E-16      0.75004698E-02      0.24853407E-16
   30.000000000000         0.18664481E+00     -0.52103748E-16      0.67403004E-02     -0.27106846E-16
   31.000000000000         0.19279935E+00     -0.49597154E-16      0.61545425E-02      0.25065934E-17
   32.000000000000         0.19843227E+00     -0.27555662E-16      0.56329152E-02      0.22041493E-16
   33.000000000000         0.20351638E+00     -0.22618307E-16      0.50841090E-02      0.49373547E-17
   34.000000000000         0.20803474E+00     -0.45457885E-17      0.45183599E-02      0.18072519E-16
   35.000000000000         0.21224205E+00     -0.33251596E-16      0.42073153E-02     -0.28705808E-16
   36.000000000000         0.21635700E+00     -0.58122087E-16      0.41149459E-02     -0.24870491E-16
   37.000000000000         0.22017119E+00     -0.59548221E-16      0.38141932E-02     -0.14261336E-17
   38.000000000000         0.22353528E+00     -0.54721690E-16      0.33640926E-02      0.48265311E-17
   39.000000000000         0.22661713E+00     -0.36318473E-16      0.30818444E-02      0.18403217E-16
   40.000000000000         0.22963326E+00     -0.43263066E-16      0.30161350E-02     -0.69445936E-17
   41.000000000000         0.23263295E+00     -0.42322290E-16      0.29996863E-02      0.94077615E-18
   42.000000000000         0.23552757E+00     -0.43505534E-16      0.28946167E-02     -0.11832440E-17
   43.000000000000         0.23818934E+00     -0.47751430E-16      0.26617793E-02     -0.42458962E-17
   44.000000000000         0.24056261E+00     -0.31348498E-16      0.23732692E-02      0.16402932E-16
   45.000000000000         0.24259890E+00     -0.27296677E-16      0.20362831E-02      0.40518205E-17
   46.000000000000         0.24426188E+00     -0.26809397E-16      0.16629794E-02      0.48728004E-18
   47.000000000000         0.24550973E+00     -0.22512192E-16      0.12478575E-02      0.42972049E-17
   48.000000000000         0.24636074E+00     -0.23218979E-16      0.85101074E-03     -0.70678702E-18
   49.000000000000         0.24694675E+00     -0.26055335E-16      0.58600805E-03     -0.28363559E-17
   50.000000000000         0.24744107E+00     -0.31126954E-16      0.49432190E-03     -0.50716185E-17
   51.000000000000         0.24795921E+00     -0.31009276E-16      0.51813515E-03      0.11767816E-18
   52.000000000000         0.24856335E+00     -0.34343304E-16      0.60414036E-03     -0.33340285E-17
   53.000000000000         0.24926672E+00     -0.32658854E-16      0.70336746E-03      0.16844503E-17
   54.000000000000         0.25000835E+00     -0.37063947E-16      0.74163097E-03     -0.44050929E-17
   55.000000000000         0.25074899E+00     -0.36451403E-16      0.74064509E-03      0.61254372E-18
   56.000000000000         0.25149470E+00     -0.47657075E-16      0.74570930E-03     -0.11205672E-16
   57.000000000000         0.25221090E+00     -0.46618526E-16      0.71619375E-03      0.10385496E-17
   58.000000000000         0.25283129E+00     -0.45019509E-16      0.62039316E-03      0.15990170E-17
   59.000000000000         0.25331902E+00     -0.43247957E-16      0.48772788E-03      0.17715516E-17
   60.000000000000         0.25366352E+00     -0.43563124E-16      0.34449974E-03     -0.31516705E-18
   61.000000000000         0.25389946E+00     -0.41548765E-16      0.23594591E-03      0.20143597E-17
   62.000000000000         0.25408095E+00     -0.45218413E-16      0.18148394E-03     -0.36696483E-17
   63.000000000000         0.25427323E+00     -0.40351393E-16      0.19228437E-03      0.48670202E-17
   64.000000000000         0.25448752E+00     -0.44224608E-16      0.21428747E-03     -0.38732158E-17
   65.000000000000         0.25471851E+00     -0.46794306E-16      0.23099457E-03     -0.25696974E-17
   66.000000000000         0.25494083E+00     -0.45444201E-16      0.22231747E-03      0.13501047E-17
   67.000000000000         0.25511681E+00     -0.48339613E-16      0.17597479E-03     -0.28954122E-17
   68.000000000000         0.25524662E+00     -0.49523149E-16      0.12981515E-03     -0.11835355E-17
   69.000000000000         0.25538882E+00     -0.49606148E-16      0.14219915E-03     -0.82998956E-19
   70.000000000000         0.25556344E+00     -0.55318845E-16      0.17462185E-03     -0.57126967E-17
   71.000000000000         0.25573550E+00     -0.57249757E-16      0.17205966E-03     -0.19309122E-17
   72.000000000000         0.25589281E+00     -0.61643585E-16      0.15730537E-03     -0.43938284E-17
   73.000000000000         0.25604378E+00     -0.63974356E-16      0.15097736E-03     -0.23307705E-17
   74.000000000000         0.25619200E+00     -0.68962772E-16      0.14821610E-03     -0.49884166E-17
   75.000000000000         0.25633686E+00     -0.68204239E-16      0.14486027E-03      0.75853324E-18
   76.000000000000         0.25646978E+00     -0.68755832E-16      0.13291657E-03     -0.55159346E-18
   77.000000000000         0.25658838E+00     -0.65732712E-16      0.11860025E-03      0.30231205E-17
   78.000000000000         0.25668964E+00     -0.67203625E-16      0.10126632E-03     -0.14709129E-17
   79.000000000000         0.25677328E+00     -0.64972089E-16      0.83633477E-04      0.22315359E-17
   80.000000000000         0.25681876E+00     -0.63098050E-16      0.45484349E-04      0.18740392E-17
   81.000000000000         0.25685187E+00     -0.64678782E-16      0.33103719E-04     -0.15807327E-17
   82.000000000000         0.25691069E+00     -0.66506566E-16      0.58827728E-04     -0.18277834E-17
   83.000000000000         0.25701129E+00     -0.64864055E-16      0.10059652E-03      0.16425106E-17
   84.000000000000         0.25715169E+00     -0.69980919E-16      0.14039644E-03     -0.51168636E-17
   85.000000000000         0.25730727E+00     -0.68107481E-16      0.15558104E-03      0.18734379E-17
   86.000000000000         0.25744561E+00     -0.69672624E-16      0.13834006E-03     -0.15651428E-17
   87.000000000000         0.25754697E+00     -0.68445650E-16      0.10135976E-03      0.12269739E-17
   88.000000000000         0.25759869E+00     -0.69267630E-16      0.51724220E-04     -0.82198061E-18
   89.000000000000         0.25761000E+00     -0.69846820E-16      0.11313139E-04     -0.57918986E-18
   90.000000000000         0.25760613E+00     -0.72918366E-16     -0.38693662E-05     -0.30715454E-17
   91.000000000000         0.25760884E+00     -0.73199152E-16      0.27070329E-05     -0.28078611E-18
   92.000000000000         0.25762603E+00     -0.72227574E-16      0.17185523E-04      0.97157774E-18
   93.000000000000         0.25767138E+00     -0.72117818E-16      0.45349441E-04      0.10975646E-18
   94.000000000000         0.25775736E+00     -0.78505685E-16      0.85984064E-04     -0.63878672E-17
   95.000000000000         0.25788701E+00     -0.80043132E-16      0.12965194E-03     -0.15374472E-17
   96.000000000000         0.25804214E+00     -0.78577877E-16      0.15512332E-03      0.14652548E-17
   97.000000000000         0.25817500E+00     -0.80173597E-16      0.13286197E-03     -0.15957196E-17
   98.000000000000         0.25824546E+00     -0.81459138E-16      0.70464338E-04     -0.12855413E-17
   99.000000000000         0.25824624E+00     -0.81607395E-16      0.78054202E-06     -0.14825730E-18
  100.000000000000         0.25819003E+00     -0.80002191E-16     -0.56212889E-04      0.16052047E-17
  101.000000000000         0.25810231E+00     -0.78844110E-16     -0.87720371E-04      0.11580805E-17
  102.000000000000         0.25801686E+00     -0.82471797E-16     -0.85445192E-04     -0.36276867E-17
  103.000000000000         0.25796661E+00     -0.84570632E-16     -0.50254622E-04     -0.20988356E-17
  104.000000000000         0.25797579E+00     -0.86595484E-16      0.91774937E-05     -0.20248518E-17
  105.000000000000         0.25804543E+00     -0.90139729E-16      0.69642415E-04     -0.35442448E-17
  106.000000000000         0.25813953E+00     -0.91617726E-16      0.94095441E-04     -0.14779969E-17
  107.000000000000         0.25821152E+00     -0.87795929E-16      0.71995088E-04      0.38217969E-17
  108.000000000000         0.25823491E+00     -0.85208154E-16      0.23394021E-04      0.25877751E-17
  109.000000000000         0.25820162E+00     -0.82559334E-16     -0.33291503E-04      0.26488200E-17
  110.000000000000         0.25811164E+00     -0.81126247E-16     -0.89985296E-04      0.14330864E-17
  111.000000000000         0.25798581E+00     -0.84750517E-16     -0.12582990E-03     -0.36242692E-17
  112.000000000000         0.25785391E+00     -0.88690109E-16     -0.13190089E-03     -0.39395925E-17
  113.000000000000         0.25773428E+00     -0.90265959E-16     -0.11962979E-03     -0.15758501E-17
  114.000000000000         0.25762402E+00     -0.91341583E-16     -0.11025419E-03     -0.10756236E-17
  115.000000000000         0.25752213E+00     -0.92004133E-16     -0.10189701E-03     -0.66255002E-18
  116.000000000000         0.25744230E+00     -0.91945552E-16     -0.79830308E-04      0.58580967E-19
  117.000000000000         0.25739268E+00     -0.86732962E-16     -0.49612876E-04      0.52125897E-17
  118.000000000000         0.25735937E+00     -0.86828774E-16     -0.33308982E-04     -0.95811363E-19
  119.000000000000         0.25731325E+00     -0.84386609E-16     -0.46126668E-04      0.24421645E-17
  120.000000000000         0.25723727E+00     -0.84658898E-16     -0.75976527E-04     -0.27228859E-18
  121.000000000000         0.25713153E+00     -0.87926940E-16     -0.10573766E-03     -0.32680426E-17
  122.000000000000         0.25700251E+00     -0.88865034E-16     -0.12901848E-03     -0.93809402E-18
  123.000000000000         0.25686066E+00     -0.89641276E-16     -0.14185240E-03     -0.77624145E-18
  124.000000000000         0.25671929E+00     -0.95150965E-16     -0.14136861E-03     -0.55096888E-17
  125.000000000000         0.25658658E+00     -0.97274544E-16     -0.13271495E-03     -0.21235799E-17
  126.000000000000         0.25647359E+00     -0.97195565E-16     -0.11299274E-03      0.78979758E-19
  127.000000000000         0.25638931E+00     -0.91525054E-16     -0.84277963E-04      0.56705112E-17
  128.000000000000         0.25634151E+00     -0.94357872E-16     -0.47792826E-04     -0.28328182E-17
  129.000000000000         0.25632644E+00     -0.96614854E-16     -0.15071158E-04     -0.22569818E-17
  130.000000000000         0.25632368E+00     -0.97147862E-16     -0.27599145E-05     -0.53300837E-18
  131.000000000000         0.25631269E+00     -0.10192945E-15     -0.10990852E-04     -0.47815891E-17
  132.000000000000         0.25627193E+00     -0.10077709E-15     -0.40761122E-04      0.11523634E-17
  133.000000000000         0.25618811E+00     -0.96574070E-16     -0.83823423E-04      0.42030171E-17
  134.000000000000         0.25607217E+00     -0.99253737E-16     -0.11593555E-03     -0.26796670E-17
  135.000000000000         0.25595413E+00     -0.98564319E-16     -0.11803885E-03      0.68941858E-18
  136.000000000000         0.25586500E+00     -0.98077225E-16     -0.89133087E-04      0.48709434E-18
  137.000000000000         0.25582001E+00     -0.10120723E-15     -0.44994786E-04     -0.31300089E-17
  138.000000000000         0.25581813E+00     -0.10346513E-15     -0.18763357E-05     -0.22578946E-17
  139.000000000000         0.25585120E+00     -0.10541158E-15      0.33073273E-04     -0.19464470E-17
  140.000000000000         0.25590852E+00     -0.10948907E-15      0.57312128E-04     -0.40774955E-17
  141.000000000000         0.25595673E+00     -0.11160655E-15      0.48215004E-04     -0.21174832E-17
  142.000000000000         0.25596901E+00     -0.11165594E-15      0.12281835E-04     -0.49391021E-19
  143.000000000000         0.25594339E+00     -0.11093148E-15     -0.25624290E-04      0.72446787E-18
  144.000000000000         0.25589509E+00     -0.10922176E-15     -0.48300845E-04      0.17097132E-17
  145.000000000000         0.25584700E+00     -0.10769619E-15     -0.48086485E-04      0.15255704E-17
  146.000000000000         0.25581917E+00     -0.10868098E-15     -0.27832448E-04     -0.98478216E-18
  147.000000000000         0.25582169E+00     -0.10679985E-15      0.25265329E-05      0.18811273E-17
  148.000000000000         0.25585361E+00     -0.10808987E-15      0.31916992E-04     -0.12900184E-17
  149.000000000000         0.25590693E+00     -0.10668562E-15      0.53315165E-04      0.14042495E-17
  150.000000000000         0.25596709E+00     -0.11052277E-15      0.60161578E-04     -0.38371565E-17
  151.000000000000         0.25601848E+00     -0.11000698E-15      0.51387050E-04      0.51579792E-18
  152.000000000000         0.25605130E+00     -0.11085365E-15      0.32825940E-04     -0.84667443E-18
  153.000000000000         0.25606419E+00     -0.11091224E-15      0.12890424E-04     -0.58585547E-19
  154.000000000000         0.25606276E+00     -0.11381548E-15     -0.14278265E-05     -0.29032398E-17
  155.000000000000         0.25605531E+00     -0.11447131E-15     -0.74584207E-05     -0.65583807E-18
  156.000000000000         0.25605721E+00     -0.11171301E-15      0.19076166E-05      0.27582986E-17
  157.000000000000         0.25608188E+00     -0.11354286E-15      0.24666248E-04     -0.18298456E-17
  158.000000000000         0.25612729E+00     -0.11517749E-15      0.45412030E-04     -0.16346318E-17
  159.000000000000         0.25618089E+00     -0.11502227E-15      0.53597982E-04      0.15521996E-18
  160.000000000000         0.25622728E+00     -0.11527018E-15      0.46393383E-04     -0.24790403E-18
  161.000000000000         0.25626194E+00     -0.11520026E-15      0.34660851E-04      0.69913652E-19
  162.000000000000         0.25629381E+00     -0.11661742E-15      0.31869281E-04     -0.14171536E-17
  163.000000000000         0.25633422E+00     -0.11536331E-15      0.40406456E-04      0.12541087E-17
  164.000000000000         0.25637572E+00     -0.11644670E-15      0.41502682E-04     -0.10833945E-17
  165.000000000000         0.25640401E+00     -0.11693859E-15      0.28286905E-04     -0.49188343E-18
  166.000000000000         0.25642524E+00     -0.11402044E-15      0.21235399E-04      0.29181480E-17
  167.000000000000         0.25644989E+00     -0.11804269E-15      0.24646835E-04     -0.40222564E-17
  168.000000000000         0.25647810E+00     -0.12138351E-15      0.28209516E-04     -0.33408175E-17
  169.000000000000         0.25650410E+00     -0.11793185E-15      0.25995195E-04      0.34516604E-17
  170.000000000000         0.25653043E+00     -0.11624006E-15      0.26334069E-04      0.16917890E-17
  171.000000000000         0.25656070E+00     -0.11760576E-15      0.30274533E-04     -0.13657005E-17
  172.000000000000         0.25659602E+00     -0.11623532E-15      0.35316202E-04      0.13704401E-17
  173.000000000000         0.25663402E+00     -0.11790705E-15      0.37999303E-04     -0.16717325E-17
  174.000000000000         0.25667084E+00     -0.11813495E-15      0.36816849E-04     -0.22789867E-18
  175.000000000000         0.25670532E+00     -0.12012785E-15      0.34478568E-04     -0.19928953E-17
  176.000000000000         0.25673413E+00     -0.12371991E-15      0.28812382E-04     -0.35920629E-17
  177.000000000000         0.25674880E+00     -0.12565594E-15      0.14677093E-04     -0.19360258E-17
  178.000000000000         0.25674844E+00     -0.12906066E-15     -0.36309881E-06     -0.34047247E-17
  179.000000000000         0.25674591E+00     -0.12888095E-15     -0.25306742E-05      0.17971030E-18
  180.000000000000         0.25675800E+00     -0.12764368E-15      0.12093776E-04      0.12372764E-17
  181.000000000000         0.25678466E+00     -0.12525255E-15      0.26651525E-04      0.23911231E-17
  182.000000000000         0.25682128E+00     -0.12737259E-15      0.36620219E-04     -0.21200338E-17
  183.000000000000         0.25685932E+00     -0.12801930E-15      0.38046607E-04     -0.64671593E-18
  184.000000000000         0.25689308E+00     -0.12829512E-15      0.33758484E-04     -0.27582220E-18
  185.000000000000         0.25692145E+00     -0.12669774E-15      0.28372785E-04      0.15973845E-17
  186.000000000000         0.25694009E+00     -0.12644442E-15      0.18635260E-04      0.25331614E-18
  187.000000000000         0.25694431E+00     -0.12595877E-15      0.42180457E-05      0.48565711E-18
  188.000000000000         0.25693976E+00     -0.12565365E-15     -0.45498502E-05      0.30511419E-18
  189.000000000000         0.25694096E+00     -0.12580425E-15      0.12017749E-05     -0.15059367E-18
  190.000000000000         0.25695935E+00     -0.12458171E-15      0.18388530E-04      0.12225344E-17
  191.000000000000         0.25699447E+00     -0.12382613E-15      0.35122335E-04      0.75558351E-18
  192.000000000000         0.25704597E+00     -0.12225162E-15      0.51494968E-04      0.15745089E-17
  193.000000000000         0.25710102E+00     -0.11886560E-15      0.55055863E-04      0.33860170E-17
  194.000000000000         0.25713828E+00     -0.11966011E-15      0.37260053E-04     -0.79450663E-18
  195.000000000000         0.25715551E+00     -0.11787326E-15      0.17226942E-04      0.17868519E-17
  196.000000000000         0.25716691E+00     -0.11744939E-15      0.11398885E-04      0.42386589E-18
  197.000000000000         0.25717922E+00     -0.11498038E-15      0.12316873E-04      0.24690137E-17
  198.000000000000         0.25720358E+00     -0.11536852E-15      0.24360408E-04     -0.38813761E-18
  199.000000000000         0.25723704E+00     -0.11602796E-15      0.33451931E-04     -0.65944624E-18
  200.000000000000         0.25727944E+00     -0.11443464E-15      0.42401687E-04      0.15933173E-17
  201.000000000000         0.25733738E+00     -0.11437795E-15      0.57939799E-04      0.56691170E-19
  202.000000000000         0.25740481E+00     -0.11667453E-15      0.67433808E-04     -0.22965806E-17
  203.000000000000         0.25746588E+00     -0.11807751E-15      0.61066326E-04     -0.14029799E-17
  204.000000000000         0.25750676E+00     -0.11920756E-15      0.40881631E-04     -0.11300483E-17
  205.000000000000         0.25753190E+00     -0.12118797E-15      0.25142520E-04     -0.19804049E-17
  206.000000000000         0.25756020E+00     -0.12514593E-15      0.28294914E-04     -0.39579642E-17
  207.000000000000         0.25760407E+00     -0.12244919E-15      0.43875213E-04      0.26967415E-17
  208.000000000000         0.25766615E+00     -0.12331735E-15      0.62079189E-04     -0.86816128E-18
  209.000000000000         0.25773657E+00     -0.12749260E-15      0.70421665E-04     -0.41752447E-17
  210.000000000000         0.25780845E+00     -0.13150844E-15      0.71877505E-04     -0.40158437E-17
  211.000000000000         0.25788431E+00     -0.13148680E-15      0.75861168E-04      0.21638978E-19
  212.000000000000         0.25796365E+00     -0.13200845E-15      0.79339928E-04     -0.52165077E-18
  213.000000000000         0.25804221E+00     -0.13192240E-15      0.78557799E-04      0.86054427E-19
  214.000000000000         0.25811396E+00     -0.13424835E-15      0.71754653E-04     -0.23259554E-17
  215.000000000000         0.25818152E+00     -0.13309606E-15      0.67554638E-04      0.11522935E-17
  216.000000000000         0.25825164E+00     -0.13488784E-15      0.70116598E-04     -0.17917854E-17
  217.000000000000         0.25832478E+00     -0.13247211E-15      0.73141526E-04      0.24157354E-17
  218.000000000000         0.25839912E+00     -0.13547632E-15      0.74347673E-04     -0.30042096E-17
  219.000000000000         0.25847777E+00     -0.13161575E-15      0.78643852E-04      0.38605627E-17
  220.000000000000         0.25856161E+00     -0.13224699E-15      0.83839052E-04     -0.63123359E-18
  221.000000000000         0.25865017E+00     -0.13393976E-15      0.88559438E-04     -0.16927673E-17
  222.000000000000         0.25874335E+00     -0.13394224E-15      0.93183617E-04     -0.24882262E-20
  223.000000000000         0.25883831E+00     -0.13253304E-15      0.94964007E-04      0.14092026E-17
  224.000000000000         0.25892712E+00     -0.13416876E-15      0.88805890E-04     -0.16357224E-17
  225.000000000000         0.25900520E+00     -0.13515830E-15      0.78078275E-04     -0.98953804E-18
  226.000000000000         0.25907611E+00     -0.13750619E-15      0.70911282E-04     -0.23478914E-17
  227.000000000000         0.25914565E+00     -0.13970521E-15      0.69540029E-04     -0.21990163E-17
  228.000000000000         0.25921798E+00     -0.13915724E-15      0.72334081E-04      0.54796738E-18
  229.000000000000         0.25929932E+00     -0.13968840E-15      0.81337271E-04     -0.53115838E-18
  230.000000000000         0.25939115E+00     -0.13960814E-15      0.91826667E-04      0.80258373E-19
  231.000000000000         0.25948670E+00     -0.14214615E-15      0.95546934E-04     -0.25380119E-17
  232.000000000000         0.25958026E+00     -0.14081461E-15      0.93562445E-04      0.13315461E-17
  233.000000000000         0.25966821E+00     -0.13982530E-15      0.87950831E-04      0.98930588E-18
  234.000000000000         0.25974749E+00     -0.13935404E-15      0.79282896E-04      0.47126665E-18
  235.000000000000         0.25981741E+00     -0.14156546E-15      0.69918962E-04     -0.22114236E-17
  236.000000000000         0.25987875E+00     -0.14055094E-15      0.61343384E-04      0.10145179E-17
  237.000000000000         0.25993421E+00     -0.13940550E-15      0.55451562E-04      0.11454387E-17
  238.000000000000         0.25999001E+00     -0.13884884E-15      0.55804735E-04      0.55666250E-18
  239.000000000000         0.26005472E+00     -0.14035287E-15      0.64714300E-04     -0.15040278E-17
  240.000000000000         0.26013224E+00     -0.14080078E-15      0.77519598E-04     -0.44791692E-18
  241.000000000000         0.26021964E+00     -0.14117325E-15      0.87392674E-04     -0.37246357E-18
  242.000000000000         0.26030786E+00     -0.14171710E-15      0.88219530E-04     -0.54385291E-18
  243.000000000000         0.26038799E+00     -0.14310244E-15      0.80134988E-04     -0.13853413E-17
  244.000000000000         0.26045469E+00     -0.14249682E-15      0.66700944E-04      0.60562580E-18
  245.000000000000         0.26051301E+00     -0.14207071E-15      0.58315001E-04      0.42610714E-18
  246.000000000000         0.26056586E+00     -0.14262500E-15      0.52857490E-04     -0.55429049E-18
  247.000000000000         0.26061343E+00     -0.14383801E-15      0.47568325E-04     -0.12130108E-17
  248.000000000000         0.26066139E+00     -0.14455118E-15      0.47954591E-04     -0.71316583E-18
  249.000000000000         0.26072181E+00     -0.14465236E-15      0.60422989E-04     -0.10118411E-18
  250.000000000000         0.26079840E+00     -0.14472521E-15      0.76588719E-04     -0.72853999E-19
  251.000000000000         0.26088287E+00     -0.14673886E-15      0.84472150E-04     -0.20136431E-17
  252.000000000000         0.26096416E+00     -0.14788252E-15      0.81289513E-04     -0.11436614E-17
  253.000000000000         0.26103383E+00     -0.14648495E-15      0.69665028E-04      0.13975710E-17
  254.000000000000         0.26108951E+00     -0.14570388E-15      0.55679663E-04      0.78106647E-18
  255.000000000000         0.26113544E+00     -0.14713576E-15      0.45934322E-04     -0.14318821E-17
  256.000000000000         0.26117757E+00     -0.14927842E-15      0.42130717E-04     -0.21426513E-17
  257.000000000000         0.26122389E+00     -0.15061811E-15      0.46315218E-04     -0.13396978E-17
  258.000000000000         0.26127899E+00     -0.15025431E-15      0.55101959E-04      0.36380286E-18
  259.000000000000         0.26134668E+00     -0.15253556E-15      0.67691531E-04     -0.22812534E-17
  260.000000000000         0.26142894E+00     -0.15182401E-15      0.82261279E-04      0.71155228E-18
  261.000000000000         0.26151500E+00     -0.15169714E-15      0.86063704E-04      0.12687072E-18
  262.000000000000         0.26159125E+00     -0.15021541E-15      0.76244219E-04      0.14817319E-17
  263.000000000000         0.26165265E+00     -0.14832975E-15      0.61406110E-04      0.18856562E-17
  264.000000000000         0.26170060E+00     -0.14850819E-15      0.47945558E-04     -0.17843285E-18
  265.000000000000         0.26174093E+00     -0.14752085E-15      0.40330873E-04      0.98733347E-18
  266.000000000000         0.26178283E+00     -0.14742212E-15      0.41895072E-04      0.98734796E-19
  267.000000000000         0.26183120E+00     -0.14881185E-15      0.48371068E-04     -0.13897357E-17
  268.000000000000         0.26188520E+00     -0.14968133E-15      0.54003019E-04     -0.86947706E-18
  269.000000000000         0.26194522E+00     -0.14942867E-15      0.60019665E-04      0.25265486E-18
  270.000000000000         0.26201464E+00     -0.14839818E-15      0.69422064E-04      0.10304901E-17
  271.000000000000         0.26209008E+00     -0.14645863E-15      0.75441181E-04      0.19395585E-17
  272.000000000000         0.26216323E+00     -0.14838570E-15      0.73147957E-04     -0.19270742E-17
  273.000000000000         0.26222566E+00     -0.15060579E-15      0.62431784E-04     -0.22200848E-17
  274.000000000000         0.26227114E+00     -0.15414591E-15      0.45475869E-04     -0.35401203E-17
  275.000000000000         0.26230209E+00     -0.15478686E-15      0.30956257E-04     -0.64095216E-18
  276.000000000000         0.26232689E+00     -0.15096522E-15      0.24797836E-04      0.38216372E-17
  277.000000000000         0.26235541E+00     -0.14922375E-15      0.28520570E-04      0.17414695E-17
  278.000000000000         0.26239569E+00     -0.14980026E-15      0.40277139E-04     -0.57650939E-18
  279.000000000000         0.26244768E+00     -0.15313213E-15      0.51987631E-04     -0.33318725E-17
  280.000000000000         0.26250744E+00     -0.15088168E-15      0.59759689E-04      0.22504551E-17
  281.000000000000         0.26256773E+00     -0.14741717E-15      0.60293905E-04      0.34645077E-17
  282.000000000000         0.26261952E+00     -0.14654037E-15      0.51783736E-04      0.87679925E-18
  283.000000000000         0.26265427E+00     -0.14282357E-15      0.34756682E-04      0.37168049E-17
  284.000000000000         0.26266835E+00     -0.14094710E-15      0.14080100E-04      0.18764637E-17
  285.000000000000         0.26267413E+00     -0.13908618E-15      0.57811760E-05      0.18609241E-17
  286.000000000000         0.26268964E+00     -0.14121503E-15      0.15508224E-04     -0.21288502E-17
  287.000000000000         0.26272279E+00     -0.14082765E-15      0.33149706E-04      0.38737735E-18
  288.000000000000         0.26276758E+00     -0.13955750E-15      0.44787971E-04      0.12701512E-17
  289.000000000000         0.26281308E+00     -0.14521504E-15      0.45500751E-04     -0.56575379E-17
  290.000000000000         0.26285137E+00     -0.14629497E-15      0.38289992E-04     -0.10799298E-17
  291.000000000000         0.26287748E+00     -0.14883184E-15      0.26110694E-04     -0.25368738E-17
  292.000000000000         0.26289047E+00     -0.14880359E-15      0.12987806E-04      0.28250684E-19
  293.000000000000         0.26289623E+00     -0.15327525E-15      0.57598148E-05     -0.44716623E-17
  294.000000000000         0.26290272E+00     -0.15219958E-15      0.64930378E-05      0.10756688E-17
  295.000000000000         0.26291461E+00     -0.15068550E-15      0.11886292E-04      0.15140852E-17
  296.000000000000         0.26293217E+00     -0.15314020E-15      0.17564336E-04     -0.24547032E-17
  297.000000000000         0.26295147E+00     -0.15385595E-15      0.19301756E-04     -0.71574399E-18
  298.000000000000         0.26296837E+00     -0.15564841E-15      0.16895787E-04     -0.17924627E-17
  299.000000000000         0.26297990E+00     -0.15394645E-15      0.11528487E-04      0.17019569E-17
  300.000000000000         0.26298414E+00     -0.15213031E-15      0.42411433E-05      0.18161381E-17
  301.000000000000         0.26298456E+00     -0.15205262E-15      0.42508300E-06      0.77696646E-19
  302.000000000000         0.26298737E+00     -0.15023894E-15      0.28108280E-05      0.18136744E-17
  303.000000000000         0.26299506E+00     -0.15224197E-15      0.76825465E-05     -0.20030267E-17
  304.000000000000         0.26300374E+00     -0.15736859E-15      0.86870817E-05     -0.51266190E-17
  305.000000000000         0.26300825E+00     -0.15547331E-15      0.45081576E-05      0.18952793E-17
  306.000000000000         0.26300857E+00     -0.15571497E-15      0.31331951E-06     -0.24165716E-18
  307.000000000000         0.26300679E+00     -0.15534529E-15     -0.17770545E-05      0.36967977E-18
  308.000000000000         0.26300503E+00     -0.15300840E-15     -0.17598331E-05      0.23368888E-17
  309.000000000000         0.26300795E+00     -0.15311182E-15      0.29224635E-05     -0.10341998E-18
  310.000000000000         0.26301969E+00     -0.15327896E-15      0.11736051E-04     -0.16714096E-18
  311.000000000000         0.26303850E+00     -0.15140857E-15      0.18815368E-04      0.18703873E-17
  312.000000000000         0.26305745E+00     -0.15179342E-15      0.18947482E-04     -0.38485262E-18
  313.000000000000         0.26306844E+00     -0.15264395E-15      0.10986379E-04     -0.85052087E-18
  314.000000000000         0.26306821E+00     -0.15397003E-15     -0.22357760E-06     -0.13260859E-17
  315.000000000000         0.26305935E+00     -0.15241455E-15     -0.88674061E-05      0.15554762E-17
  316.000000000000         0.26304884E+00     -0.15167354E-15     -0.10502835E-04      0.74101221E-18
  317.000000000000         0.26304422E+00     -0.15417902E-15     -0.46243860E-05     -0.25054794E-17
  318.000000000000         0.26304903E+00     -0.15401827E-15      0.48119436E-05      0.16074837E-18
  319.000000000000         0.26306279E+00     -0.15572754E-15      0.13761704E-04     -0.17092678E-17
  320.000000000000         0.26308390E+00     -0.15578125E-15      0.21109929E-04     -0.53712575E-19
  321.000000000000         0.26310402E+00     -0.15535765E-15      0.20121468E-04      0.42360406E-18
  322.000000000000         0.26311391E+00     -0.15682125E-15      0.98870998E-05     -0.14635983E-17
  323.000000000000         0.26311266E+00     -0.15757844E-15     -0.12554628E-05     -0.75719114E-18
  324.000000000000         0.26310627E+00     -0.15760687E-15     -0.63902487E-05     -0.28426749E-19
  325.000000000000         0.26310102E+00     -0.16017834E-15     -0.52413220E-05     -0.25714692E-17
  326.000000000000         0.26310112E+00     -0.16126723E-15      0.10088679E-06     -0.10888966E-17
  327.000000000000         0.26310891E+00     -0.15949651E-15      0.77811764E-05      0.17707227E-17
  328.000000000000         0.26312444E+00     -0.15615597E-15      0.15532064E-04      0.33405388E-17
  329.000000000000         0.26314355E+00     -0.15450471E-15      0.19113508E-04      0.16512565E-17
  330.000000000000         0.26315952E+00     -0.15354700E-15      0.15968099E-04      0.95771174E-18
  331.000000000000         0.26316717E+00     -0.15467554E-15      0.76471645E-05     -0.11285328E-17
  332.000000000000         0.26316523E+00     -0.15696642E-15     -0.19379390E-05     -0.22908841E-17
  333.000000000000         0.26315603E+00     -0.15823904E-15     -0.91967733E-05     -0.12726175E-17
  334.000000000000         0.26314527E+00     -0.15703323E-15     -0.10764701E-04      0.12058038E-17
  335.000000000000         0.26313867E+00     -0.16222017E-15     -0.65936289E-05     -0.51869366E-17
  336.000000000000         0.26313811E+00     -0.16163891E-15     -0.56437147E-06      0.58126409E-18
  337.000000000000         0.26314351E+00     -0.15691397E-15      0.54052651E-05      0.47249387E-17
  338.000000000000         0.26315405E+00     -0.15588731E-15      0.10535750E-04      0.10266543E-17
  339.000000000000         0.26316445E+00     -0.15281617E-15      0.10398592E-04      0.30711399E-17
  340.000000000000         0.26316765E+00     -0.15286465E-15      0.32012549E-05     -0.48475798E-19
  341.000000000000         0.26316000E+00     -0.15106346E-15     -0.76544626E-05      0.18011921E-17
  342.000000000000         0.26314335E+00     -0.15663581E-15     -0.16643336E-04     -0.55723556E-17
  343.000000000000         0.26312212E+00     -0.15847542E-15     -0.21234673E-04     -0.18396044E-17
  344.000000000000         0.26310054E+00     -0.15764461E-15     -0.21576625E-04      0.83081104E-18
  345.000000000000         0.26308181E+00     -0.15549987E-15     -0.18726635E-04      0.21447381E-17
  346.000000000000         0.26306758E+00     -0.15252598E-15     -0.14231475E-04      0.29738860E-17
  347.000000000000         0.26305570E+00     -0.15140153E-15     -0.11887864E-04      0.11244484E-17
  348.000000000000         0.26303925E+00     -0.15302853E-15     -0.16445397E-04     -0.16270001E-17
  349.000000000000         0.26301308E+00     -0.15118232E-15     -0.26167545E-04      0.18462116E-17
  350.000000000000         0.26297809E+00     -0.14737471E-15     -0.34992995E-04      0.38076095E-17
  351.000000000000         0.26293811E+00     -0.14610691E-15     -0.39979898E-04      0.12678007E-17
  352.000000000000         0.26289736E+00     -0.14334163E-15     -0.40747882E-04      0.27652762E-17
  353.000000000000         0.26285817E+00     -0.14417235E-15     -0.39192575E-04     -0.83071667E-18
  354.000000000000         0.26282048E+00     -0.14502779E-15     -0.37690590E-04     -0.85544172E-18
  355.000000000000         0.26278358E+00     -0.14741948E-15     -0.36896992E-04     -0.23916858E-17
  356.000000000000         0.26274660E+00     -0.15276017E-15     -0.36984816E-04     -0.53406947E-17
  357.000000000000         0.26270770E+00     -0.15528515E-15     -0.38895393E-04     -0.25249816E-17
  358.000000000000         0.26266110E+00     -0.15762699E-15     -0.46600861E-04     -0.23418368E-17
  359.000000000000         0.26260650E+00     -0.16084999E-15     -0.54598645E-04     -0.32229948E-17
  360.000000000000         0.26255092E+00     -0.16093142E-15     -0.55585482E-04     -0.81429794E-19
  361.000000000000         0.26249908E+00     -0.16511052E-15     -0.51833203E-04     -0.41791056E-17
  362.000000000000         0.26244967E+00     -0.16327273E-15     -0.49410022E-04      0.18377870E-17
  363.000000000000         0.26239848E+00     -0.16235756E-15     -0.51190850E-04      0.91517829E-18
  364.000000000000         0.26234348E+00     -0.16649754E-15     -0.55002404E-04     -0.41399814E-17
  365.000000000000         0.26228633E+00     -0.16453375E-15     -0.57144910E-04      0.19637865E-17
  366.000000000000         0.26223037E+00     -0.16081830E-15     -0.55963619E-04      0.37154518E-17
  367.000000000000         0.26217687E+00     -0.15796516E-15     -0.53497159E-04      0.28531431E-17
  368.000000000000         0.26212530E+00     -0.15832492E-15     -0.51578122E-04     -0.35976594E-18
  369.000000000000         0.26207569E+00     -0.15385380E-15     -0.49608528E-04      0.44711254E-17
  370.000000000000         0.26202863E+00     -0.15585213E-15     -0.47053654E-04     -0.19983313E-17
  371.000000000000         0.26198157E+00     -0.15813829E-15     -0.47065347E-04     -0.22861627E-17
  372.000000000000         0.26193451E+00     -0.15749310E-15     -0.47060255E-04      0.64519275E-18
  373.000000000000         0.26188498E+00     -0.15863020E-15     -0.49529788E-04     -0.11370994E-17
  374.000000000000         0.26182964E+00     -0.15753474E-15     -0.55335870E-04      0.10954553E-17
  375.000000000000         0.26177464E+00     -0.15611001E-15     -0.55000365E-04      0.14247296E-17
  376.000000000000         0.26172874E+00     -0.15722782E-15     -0.45904647E-04     -0.11178085E-17
  377.000000000000         0.26169208E+00     -0.15583686E-15     -0.36653571E-04      0.13909633E-17
  378.000000000000         0.26165918E+00     -0.15757468E-15     -0.32901390E-04     -0.17378224E-17
  379.000000000000         0.26162676E+00     -0.15630956E-15     -0.32426016E-04      0.12651160E-17
  380.000000000000         0.26159321E+00     -0.15826843E-15     -0.33547814E-04     -0.19588659E-17
  381.000000000000         0.26155613E+00     -0.15570195E-15     -0.37073711E-04      0.25664818E-17
  382.000000000000         0.26151423E+00     -0.15399111E-15     -0.41904409E-04      0.17108415E-17
  383.000000000000         0.26147076E+00     -0.15573316E-15     -0.43475319E-04     -0.17420553E-17
  384.000000000000         0.26143168E+00     -0.15401600E-15     -0.39079859E-04      0.17171673E-17
  385.000000000000         0.26140177E+00     -0.15383338E-15     -0.29901112E-04      0.18261432E-18
  386.000000000000         0.26138256E+00     -0.15549672E-15     -0.19218150E-04     -0.16633364E-17
  387.000000000000         0.26137256E+00     -0.15270064E-15     -0.99984117E-05      0.27960751E-17
  388.000000000000         0.26136689E+00     -0.15491281E-15     -0.56675211E-05     -0.22121633E-17
  389.000000000000         0.26135877E+00     -0.15657455E-15     -0.81213750E-05     -0.16617455E-17
  390.000000000000         0.26134409E+00     -0.15823259E-15     -0.14681637E-04     -0.16580369E-17
  391.000000000000         0.26132314E+00     -0.15937529E-15     -0.20949972E-04     -0.11426994E-17
  392.000000000000         0.26130083E+00     -0.16131182E-15     -0.22310932E-04     -0.19365283E-17
  393.000000000000         0.26128353E+00     -0.16295744E-15     -0.17295667E-04     -0.16456207E-17
  394.000000000000         0.26127532E+00     -0.16092625E-15     -0.82142643E-05      0.20311812E-17
  395.000000000000         0.26127706E+00     -0.16098991E-15      0.17482161E-05     -0.63650581E-19
  396.000000000000         0.26128579E+00     -0.15914494E-15      0.87298451E-05      0.18449682E-17
  397.000000000000         0.26129527E+00     -0.15911291E-15      0.94712421E-05      0.32025885E-19
  398.000000000000         0.26129988E+00     -0.15726475E-15      0.46149081E-05      0.18481568E-17
  399.000000000000         0.26129916E+00     -0.15872495E-15     -0.72409490E-06     -0.14601955E-17
  400.000000000000         0.26129438E+00     -0.15953199E-15     -0.47799593E-05     -0.80704214E-18
  401.000000000000         0.26128660E+00     -0.15745720E-15     -0.77743069E-05      0.20747956E-17
  402.000000000000         0.26128064E+00     -0.15927934E-15     -0.59621186E-05     -0.18221425E-17
  403.000000000000         0.26128429E+00     -0.16089829E-15      0.36545835E-05     -0.16189547E-17
  404.000000000000         0.26129932E+00     -0.16036353E-15      0.15029748E-04      0.53476641E-18
  405.000000000000         0.26131983E+00     -0.15968757E-15      0.20501710E-04      0.67596035E-18
  406.000000000000         0.26133777E+00     -0.16020903E-15      0.17943409E-04     -0.52146713E-18
  407.000000000000         0.26134892E+00     -0.15921273E-15      0.11146012E-04      0.99630010E-18
  408.000000000000         0.26135405E+00     -0.16087902E-15      0.51393660E-05     -0.16662905E-17
  409.000000000000         0.26135459E+00     -0.16221634E-15      0.53544770E-06     -0.13373166E-17
  410.000000000000         0.26135184E+00     -0.16121554E-15     -0.27531886E-05      0.10008037E-17
  411.000000000000         0.26134854E+00     -0.16163492E-15     -0.32937594E-05     -0.41938519E-18
  412.000000000000         0.26134749E+00     -0.16145727E-15     -0.10571986E-05      0.17765351E-18
  413.000000000000         0.26135226E+00     -0.16101081E-15      0.47741084E-05      0.44645454E-18
  414.000000000000         0.26136201E+00     -0.16000543E-15      0.97530112E-05      0.10053871E-17
  415.000000000000         0.26136867E+00     -0.16441255E-15      0.66535302E-05     -0.44071270E-17
  416.000000000000         0.26136509E+00     -0.16508715E-15     -0.35757440E-05     -0.67459481E-18
  417.000000000000         0.26135370E+00     -0.16401314E-15     -0.11386350E-04      0.10740133E-17
  418.000000000000         0.26134212E+00     -0.16327766E-15     -0.11587226E-04      0.73547930E-18
  419.000000000000         0.26133383E+00     -0.15858833E-15     -0.82885532E-05      0.46893220E-17
  420.000000000000         0.26132723E+00     -0.15916234E-15     -0.65984059E-05     -0.57400758E-18
  421.000000000000         0.26131947E+00     -0.16033216E-15     -0.77596963E-05     -0.11698171E-17
  422.000000000000         0.26131164E+00     -0.16148822E-15     -0.78272733E-05     -0.11560565E-17
  423.000000000000         0.26130446E+00     -0.15959240E-15     -0.71820057E-05      0.18958201E-17
  424.000000000000         0.26129491E+00     -0.16191960E-15     -0.95479378E-05     -0.23272020E-17
  425.000000000000         0.26127967E+00     -0.16099838E-15     -0.15246923E-04      0.92121320E-18
  426.000000000000         0.26125889E+00     -0.16339038E-15     -0.20777911E-04     -0.23919959E-17
  427.000000000000         0.26123930E+00     -0.16015475E-15     -0.19586608E-04      0.32356290E-17
  428.000000000000         0.26122446E+00     -0.16113552E-15     -0.14841321E-04     -0.98076372E-18
  429.000000000000         0.26121018E+00     -0.16038926E-15     -0.14279469E-04      0.74625498E-18
  430.000000000000         0.26119147E+00     -0.15783983E-15     -0.18708217E-04      0.25494314E-17
  431.000000000000         0.26116776E+00     -0.15814830E-15     -0.23714326E-04     -0.30847143E-18
  432.000000000000         0.26114251E+00     -0.15687087E-15     -0.25251188E-04      0.12774253E-17
  433.000000000000         0.26111993E+00     -0.15758547E-15     -0.22577256E-04     -0.71459106E-18
  434.000000000000         0.26110208E+00     -0.15360447E-15     -0.17852213E-04      0.39809965E-17
  435.000000000000         0.26108876E+00     -0.15591570E-15     -0.13316517E-04     -0.23112291E-17
  436.000000000000         0.26107852E+00     -0.15274687E-15     -0.10237666E-04      0.31688238E-17
  437.000000000000         0.26106848E+00     -0.15032384E-15     -0.10040540E-04      0.24230345E-17
  438.000000000000         0.26105537E+00     -0.14991781E-15     -0.13111662E-04      0.40603105E-18
  439.000000000000         0.26103792E+00     -0.14893473E-15     -0.17450936E-04      0.98307473E-18
  440.000000000000         0.26101568E+00     -0.14801972E-15     -0.22237237E-04      0.91501761E-18
  441.000000000000         0.26099026E+00     -0.14586031E-15     -0.25424542E-04      0.21594099E-17
  442.000000000000         0.26096714E+00     -0.14405257E-15     -0.23122366E-04      0.18077370E-17
  443.000000000000         0.26095163E+00     -0.14442969E-15     -0.15505653E-04     -0.37712122E-18
  444.000000000000         0.26094497E+00     -0.14287248E-15     -0.66635736E-05      0.15572092E-17
  445.000000000000         0.26094400E+00     -0.14350942E-15     -0.96995621E-06     -0.63693617E-18
  446.000000000000         0.26094305E+00     -0.14761760E-15     -0.95095285E-06     -0.41081806E-17
  447.000000000000         0.26093634E+00     -0.14726706E-15     -0.67029490E-05      0.35054295E-18
  448.000000000000         0.26092263E+00     -0.14998290E-15     -0.13715488E-04     -0.27158470E-17
  449.000000000000         0.26090723E+00     -0.15072762E-15     -0.15397069E-04     -0.74471491E-18
  450.000000000000         0.26089793E+00     -0.15453037E-15     -0.93028967E-05     -0.38027475E-17
  451.000000000000         0.26089777E+00     -0.15116875E-15     -0.15917974E-06      0.33616136E-17
  452.000000000000         0.26090567E+00     -0.14678767E-15      0.79042961E-05      0.43810859E-17
  453.000000000000         0.26091990E+00     -0.14741706E-15      0.14226504E-04     -0.62939021E-18
  454.000000000000         0.26093761E+00     -0.15508238E-15      0.17714855E-04     -0.76653236E-17
  455.000000000000         0.26095373E+00     -0.15643196E-15      0.16115742E-04     -0.13495775E-17
  456.000000000000         0.26096281E+00     -0.16416567E-15      0.90827057E-05     -0.77337107E-17
  457.000000000000         0.26096478E+00     -0.15980342E-15      0.19634037E-05      0.43622481E-17
  458.000000000000         0.26096632E+00     -0.16175084E-15      0.15456120E-05     -0.19474161E-17
  459.000000000000         0.26097546E+00     -0.16025946E-15      0.91387617E-05      0.14913785E-17
  460.000000000000         0.26099609E+00     -0.16083841E-15      0.20627715E-04     -0.57894874E-18
  461.000000000000         0.26102727E+00     -0.15784136E-15      0.31176572E-04      0.29970432E-17
  462.000000000000         0.26106311E+00     -0.15870037E-15      0.35847965E-04     -0.85900604E-18
  463.000000000000         0.26109590E+00     -0.15967187E-15      0.32784127E-04     -0.97149805E-18
  464.000000000000         0.26112138E+00     -0.15930316E-15      0.25480160E-04      0.36871114E-18
  465.000000000000         0.26114273E+00     -0.15865227E-15      0.21349754E-04      0.65089057E-18
  466.000000000000         0.26116528E+00     -0.16066152E-15      0.22553873E-04     -0.20092528E-17
  467.000000000000         0.26119052E+00     -0.16242070E-15      0.25240563E-04     -0.17591841E-17
  468.000000000000         0.26121968E+00     -0.15902430E-15      0.29160890E-04      0.33964035E-17
  469.000000000000         0.26125531E+00     -0.15580357E-15      0.35625531E-04      0.32207290E-17
  470.000000000000         0.26129730E+00     -0.15747392E-15      0.41987087E-04     -0.16703499E-17
  471.000000000000         0.26134083E+00     -0.15711513E-15      0.43533561E-04      0.35878870E-18
  472.000000000000         0.26138047E+00     -0.15778865E-15      0.39641614E-04     -0.67351699E-18
  473.000000000000         0.26141493E+00     -0.15739551E-15      0.34456683E-04      0.39314151E-18
  474.000000000000         0.26144640E+00     -0.15533506E-15      0.31477269E-04      0.20604465E-17
  475.000000000000         0.26147769E+00     -0.15497463E-15      0.31281612E-04      0.36043458E-18
  476.000000000000         0.26151051E+00     -0.15191791E-15      0.32820834E-04      0.30567119E-17
  477.000000000000         0.26154597E+00     -0.15264556E-15      0.35459417E-04     -0.72764935E-18
  478.000000000000         0.26158469E+00     -0.15379342E-15      0.38723098E-04     -0.11478528E-17
  479.000000000000         0.26162620E+00     -0.15437367E-15      0.41514589E-04     -0.58025279E-18
  480.000000000000         0.26166938E+00     -0.15481010E-15      0.43172435E-04     -0.43642676E-18
  481.000000000000         0.26171153E+00     -0.15640376E-15      0.42152483E-04     -0.15936638E-17
  482.000000000000         0.26174986E+00     -0.15571528E-15      0.38326992E-04      0.68848180E-18
  483.000000000000         0.26178446E+00     -0.15602237E-15      0.34607854E-04     -0.30709004E-18
  484.000000000000         0.26181790E+00     -0.15457007E-15      0.33439605E-04      0.14522975E-17
  485.000000000000         0.26185209E+00     -0.15487562E-15      0.34188409E-04     -0.30555252E-18
  486.000000000000         0.26188752E+00     -0.15581495E-15      0.35428003E-04     -0.93933210E-18
  487.000000000000         0.26192409E+00     -0.15631592E-15      0.36568757E-04     -0.50096753E-18
  488.000000000000         0.26196163E+00     -0.15598297E-15      0.37538925E-04      0.33294737E-18
  489.000000000000         0.26199986E+00     -0.15618989E-15      0.38228176E-04     -0.20691144E-18
  490.000000000000         0.26203644E+00     -0.15453446E-15      0.36580511E-04      0.16554243E-17
  491.000000000000         0.26206900E+00     -0.15500640E-15      0.32563558E-04     -0.47193514E-18
  492.000000000000         0.26209791E+00     -0.15596914E-15      0.28912544E-04     -0.96274669E-18
  493.000000000000         0.26212472E+00     -0.15660442E-15      0.26812277E-04     -0.63527374E-18
  494.000000000000         0.26215026E+00     -0.15586702E-15      0.25532633E-04      0.73739216E-18
  495.000000000000         0.26217453E+00     -0.15620625E-15      0.24268886E-04     -0.33922725E-18
  496.000000000000         0.26219862E+00     -0.15822839E-15      0.24098607E-04     -0.20221427E-17
  497.000000000000         0.26222427E+00     -0.15816304E-15      0.25648565E-04      0.65357748E-19
  498.000000000000         0.26225137E+00     -0.15656316E-15      0.27100847E-04      0.15998735E-17
  499.000000000000         0.26227827E+00     -0.15736790E-15      0.26894050E-04     -0.80473141E-18
  500.000000000000         0.26230535E+00     -0.15492458E-15      0.27083514E-04      0.24433161E-17
