 #            500
    0.000000000000         0.00000000E+00      0.00000000E+00      0.00000000E+00      0.00000000E+00
    1.000000000000         0.38773740E-17      0.76437309E-26      0.38773740E-17      0.76437309E-26
    2.000000000000         0.15081654E-15      0.13441335E-25      0.14693917E-15      0.57976040E-26
    3.000000000000         0.13819930E-12      0.22675806E-25      0.13804849E-12      0.92344709E-26
    4.000000000000         0.16851447E-10     -0.13794305E-25      0.16713247E-10     -0.36470111E-25
    5.000000000000         0.75475978E-10     -0.62338575E-25      0.58624531E-10     -0.48544269E-25
    6.000000000000         0.70391194E-09     -0.41120442E-23      0.62843596E-09     -0.40497056E-23
    7.000000000000         0.29831394E-08     -0.71956055E-23      0.22792275E-08     -0.30835613E-23
    8.000000000000         0.13040086E-07      0.48655659E-21      0.10056946E-07      0.49375219E-21
    9.000000000000         0.48101413E-06      0.79753629E-20      0.46797404E-06      0.74888063E-20
   10.000000000000         0.47996226E-05      0.41027729E-22      0.43186085E-05     -0.79343352E-20
   11.000000000000         0.17933963E-04     -0.78976624E-19      0.13134340E-04     -0.79017651E-19
   12.000000000000         0.70093186E-04     -0.17652226E-18      0.52159223E-04     -0.97545632E-19
   13.000000000000         0.22542552E-03     -0.54644559E-18      0.15533233E-03     -0.36992334E-18
   14.000000000000         0.47839159E-03     -0.65642612E-18      0.25296608E-03     -0.10998053E-18
   15.000000000000         0.72263417E-03     -0.26412247E-18      0.24424258E-03      0.39230365E-18
   16.000000000000         0.91851752E-03     -0.54367681E-18      0.19588335E-03     -0.27955434E-18
   17.000000000000         0.10725761E-02     -0.47031749E-18      0.15405862E-03      0.73359320E-19
   18.000000000000         0.12025597E-02     -0.35786484E-18      0.12998358E-03      0.11245266E-18
   19.000000000000         0.13345364E-02     -0.31768554E-18      0.13197672E-03      0.40179291E-19
   20.000000000000         0.15077177E-02     -0.32182935E-18      0.17318129E-03     -0.41438090E-20
   21.000000000000         0.17364829E-02     -0.66136045E-18      0.22876520E-03     -0.33953109E-18
   22.000000000000         0.19929035E-02     -0.42423151E-18      0.25642052E-03      0.23712894E-18
   23.000000000000         0.22825180E-02     -0.11519275E-17      0.28961451E-03     -0.72769599E-18
   24.000000000000         0.26414493E-02     -0.26632226E-17      0.35893132E-03     -0.15112952E-17
   25.000000000000         0.30350420E-02     -0.18974805E-17      0.39359272E-03      0.76574217E-18
   26.000000000000         0.34001275E-02     -0.78217179E-18      0.36508554E-03      0.11153087E-17
   27.000000000000         0.36774207E-02     -0.13167389E-17      0.27729315E-03     -0.53456710E-18
   28.000000000000         0.38238862E-02     -0.12345366E-17      0.14646546E-03      0.82202259E-19
   29.000000000000         0.38727097E-02     -0.12102091E-17      0.48823582E-04      0.24327546E-19
   30.000000000000         0.38995289E-02     -0.11998309E-17      0.26819129E-04      0.10378196E-19
   31.000000000000         0.39280826E-02     -0.12327628E-17      0.28553685E-04     -0.32931894E-19
   32.000000000000         0.39687515E-02     -0.12811974E-17      0.40668910E-04     -0.48434646E-19
   33.000000000000         0.40059173E-02     -0.13751328E-17      0.37165789E-04     -0.93935332E-19
   34.000000000000         0.40197334E-02     -0.14189211E-17      0.13816168E-04     -0.43788329E-19
   35.000000000000         0.40359075E-02     -0.15038647E-17      0.16174126E-04     -0.84943623E-19
   36.000000000000         0.40938722E-02     -0.14192937E-17      0.57964696E-04      0.84570992E-19
   37.000000000000         0.41871992E-02     -0.14325650E-17      0.93327003E-04     -0.13271267E-19
   38.000000000000         0.42471358E-02     -0.14042088E-17      0.59936556E-04      0.28356204E-19
   39.000000000000         0.42773710E-02     -0.12484358E-17      0.30235201E-04      0.15577298E-18
   40.000000000000         0.43041476E-02     -0.13254341E-17      0.26776571E-04     -0.76998301E-19
   41.000000000000         0.43337367E-02     -0.10093780E-17      0.29589107E-04      0.31605614E-18
   42.000000000000         0.43809723E-02     -0.10381125E-17      0.47235605E-04     -0.28734538E-19
   43.000000000000         0.44510783E-02     -0.16717530E-17      0.70105992E-04     -0.63364050E-18
   44.000000000000         0.45122659E-02     -0.19650511E-17      0.61187574E-04     -0.29329811E-18
   45.000000000000         0.45509595E-02     -0.18601795E-17      0.38693631E-04      0.10487158E-18
   46.000000000000         0.45799842E-02     -0.17993614E-17      0.29024729E-04      0.60818072E-19
   47.000000000000         0.46001400E-02     -0.18815109E-17      0.20155779E-04     -0.82149462E-19
   48.000000000000         0.46120166E-02     -0.18714010E-17      0.11876616E-04      0.10109872E-19
   49.000000000000         0.46233202E-02     -0.20123104E-17      0.11303592E-04     -0.14090933E-18
   50.000000000000         0.46328430E-02     -0.20301226E-17      0.95227657E-05     -0.17812265E-19
   51.000000000000         0.46365485E-02     -0.20005252E-17      0.37055079E-05      0.29597401E-19
   52.000000000000         0.46449260E-02     -0.20006304E-17      0.83775510E-05     -0.10517771E-21
   53.000000000000         0.46589350E-02     -0.19539598E-17      0.14008947E-04      0.46670572E-19
   54.000000000000         0.46760704E-02     -0.19732548E-17      0.17135471E-04     -0.19294920E-19
   55.000000000000         0.46915048E-02     -0.19418957E-17      0.15434368E-04      0.31359036E-19
   56.000000000000         0.46996254E-02     -0.19250308E-17      0.81205628E-05      0.16864941E-19
   57.000000000000         0.47081234E-02     -0.18695479E-17      0.84980402E-05      0.55482880E-19
   58.000000000000         0.47277383E-02     -0.17694299E-17      0.19614855E-04      0.10011802E-18
   59.000000000000         0.47558484E-02     -0.18011926E-17      0.28110126E-04     -0.31762703E-19
   60.000000000000         0.47852936E-02     -0.19282801E-17      0.29445160E-04     -0.12708750E-18
   61.000000000000         0.48140520E-02     -0.20637490E-17      0.28758404E-04     -0.13546891E-18
   62.000000000000         0.48351871E-02     -0.21616478E-17      0.21135105E-04     -0.97898779E-19
   63.000000000000         0.48408877E-02     -0.21568601E-17      0.57006100E-05      0.47877135E-20
   64.000000000000         0.48427097E-02     -0.21307936E-17      0.18220141E-05      0.26066444E-19
   65.000000000000         0.48479297E-02     -0.19812805E-17      0.52200065E-05      0.14951311E-18
   66.000000000000         0.48560001E-02     -0.19599307E-17      0.80703728E-05      0.21349821E-19
   67.000000000000         0.48599894E-02     -0.18831604E-17      0.39893072E-05      0.76770250E-19
   68.000000000000         0.48611633E-02     -0.18706120E-17      0.11739179E-05      0.12548471E-19
   69.000000000000         0.48631702E-02     -0.18819756E-17      0.20069443E-05     -0.11363634E-19
   70.000000000000         0.48683710E-02     -0.18797356E-17      0.52007359E-05      0.22400425E-20
   71.000000000000         0.48795143E-02     -0.19015768E-17      0.11143299E-04     -0.21841214E-19
   72.000000000000         0.48940765E-02     -0.19377817E-17      0.14562184E-04     -0.36204960E-19
   73.000000000000         0.49146132E-02     -0.18775971E-17      0.20536775E-04      0.60184613E-19
   74.000000000000         0.49409413E-02     -0.17543085E-17      0.26328060E-04      0.12328866E-18
   75.000000000000         0.49549945E-02     -0.17632586E-17      0.14053240E-04     -0.89501408E-20
   76.000000000000         0.49621993E-02     -0.18082760E-17      0.72047239E-05     -0.45017406E-19
   77.000000000000         0.49776598E-02     -0.17407711E-17      0.15460549E-04      0.67504955E-19
   78.000000000000         0.49973269E-02     -0.20079229E-17      0.19667144E-04     -0.26715182E-18
   79.000000000000         0.50126004E-02     -0.20411671E-17      0.15273405E-04     -0.33244222E-19
   80.000000000000         0.50178036E-02     -0.19644188E-17      0.52032373E-05      0.76748284E-19
   81.000000000000         0.50230783E-02     -0.19721499E-17      0.52747520E-05     -0.77310689E-20
   82.000000000000         0.50388355E-02     -0.19868235E-17      0.15757165E-04     -0.14673626E-19
   83.000000000000         0.50589143E-02     -0.19355143E-17      0.20078744E-04      0.51309188E-19
   84.000000000000         0.50724779E-02     -0.19722316E-17      0.13563693E-04     -0.36717248E-19
   85.000000000000         0.50802260E-02     -0.19805006E-17      0.77481051E-05     -0.82690384E-20
   86.000000000000         0.50847051E-02     -0.20149052E-17      0.44790310E-05     -0.34404543E-19
   87.000000000000         0.50877542E-02     -0.20252675E-17      0.30491138E-05     -0.10362316E-19
   88.000000000000         0.50922825E-02     -0.20484803E-17      0.45283519E-05     -0.23212783E-19
   89.000000000000         0.50976819E-02     -0.20194095E-17      0.53993981E-05      0.29070757E-19
   90.000000000000         0.51009473E-02     -0.21174976E-17      0.32653641E-05     -0.98088151E-19
   91.000000000000         0.51017510E-02     -0.20116205E-17      0.80365977E-06      0.10587717E-18
   92.000000000000         0.51035232E-02     -0.19932118E-17      0.17721906E-05      0.18408658E-19
   93.000000000000         0.51064268E-02     -0.19663058E-17      0.29036467E-05      0.26906055E-19
   94.000000000000         0.51100825E-02     -0.19986460E-17      0.36556999E-05     -0.32340202E-19
   95.000000000000         0.51127993E-02     -0.20263349E-17      0.27167516E-05     -0.27688891E-19
   96.000000000000         0.51138624E-02     -0.20026068E-17      0.10631664E-05      0.23728053E-19
   97.000000000000         0.51160224E-02     -0.19712630E-17      0.21599329E-05      0.31343811E-19
   98.000000000000         0.51193367E-02     -0.19569779E-17      0.33143665E-05      0.14285052E-19
   99.000000000000         0.51226001E-02     -0.19813083E-17      0.32633736E-05     -0.24330372E-19
  100.000000000000         0.51252199E-02     -0.19959435E-17      0.26197677E-05     -0.14635159E-19
  101.000000000000         0.51260347E-02     -0.19992682E-17      0.81480426E-06     -0.33247634E-20
  102.000000000000         0.51249036E-02     -0.19926475E-17     -0.11310878E-05      0.66207005E-20
  103.000000000000         0.51228252E-02     -0.19989130E-17     -0.20784268E-05     -0.62654292E-20
  104.000000000000         0.51200278E-02     -0.19766534E-17     -0.27973199E-05      0.22259545E-19
  105.000000000000         0.51180946E-02     -0.20091677E-17     -0.19332306E-05     -0.32514274E-19
  106.000000000000         0.51173374E-02     -0.20630101E-17     -0.75722829E-06     -0.53842377E-19
  107.000000000000         0.51181381E-02     -0.20432767E-17      0.80069102E-06      0.19733413E-19
  108.000000000000         0.51199792E-02     -0.20120792E-17      0.18411625E-05      0.31197406E-19
  109.000000000000         0.51220069E-02     -0.20223213E-17      0.20276484E-05     -0.10242048E-19
  110.000000000000         0.51237134E-02     -0.19386654E-17      0.17065295E-05      0.83655941E-19
  111.000000000000         0.51251897E-02     -0.19275499E-17      0.14763058E-05      0.11115477E-19
  112.000000000000         0.51267066E-02     -0.19091157E-17      0.15169090E-05      0.18434145E-19
  113.000000000000         0.51281657E-02     -0.18969589E-17      0.14590844E-05      0.12156862E-19
  114.000000000000         0.51290880E-02     -0.19020091E-17      0.92228185E-06     -0.50501830E-20
  115.000000000000         0.51295246E-02     -0.19176119E-17      0.43658887E-06     -0.15602804E-19
  116.000000000000         0.51301882E-02     -0.19118138E-17      0.66362944E-06      0.57980177E-20
  117.000000000000         0.51308849E-02     -0.19234264E-17      0.69666899E-06     -0.11612557E-19
  118.000000000000         0.51314241E-02     -0.19184328E-17      0.53927030E-06      0.49935652E-20
  119.000000000000         0.51318229E-02     -0.19009998E-17      0.39875803E-06      0.17432985E-19
  120.000000000000         0.51323698E-02     -0.18587222E-17      0.54693511E-06      0.42277602E-19
  121.000000000000         0.51336846E-02     -0.18223504E-17      0.13147828E-05      0.36371880E-19
  122.000000000000         0.51354310E-02     -0.18546874E-17      0.17464102E-05     -0.32336989E-19
  123.000000000000         0.51369791E-02     -0.18468742E-17      0.15480758E-05      0.78131283E-20
  124.000000000000         0.51379432E-02     -0.18418590E-17      0.96407056E-06      0.50151995E-20
  125.000000000000         0.51387153E-02     -0.18301937E-17      0.77212328E-06      0.11665371E-19
  126.000000000000         0.51398527E-02     -0.18524922E-17      0.11374391E-05     -0.22298513E-19
  127.000000000000         0.51412969E-02     -0.18486539E-17      0.14441938E-05      0.38382758E-20
  128.000000000000         0.51422410E-02     -0.18548248E-17      0.94410690E-06     -0.61709432E-20
  129.000000000000         0.51429413E-02     -0.18383506E-17      0.70021103E-06      0.16474205E-19
  130.000000000000         0.51449845E-02     -0.18597199E-17      0.20432646E-05     -0.21369311E-19
  131.000000000000         0.51475948E-02     -0.18739127E-17      0.26103130E-05     -0.14192763E-19
  132.000000000000         0.51487746E-02     -0.18792989E-17      0.11798051E-05     -0.53862073E-20
  133.000000000000         0.51491725E-02     -0.18595943E-17      0.39791033E-06      0.19704610E-19
  134.000000000000         0.51495048E-02     -0.18690167E-17      0.33227526E-06     -0.94223915E-20
  135.000000000000         0.51504902E-02     -0.19031504E-17      0.98535061E-06     -0.34133666E-19
  136.000000000000         0.51515828E-02     -0.19284553E-17      0.10926484E-05     -0.25304964E-19
  137.000000000000         0.51526596E-02     -0.18694318E-17      0.10767395E-05      0.59023529E-19
  138.000000000000         0.51538132E-02     -0.19023735E-17      0.11536138E-05     -0.32941726E-19
  139.000000000000         0.51551520E-02     -0.18891702E-17      0.13388768E-05      0.13203355E-19
  140.000000000000         0.51573042E-02     -0.18821444E-17      0.21521052E-05      0.70257856E-20
  141.000000000000         0.51590801E-02     -0.18589840E-17      0.17759657E-05      0.23160370E-19
  142.000000000000         0.51592420E-02     -0.18715488E-17      0.16187621E-06     -0.12564798E-19
  143.000000000000         0.51589430E-02     -0.18579112E-17     -0.29902548E-06      0.13637653E-19
  144.000000000000         0.51594386E-02     -0.18554813E-17      0.49566462E-06      0.24298974E-20
  145.000000000000         0.51600885E-02     -0.18839678E-17      0.64986333E-06     -0.28486505E-19
  146.000000000000         0.51606705E-02     -0.18803772E-17      0.58201190E-06      0.35905182E-20
  147.000000000000         0.51615720E-02     -0.18536242E-17      0.90150161E-06      0.26753023E-19
  148.000000000000         0.51626457E-02     -0.18180211E-17      0.10737009E-05      0.35603132E-19
  149.000000000000         0.51637489E-02     -0.18427719E-17      0.11031530E-05     -0.24750783E-19
  150.000000000000         0.51653069E-02     -0.18468517E-17      0.15580505E-05     -0.40798371E-20
  151.000000000000         0.51673666E-02     -0.18849064E-17      0.20597203E-05     -0.38054704E-19
  152.000000000000         0.51694652E-02     -0.18681004E-17      0.20985412E-05      0.16806008E-19
  153.000000000000         0.51710099E-02     -0.18677219E-17      0.15446933E-05      0.37848545E-21
  154.000000000000         0.51716985E-02     -0.18506579E-17      0.68866517E-06      0.17064037E-19
  155.000000000000         0.51718749E-02     -0.18539099E-17      0.17633471E-06     -0.32519876E-20
  156.000000000000         0.51727255E-02     -0.18550003E-17      0.85059558E-06     -0.10903967E-20
  157.000000000000         0.51750440E-02     -0.18415570E-17      0.23184887E-05      0.13443267E-19
  158.000000000000         0.51777314E-02     -0.18468282E-17      0.26874583E-05     -0.52711872E-20
  159.000000000000         0.51790417E-02     -0.18437412E-17      0.13103192E-05      0.30870278E-20
  160.000000000000         0.51800541E-02     -0.18399515E-17      0.10124136E-05      0.37896297E-20
  161.000000000000         0.51813675E-02     -0.18409910E-17      0.13133833E-05     -0.10395154E-20
  162.000000000000         0.51829942E-02     -0.18507341E-17      0.16266237E-05     -0.97430387E-20
  163.000000000000         0.51848585E-02     -0.18602837E-17      0.18643797E-05     -0.95496206E-20
  164.000000000000         0.51865441E-02     -0.18613648E-17      0.16855933E-05     -0.10810812E-20
  165.000000000000         0.51878000E-02     -0.18604968E-17      0.12559105E-05      0.86794373E-21
  166.000000000000         0.51891775E-02     -0.18640768E-17      0.13775039E-05     -0.35799744E-20
  167.000000000000         0.51914586E-02     -0.18627060E-17      0.22811074E-05      0.13708372E-20
  168.000000000000         0.51943590E-02     -0.18845914E-17      0.29003055E-05     -0.21885388E-19
  169.000000000000         0.51958962E-02     -0.18818254E-17      0.15372945E-05      0.27659549E-20
  170.000000000000         0.51964859E-02     -0.18847690E-17      0.58964102E-06     -0.29435434E-20
  171.000000000000         0.51973111E-02     -0.18845100E-17      0.82518020E-06      0.25894655E-21
  172.000000000000         0.51991890E-02     -0.18810309E-17      0.18779204E-05      0.34791429E-20
  173.000000000000         0.52019691E-02     -0.18840295E-17      0.27800926E-05     -0.29986216E-20
  174.000000000000         0.52053310E-02     -0.18994302E-17      0.33619564E-05     -0.15400676E-19
  175.000000000000         0.52086272E-02     -0.18906454E-17      0.32961298E-05      0.87848118E-20
  176.000000000000         0.52118658E-02     -0.18843892E-17      0.32386599E-05      0.62561789E-20
  177.000000000000         0.52157498E-02     -0.18863757E-17      0.38839283E-05     -0.19865273E-20
  178.000000000000         0.52194537E-02     -0.18842256E-17      0.37039570E-05      0.21501189E-20
  179.000000000000         0.52218344E-02     -0.18857036E-17      0.23806623E-05     -0.14779793E-20
  180.000000000000         0.52231123E-02     -0.19014359E-17      0.12779022E-05     -0.15732380E-19
  181.000000000000         0.52241282E-02     -0.19046397E-17      0.10158858E-05     -0.32037293E-20
  182.000000000000         0.52254458E-02     -0.18966139E-17      0.13176115E-05      0.80257762E-20
  183.000000000000         0.52277394E-02     -0.18928685E-17      0.22935755E-05      0.37454030E-20
  184.000000000000         0.52295335E-02     -0.18802877E-17      0.17941064E-05      0.12580791E-19
  185.000000000000         0.52302895E-02     -0.18777778E-17      0.75607811E-06      0.25099485E-20
  186.000000000000         0.52311438E-02     -0.18722878E-17      0.85430375E-06      0.54899350E-20
  187.000000000000         0.52325433E-02     -0.18622008E-17      0.13994306E-05      0.10087020E-19
  188.000000000000         0.52344258E-02     -0.18487354E-17      0.18825211E-05      0.13465407E-19
  189.000000000000         0.52371406E-02     -0.18482880E-17      0.27148560E-05      0.44743871E-21
  190.000000000000         0.52401965E-02     -0.18455983E-17      0.30558611E-05      0.26896410E-20
  191.000000000000         0.52434748E-02     -0.18863789E-17      0.32782991E-05     -0.40780561E-19
  192.000000000000         0.52466963E-02     -0.18732803E-17      0.32215057E-05      0.13098591E-19
  193.000000000000         0.52495578E-02     -0.18509448E-17      0.28615178E-05      0.22335517E-19
  194.000000000000         0.52517436E-02     -0.18497772E-17      0.21858035E-05      0.11675317E-20
  195.000000000000         0.52530714E-02     -0.18501154E-17      0.13277800E-05     -0.33815669E-21
  196.000000000000         0.52540522E-02     -0.18513760E-17      0.98082227E-06     -0.12606190E-20
  197.000000000000         0.52553722E-02     -0.18614146E-17      0.13200035E-05     -0.10038575E-19
  198.000000000000         0.52566953E-02     -0.18545720E-17      0.13230581E-05      0.68425530E-20
  199.000000000000         0.52577766E-02     -0.18702353E-17      0.10813048E-05     -0.15663258E-19
  200.000000000000         0.52587945E-02     -0.18677822E-17      0.10178583E-05      0.24530867E-20
  201.000000000000         0.52596878E-02     -0.18506434E-17      0.89332376E-06      0.17138767E-19
  202.000000000000         0.52606643E-02     -0.18764459E-17      0.97653384E-06     -0.25802453E-19
  203.000000000000         0.52613808E-02     -0.18947067E-17      0.71648765E-06     -0.18260854E-19
  204.000000000000         0.52617098E-02     -0.18791263E-17      0.32895719E-06      0.15580398E-19
  205.000000000000         0.52617656E-02     -0.18870397E-17      0.55827767E-07     -0.79133540E-20
  206.000000000000         0.52617804E-02     -0.18844174E-17      0.14774695E-07      0.26223308E-20
  207.000000000000         0.52619726E-02     -0.18857665E-17      0.19227179E-06     -0.13491047E-20
  208.000000000000         0.52623605E-02     -0.18903221E-17      0.38789289E-06     -0.45556031E-20
  209.000000000000         0.52627571E-02     -0.18923231E-17      0.39652622E-06     -0.20010587E-20
  210.000000000000         0.52630257E-02     -0.18867527E-17      0.26864975E-06      0.55704389E-20
  211.000000000000         0.52632845E-02     -0.18889088E-17      0.25880243E-06     -0.21560936E-20
  212.000000000000         0.52637075E-02     -0.18888344E-17      0.42300022E-06      0.74403277E-22
  213.000000000000         0.52643116E-02     -0.18946366E-17      0.60405413E-06     -0.58021685E-20
  214.000000000000         0.52650606E-02     -0.18908072E-17      0.74903400E-06      0.38293598E-20
  215.000000000000         0.52658907E-02     -0.18912534E-17      0.83013836E-06     -0.44618777E-21
  216.000000000000         0.52667606E-02     -0.18900105E-17      0.86983194E-06      0.12428510E-20
  217.000000000000         0.52673510E-02     -0.18953911E-17      0.59046282E-06     -0.53805568E-20
  218.000000000000         0.52676010E-02     -0.18962425E-17      0.24992133E-06     -0.85146103E-21
  219.000000000000         0.52677398E-02     -0.19002611E-17      0.13889556E-06     -0.40185692E-20
  220.000000000000         0.52679515E-02     -0.19036191E-17      0.21162181E-06     -0.33580315E-20
  221.000000000000         0.52681658E-02     -0.19044132E-17      0.21432885E-06     -0.79401217E-21
  222.000000000000         0.52684788E-02     -0.19062044E-17      0.31299632E-06     -0.17912156E-20
  223.000000000000         0.52689566E-02     -0.19050238E-17      0.47782083E-06      0.11805471E-20
  224.000000000000         0.52695103E-02     -0.19027050E-17      0.55371892E-06      0.23188403E-20
  225.000000000000         0.52699426E-02     -0.19062535E-17      0.43227602E-06     -0.35484778E-20
  226.000000000000         0.52701906E-02     -0.19068958E-17      0.24796465E-06     -0.64230591E-21
  227.000000000000         0.52706918E-02     -0.19064925E-17      0.50125777E-06      0.40323019E-21
  228.000000000000         0.52716267E-02     -0.19292295E-17      0.93484788E-06     -0.22736914E-19
  229.000000000000         0.52723110E-02     -0.19417601E-17      0.68432985E-06     -0.12530630E-19
  230.000000000000         0.52724132E-02     -0.19444107E-17      0.10218045E-06     -0.26505651E-20
  231.000000000000         0.52724376E-02     -0.19367052E-17      0.24399470E-07      0.77054821E-20
  232.000000000000         0.52727688E-02     -0.19333494E-17      0.33125979E-06      0.33557641E-20
  233.000000000000         0.52735111E-02     -0.19329693E-17      0.74229945E-06      0.38008327E-21
  234.000000000000         0.52745937E-02     -0.19255043E-17      0.10825639E-05      0.74650032E-20
  235.000000000000         0.52754583E-02     -0.19363559E-17      0.86460165E-06     -0.10851610E-19
  236.000000000000         0.52759934E-02     -0.19455096E-17      0.53511751E-06     -0.91536919E-20
  237.000000000000         0.52765343E-02     -0.19273451E-17      0.54086514E-06      0.18164570E-19
  238.000000000000         0.52769143E-02     -0.19355197E-17      0.37999372E-06     -0.81746188E-20
  239.000000000000         0.52771689E-02     -0.19218522E-17      0.25465189E-06      0.13667485E-19
  240.000000000000         0.52773795E-02     -0.19189079E-17      0.21054797E-06      0.29443262E-20
  241.000000000000         0.52776137E-02     -0.19325263E-17      0.23425750E-06     -0.13618409E-19
  242.000000000000         0.52777966E-02     -0.19326856E-17      0.18285537E-06     -0.15929564E-21
  243.000000000000         0.52779562E-02     -0.19479039E-17      0.15959636E-06     -0.15218304E-19
  244.000000000000         0.52783227E-02     -0.19469000E-17      0.36645757E-06      0.10039117E-20
  245.000000000000         0.52786673E-02     -0.19366973E-17      0.34463983E-06      0.10202614E-19
  246.000000000000         0.52787851E-02     -0.19444593E-17      0.11777882E-06     -0.77619492E-20
  247.000000000000         0.52787092E-02     -0.19504310E-17     -0.75882578E-07     -0.59716719E-20
  248.000000000000         0.52784827E-02     -0.19472807E-17     -0.22654143E-06      0.31502401E-20
  249.000000000000         0.52783720E-02     -0.19386090E-17     -0.11064698E-06      0.86716981E-20
  250.000000000000         0.52786244E-02     -0.19267570E-17      0.25241436E-06      0.11851992E-19
  251.000000000000         0.52790324E-02     -0.19303009E-17      0.40798455E-06     -0.35439010E-20
  252.000000000000         0.52795289E-02     -0.19341572E-17      0.49653339E-06     -0.38563119E-20
  253.000000000000         0.52800519E-02     -0.19413066E-17      0.52292009E-06     -0.71493941E-20
  254.000000000000         0.52805375E-02     -0.19320225E-17      0.48565803E-06      0.92841060E-20
  255.000000000000         0.52809658E-02     -0.19421492E-17      0.42832932E-06     -0.10126635E-19
  256.000000000000         0.52814315E-02     -0.19482135E-17      0.46564432E-06     -0.60643676E-20
  257.000000000000         0.52819008E-02     -0.19446501E-17      0.46932746E-06      0.35634376E-20
  258.000000000000         0.52823902E-02     -0.19297890E-17      0.48934665E-06      0.14861068E-19
  259.000000000000         0.52829330E-02     -0.19309867E-17      0.54280528E-06     -0.11976282E-20
  260.000000000000         0.52834232E-02     -0.19306545E-17      0.49027835E-06      0.33219020E-21
  261.000000000000         0.52837190E-02     -0.19193880E-17      0.29575666E-06      0.11266517E-19
  262.000000000000         0.52838774E-02     -0.19331700E-17      0.15838905E-06     -0.13781999E-19
  263.000000000000         0.52840206E-02     -0.19525772E-17      0.14324687E-06     -0.19407258E-19
  264.000000000000         0.52841851E-02     -0.19418779E-17      0.16443819E-06      0.10699299E-19
  265.000000000000         0.52843125E-02     -0.19520984E-17      0.12741480E-06     -0.10220478E-19
  266.000000000000         0.52843892E-02     -0.19383032E-17      0.76663529E-07      0.13795190E-19
  267.000000000000         0.52845144E-02     -0.19271756E-17      0.12522417E-06      0.11127561E-19
  268.000000000000         0.52847295E-02     -0.19264101E-17      0.21514283E-06      0.76551389E-21
  269.000000000000         0.52849590E-02     -0.19240621E-17      0.22951677E-06      0.23480340E-20
  270.000000000000         0.52850945E-02     -0.19170877E-17      0.13541019E-06      0.69743726E-20
  271.000000000000         0.52851947E-02     -0.19073380E-17      0.10022583E-06      0.97497513E-20
  272.000000000000         0.52853357E-02     -0.19090623E-17      0.14106016E-06     -0.17243218E-20
  273.000000000000         0.52854733E-02     -0.19134884E-17      0.13756822E-06     -0.44261075E-20
  274.000000000000         0.52856022E-02     -0.19174092E-17      0.12887654E-06     -0.39208383E-20
  275.000000000000         0.52857638E-02     -0.19123934E-17      0.16166752E-06      0.50158284E-20
  276.000000000000         0.52859999E-02     -0.19132330E-17      0.23601586E-06     -0.83962665E-21
  277.000000000000         0.52862520E-02     -0.18946381E-17      0.25215842E-06      0.18594918E-19
  278.000000000000         0.52865184E-02     -0.18799539E-17      0.26633461E-06      0.14684256E-19
  279.000000000000         0.52868258E-02     -0.18704809E-17      0.30739535E-06      0.94729512E-20
  280.000000000000         0.52871694E-02     -0.18679174E-17      0.34365832E-06      0.25635287E-20
  281.000000000000         0.52875790E-02     -0.18694979E-17      0.40963437E-06     -0.15805630E-20
  282.000000000000         0.52879605E-02     -0.18712571E-17      0.38146522E-06     -0.17591698E-20
  283.000000000000         0.52882009E-02     -0.18513451E-17      0.24040273E-06      0.19912040E-19
  284.000000000000         0.52882819E-02     -0.18382796E-17      0.80967875E-07      0.13065435E-19
  285.000000000000         0.52882654E-02     -0.18370848E-17     -0.16467511E-07      0.11948404E-20
  286.000000000000         0.52882674E-02     -0.18499946E-17      0.20084097E-08     -0.12909772E-19
  287.000000000000         0.52883314E-02     -0.18468555E-17      0.63952614E-07      0.31390824E-20
  288.000000000000         0.52884356E-02     -0.18435764E-17      0.10420736E-06      0.32790793E-20
  289.000000000000         0.52885999E-02     -0.18401855E-17      0.16433137E-06      0.33908660E-20
  290.000000000000         0.52888789E-02     -0.18423186E-17      0.27901950E-06     -0.21330716E-20
  291.000000000000         0.52892581E-02     -0.18427799E-17      0.37915295E-06     -0.46128058E-21
  292.000000000000         0.52895835E-02     -0.18387378E-17      0.32539878E-06      0.40420682E-20
  293.000000000000         0.52897468E-02     -0.18499177E-17      0.16328430E-06     -0.11179898E-19
  294.000000000000         0.52898475E-02     -0.18516010E-17      0.10068498E-06     -0.16833106E-20
  295.000000000000         0.52899932E-02     -0.18565801E-17      0.14573895E-06     -0.49790505E-20
  296.000000000000         0.52901876E-02     -0.18695266E-17      0.19445612E-06     -0.12946506E-19
  297.000000000000         0.52903564E-02     -0.18690464E-17      0.16874678E-06      0.48016122E-21
  298.000000000000         0.52905120E-02     -0.18653820E-17      0.15563951E-06      0.36644451E-20
  299.000000000000         0.52907304E-02     -0.18772389E-17      0.21839311E-06     -0.11856965E-19
  300.000000000000         0.52909927E-02     -0.18731957E-17      0.26222644E-06      0.40432247E-20
  301.000000000000         0.52912354E-02     -0.18773912E-17      0.24276313E-06     -0.41955051E-20
  302.000000000000         0.52914202E-02     -0.18709469E-17      0.18477504E-06      0.64443091E-20
  303.000000000000         0.52915392E-02     -0.18688189E-17      0.11896663E-06      0.21280124E-20
  304.000000000000         0.52916024E-02     -0.18699244E-17      0.63206910E-07     -0.11055400E-20
  305.000000000000         0.52916484E-02     -0.18735291E-17      0.46076788E-07     -0.36046982E-20
  306.000000000000         0.52917478E-02     -0.18738037E-17      0.99319035E-07     -0.27450983E-21
  307.000000000000         0.52919484E-02     -0.18678013E-17      0.20059902E-06      0.60023986E-20
  308.000000000000         0.52921873E-02     -0.18664087E-17      0.23898105E-06      0.13925992E-20
  309.000000000000         0.52924327E-02     -0.18669907E-17      0.24531171E-06     -0.58206632E-21
  310.000000000000         0.52926490E-02     -0.18689886E-17      0.21638928E-06     -0.19979216E-20
  311.000000000000         0.52927800E-02     -0.18606431E-17      0.13092744E-06      0.83455171E-20
  312.000000000000         0.52928502E-02     -0.18554594E-17      0.70229838E-07      0.51837352E-20
  313.000000000000         0.52929180E-02     -0.18545934E-17      0.67771004E-07      0.86600099E-21
  314.000000000000         0.52929951E-02     -0.18537629E-17      0.77086463E-07      0.83053562E-21
  315.000000000000         0.52930922E-02     -0.18460649E-17      0.97150190E-07      0.76979135E-20
  316.000000000000         0.52931522E-02     -0.18478932E-17      0.59956540E-07     -0.18282947E-20
  317.000000000000         0.52931438E-02     -0.18554662E-17     -0.83848965E-08     -0.75729659E-20
  318.000000000000         0.52931546E-02     -0.18576202E-17      0.10802617E-07     -0.21540136E-20
  319.000000000000         0.52932365E-02     -0.18565403E-17      0.81891099E-07      0.10799330E-20
  320.000000000000         0.52933797E-02     -0.18575328E-17      0.14318069E-06     -0.99247857E-21
  321.000000000000         0.52936070E-02     -0.18532786E-17      0.22735990E-06      0.42541174E-20
  322.000000000000         0.52938629E-02     -0.18628036E-17      0.25590887E-06     -0.95249987E-20
  323.000000000000         0.52941268E-02     -0.18616674E-17      0.26384741E-06      0.11362657E-20
  324.000000000000         0.52943367E-02     -0.18603123E-17      0.20992772E-06      0.13550941E-20
  325.000000000000         0.52944494E-02     -0.18592758E-17      0.11266465E-06      0.10364955E-20
  326.000000000000         0.52945323E-02     -0.18559375E-17      0.82917645E-07      0.33382831E-20
  327.000000000000         0.52946090E-02     -0.18574583E-17      0.76750588E-07     -0.15207544E-20
  328.000000000000         0.52947055E-02     -0.18620051E-17      0.96511330E-07     -0.45468096E-20
  329.000000000000         0.52948730E-02     -0.18621539E-17      0.16743053E-06     -0.14879574E-21
  330.000000000000         0.52950718E-02     -0.18627113E-17      0.19885654E-06     -0.55746416E-21
  331.000000000000         0.52952282E-02     -0.18601081E-17      0.15638064E-06      0.26032067E-20
  332.000000000000         0.52953262E-02     -0.18660283E-17      0.98024687E-07     -0.59201635E-20
  333.000000000000         0.52953755E-02     -0.18733612E-17      0.49288795E-07     -0.73328969E-20
  334.000000000000         0.52953708E-02     -0.18697171E-17     -0.47731511E-08      0.36440794E-20
  335.000000000000         0.52953539E-02     -0.18659378E-17     -0.16805983E-07      0.37793497E-20
  336.000000000000         0.52953574E-02     -0.18641513E-17      0.34984591E-08      0.17864046E-20
  337.000000000000         0.52953995E-02     -0.18636167E-17      0.42080492E-07      0.53463377E-21
  338.000000000000         0.52954753E-02     -0.18642889E-17      0.75793439E-07     -0.67215297E-21
  339.000000000000         0.52955719E-02     -0.18651185E-17      0.96581707E-07     -0.82959285E-21
  340.000000000000         0.52956835E-02     -0.18651358E-17      0.11162409E-06     -0.17297448E-22
  341.000000000000         0.52958134E-02     -0.18647582E-17      0.12987434E-06      0.37756820E-21
  342.000000000000         0.52959283E-02     -0.18658684E-17      0.11486890E-06     -0.11102567E-20
  343.000000000000         0.52960059E-02     -0.18680338E-17      0.77682400E-07     -0.21653775E-20
  344.000000000000         0.52960731E-02     -0.18689558E-17      0.67161358E-07     -0.92192931E-21
  345.000000000000         0.52961804E-02     -0.18652560E-17      0.10729958E-06      0.36997360E-20
  346.000000000000         0.52963818E-02     -0.18609515E-17      0.20140872E-06      0.43044664E-20
  347.000000000000         0.52966353E-02     -0.18623378E-17      0.25347549E-06     -0.13863003E-20
  348.000000000000         0.52968457E-02     -0.18667760E-17      0.21039026E-06     -0.44381921E-20
  349.000000000000         0.52970304E-02     -0.18704127E-17      0.18472506E-06     -0.36366105E-20
  350.000000000000         0.52972181E-02     -0.18739493E-17      0.18771852E-06     -0.35366925E-20
  351.000000000000         0.52973887E-02     -0.18744333E-17      0.17057280E-06     -0.48398292E-21
  352.000000000000         0.52975467E-02     -0.18759791E-17      0.15803754E-06     -0.15457932E-20
  353.000000000000         0.52976890E-02     -0.18785846E-17      0.14223955E-06     -0.26054444E-20
  354.000000000000         0.52978189E-02     -0.18772885E-17      0.12988183E-06      0.12960424E-20
  355.000000000000         0.52979639E-02     -0.18766704E-17      0.14502100E-06      0.61817275E-21
  356.000000000000         0.52981294E-02     -0.18790595E-17      0.16548201E-06     -0.23891995E-20
  357.000000000000         0.52982940E-02     -0.18800781E-17      0.16462143E-06     -0.10185337E-20
  358.000000000000         0.52984697E-02     -0.18797078E-17      0.17570818E-06      0.37030331E-21
  359.000000000000         0.52986920E-02     -0.18773956E-17      0.22234962E-06      0.23121340E-20
  360.000000000000         0.52989749E-02     -0.18782680E-17      0.28285230E-06     -0.87237642E-21
  361.000000000000         0.52992208E-02     -0.18832031E-17      0.24586568E-06     -0.49350276E-20
  362.000000000000         0.52992996E-02     -0.18816044E-17      0.78797222E-07      0.15986948E-20
  363.000000000000         0.52992837E-02     -0.18823492E-17     -0.15826459E-07     -0.74484278E-21
  364.000000000000         0.52992887E-02     -0.18805836E-17      0.50158123E-08      0.17656213E-20
  365.000000000000         0.52993275E-02     -0.18794649E-17      0.38708495E-07      0.11186897E-20
  366.000000000000         0.52994033E-02     -0.18765845E-17      0.75802326E-07      0.28804144E-20
  367.000000000000         0.52994988E-02     -0.18761372E-17      0.95521499E-07      0.44726342E-21
  368.000000000000         0.52996008E-02     -0.18752847E-17      0.10203743E-06      0.85252699E-21
  369.000000000000         0.52996807E-02     -0.18722228E-17      0.79884132E-07      0.30619179E-20
  370.000000000000         0.52997325E-02     -0.18700975E-17      0.51800129E-07      0.21253003E-20
  371.000000000000         0.52997791E-02     -0.18710349E-17      0.46590147E-07     -0.93740381E-21
  372.000000000000         0.52997935E-02     -0.18696993E-17      0.14390928E-07      0.13355237E-20
  373.000000000000         0.52998145E-02     -0.18639996E-17      0.20970020E-07      0.56997375E-20
  374.000000000000         0.52998560E-02     -0.18612404E-17      0.41530325E-07      0.27592098E-20
  375.000000000000         0.52998752E-02     -0.18618941E-17      0.19208365E-07     -0.65368247E-21
  376.000000000000         0.52998991E-02     -0.18628820E-17      0.23940442E-07     -0.98789858E-21
  377.000000000000         0.52999309E-02     -0.18659979E-17      0.31745785E-07     -0.31159681E-20
  378.000000000000         0.52999563E-02     -0.18622587E-17      0.25390189E-07      0.37392274E-20
  379.000000000000         0.52999868E-02     -0.18619425E-17      0.30511271E-07      0.31619488E-21
  380.000000000000         0.53000570E-02     -0.18605117E-17      0.70233907E-07      0.14308531E-20
  381.000000000000         0.53002146E-02     -0.18561795E-17      0.15758657E-06      0.43322117E-20
  382.000000000000         0.53004083E-02     -0.18571762E-17      0.19371274E-06     -0.99673059E-21
  383.000000000000         0.53005968E-02     -0.18570996E-17      0.18853838E-06      0.76632384E-22
  384.000000000000         0.53007683E-02     -0.18575748E-17      0.17144375E-06     -0.47528045E-21
  385.000000000000         0.53009082E-02     -0.18550542E-17      0.13988730E-06      0.25206134E-20
  386.000000000000         0.53010215E-02     -0.18518557E-17      0.11329734E-06      0.31984968E-20
  387.000000000000         0.53011360E-02     -0.18483089E-17      0.11447361E-06      0.35468667E-20
  388.000000000000         0.53012744E-02     -0.18488982E-17      0.13845253E-06     -0.58938089E-21
  389.000000000000         0.53013991E-02     -0.18505606E-17      0.12472459E-06     -0.16623505E-20
  390.000000000000         0.53014811E-02     -0.18509194E-17      0.82008556E-07     -0.35879622E-21
  391.000000000000         0.53015183E-02     -0.18507317E-17      0.37138356E-07      0.18770804E-21
  392.000000000000         0.53015234E-02     -0.18499155E-17      0.51576125E-08      0.81620617E-21
  393.000000000000         0.53015523E-02     -0.18561319E-17      0.28872707E-07     -0.62163945E-20
  394.000000000000         0.53016335E-02     -0.18534574E-17      0.81207326E-07      0.26744828E-20
  395.000000000000         0.53017465E-02     -0.18520597E-17      0.11301619E-06      0.13976931E-20
  396.000000000000         0.53018630E-02     -0.18545309E-17      0.11649693E-06     -0.24711970E-20
  397.000000000000         0.53019907E-02     -0.18556927E-17      0.12768856E-06     -0.11618492E-20
  398.000000000000         0.53021579E-02     -0.18569907E-17      0.16721029E-06     -0.12979621E-20
  399.000000000000         0.53023649E-02     -0.18565705E-17      0.20697489E-06      0.42017406E-21
  400.000000000000         0.53025903E-02     -0.18548626E-17      0.22544286E-06      0.17079731E-20
  401.000000000000         0.53028151E-02     -0.18551473E-17      0.22473500E-06     -0.28474780E-21
  402.000000000000         0.53030223E-02     -0.18534505E-17      0.20720568E-06      0.16968102E-20
  403.000000000000         0.53031877E-02     -0.18536112E-17      0.16544997E-06     -0.16066687E-21
  404.000000000000         0.53032748E-02     -0.18522283E-17      0.87094206E-07      0.13828144E-20
  405.000000000000         0.53033440E-02     -0.18522143E-17      0.69129664E-07      0.14006168E-22
  406.000000000000         0.53034100E-02     -0.18505203E-17      0.66012495E-07      0.16940251E-20
  407.000000000000         0.53034997E-02     -0.18498781E-17      0.89766127E-07      0.64221147E-21
  408.000000000000         0.53036292E-02     -0.18515938E-17      0.12942731E-06     -0.17156531E-20
  409.000000000000         0.53037532E-02     -0.18475097E-17      0.12406935E-06      0.40840636E-20
  410.000000000000         0.53038520E-02     -0.18493896E-17      0.98788821E-07     -0.18799066E-20
  411.000000000000         0.53039305E-02     -0.18497195E-17      0.78504090E-07     -0.32993012E-21
  412.000000000000         0.53039959E-02     -0.18469917E-17      0.65354733E-07      0.27278028E-20
  413.000000000000         0.53040668E-02     -0.18477813E-17      0.70942192E-07     -0.78958566E-21
  414.000000000000         0.53041447E-02     -0.18484672E-17      0.77886565E-07     -0.68585043E-21
  415.000000000000         0.53042210E-02     -0.18500758E-17      0.76269755E-07     -0.16086706E-20
  416.000000000000         0.53043104E-02     -0.18496712E-17      0.89458763E-07      0.40468058E-21
  417.000000000000         0.53044269E-02     -0.18520541E-17      0.11642777E-06     -0.23829037E-20
  418.000000000000         0.53045747E-02     -0.18510970E-17      0.14781916E-06      0.95703750E-21
  419.000000000000         0.53047600E-02     -0.18502863E-17      0.18531577E-06      0.81071317E-21
  420.000000000000         0.53049484E-02     -0.18491516E-17      0.18838217E-06      0.11346941E-20
  421.000000000000         0.53051608E-02     -0.18494678E-17      0.21245433E-06     -0.31619117E-21
  422.000000000000         0.53053775E-02     -0.18533900E-17      0.21665370E-06     -0.39222430E-20
  423.000000000000         0.53055259E-02     -0.18525138E-17      0.14844795E-06      0.87623412E-21
  424.000000000000         0.53056307E-02     -0.18476719E-17      0.10476619E-06      0.48418890E-20
  425.000000000000         0.53057034E-02     -0.18544277E-17      0.72673784E-07     -0.67557567E-20
  426.000000000000         0.53057465E-02     -0.18487754E-17      0.43094038E-07      0.56522417E-20
  427.000000000000         0.53057895E-02     -0.18486911E-17      0.42990134E-07      0.84296729E-22
  428.000000000000         0.53058410E-02     -0.18489024E-17      0.51533774E-07     -0.21126120E-21
  429.000000000000         0.53058890E-02     -0.18514270E-17      0.47979692E-07     -0.25245978E-20
  430.000000000000         0.53059419E-02     -0.18505351E-17      0.52904175E-07      0.89189077E-21
  431.000000000000         0.53060049E-02     -0.18512180E-17      0.63019859E-07     -0.68290703E-21
  432.000000000000         0.53060741E-02     -0.18516433E-17      0.69194434E-07     -0.42525440E-21
  433.000000000000         0.53061429E-02     -0.18519855E-17      0.68814905E-07     -0.34222635E-21
  434.000000000000         0.53062151E-02     -0.18515242E-17      0.72228694E-07      0.46132307E-21
  435.000000000000         0.53063133E-02     -0.18500778E-17      0.98178096E-07      0.14463700E-20
  436.000000000000         0.53064298E-02     -0.18471925E-17      0.11646408E-06      0.28852813E-20
  437.000000000000         0.53065299E-02     -0.18467353E-17      0.10015241E-06      0.45720494E-21
  438.000000000000         0.53066064E-02     -0.18469889E-17      0.76429097E-07     -0.25357909E-21
  439.000000000000         0.53066687E-02     -0.18473436E-17      0.62295992E-07     -0.35468899E-21
  440.000000000000         0.53067210E-02     -0.18467635E-17      0.52385399E-07      0.58004045E-21
  441.000000000000         0.53067638E-02     -0.18507667E-17      0.42788899E-07     -0.40032017E-20
  442.000000000000         0.53068117E-02     -0.18525214E-17      0.47827482E-07     -0.17546259E-20
  443.000000000000         0.53068781E-02     -0.18534265E-17      0.66469115E-07     -0.90515507E-21
  444.000000000000         0.53069757E-02     -0.18539336E-17      0.97525723E-07     -0.50710025E-21
  445.000000000000         0.53070995E-02     -0.18551338E-17      0.12381633E-06     -0.12001435E-20
  446.000000000000         0.53072249E-02     -0.18540301E-17      0.12546603E-06      0.11036922E-20
  447.000000000000         0.53073299E-02     -0.18516500E-17      0.10497684E-06      0.23801111E-20
  448.000000000000         0.53073931E-02     -0.18522776E-17      0.63204789E-07     -0.62760447E-21
  449.000000000000         0.53074522E-02     -0.18538567E-17      0.59049247E-07     -0.15791675E-20
  450.000000000000         0.53075320E-02     -0.18547127E-17      0.79815879E-07     -0.85596044E-21
  451.000000000000         0.53076226E-02     -0.18551208E-17      0.90613367E-07     -0.40805749E-21
  452.000000000000         0.53077115E-02     -0.18531605E-17      0.88908454E-07      0.19602325E-20
  453.000000000000         0.53077963E-02     -0.18513018E-17      0.84797772E-07      0.18586823E-20
  454.000000000000         0.53078779E-02     -0.18526991E-17      0.81577960E-07     -0.13972613E-20
  455.000000000000         0.53079396E-02     -0.18531565E-17      0.61741978E-07     -0.45735309E-21
  456.000000000000         0.53079638E-02     -0.18510486E-17      0.24170200E-07      0.21078899E-20
  457.000000000000         0.53079772E-02     -0.18562642E-17      0.13384236E-07     -0.52156377E-20
  458.000000000000         0.53080102E-02     -0.18553332E-17      0.33050684E-07      0.93099848E-21
  459.000000000000         0.53080872E-02     -0.18548948E-17      0.76962983E-07      0.43845039E-21
  460.000000000000         0.53081851E-02     -0.18540631E-17      0.97933007E-07      0.83165764E-21
  461.000000000000         0.53082548E-02     -0.18558744E-17      0.69723484E-07     -0.18112620E-20
  462.000000000000         0.53082899E-02     -0.18569872E-17      0.35015887E-07     -0.11128049E-20
  463.000000000000         0.53083213E-02     -0.18583109E-17      0.31396697E-07     -0.13237343E-20
  464.000000000000         0.53083642E-02     -0.18592938E-17      0.42916220E-07     -0.98287531E-21
  465.000000000000         0.53084003E-02     -0.18592861E-17      0.36118603E-07      0.76936652E-23
  466.000000000000         0.53084330E-02     -0.18593086E-17      0.32743300E-07     -0.22545279E-22
  467.000000000000         0.53084634E-02     -0.18577166E-17      0.30408268E-07      0.15920337E-20
  468.000000000000         0.53084900E-02     -0.18564922E-17      0.26567049E-07      0.12244212E-20
  469.000000000000         0.53085364E-02     -0.18582277E-17      0.46348312E-07     -0.17354837E-20
  470.000000000000         0.53086076E-02     -0.18602684E-17      0.71192609E-07     -0.20407658E-20
  471.000000000000         0.53086802E-02     -0.18596427E-17      0.72635225E-07      0.62571714E-21
  472.000000000000         0.53087432E-02     -0.18588935E-17      0.63029324E-07      0.74924089E-21
  473.000000000000         0.53087964E-02     -0.18625784E-17      0.53209268E-07     -0.36849084E-20
  474.000000000000         0.53088504E-02     -0.18591401E-17      0.53960866E-07      0.34383105E-20
  475.000000000000         0.53088872E-02     -0.18605273E-17      0.36828609E-07     -0.13872721E-20
  476.000000000000         0.53089110E-02     -0.18626940E-17      0.23801101E-07     -0.21667073E-20
  477.000000000000         0.53089669E-02     -0.18613391E-17      0.55928953E-07      0.13548962E-20
  478.000000000000         0.53090379E-02     -0.18630777E-17      0.70975994E-07     -0.17386050E-20
  479.000000000000         0.53090909E-02     -0.18633401E-17      0.52998801E-07     -0.26232345E-21
  480.000000000000         0.53091334E-02     -0.18642569E-17      0.42492461E-07     -0.91686040E-21
  481.000000000000         0.53091679E-02     -0.18636359E-17      0.34506375E-07      0.62103951E-21
  482.000000000000         0.53091896E-02     -0.18659647E-17      0.21707887E-07     -0.23287654E-20
  483.000000000000         0.53092032E-02     -0.18666415E-17      0.13533541E-07     -0.67682434E-21
  484.000000000000         0.53092063E-02     -0.18659531E-17      0.31345828E-08      0.68834860E-21
  485.000000000000         0.53092020E-02     -0.18662554E-17     -0.42545670E-08     -0.30227692E-21
  486.000000000000         0.53092034E-02     -0.18639952E-17      0.13882933E-08      0.22602042E-20
  487.000000000000         0.53092231E-02     -0.18657513E-17      0.19666161E-07     -0.17560630E-20
  488.000000000000         0.53092758E-02     -0.18648217E-17      0.52696539E-07      0.92959696E-21
  489.000000000000         0.53093490E-02     -0.18704969E-17      0.73246345E-07     -0.56752367E-20
  490.000000000000         0.53094571E-02     -0.18688685E-17      0.10806167E-06      0.16284345E-20
  491.000000000000         0.53095887E-02     -0.18723575E-17      0.13156529E-06     -0.34890072E-20
  492.000000000000         0.53096765E-02     -0.18729467E-17      0.87819682E-07     -0.58922054E-21
  493.000000000000         0.53097204E-02     -0.18751101E-17      0.43908303E-07     -0.21633864E-20
  494.000000000000         0.53097498E-02     -0.18742146E-17      0.29423957E-07      0.89553392E-21
  495.000000000000         0.53097754E-02     -0.18739239E-17      0.25550428E-07      0.29062397E-21
  496.000000000000         0.53098024E-02     -0.18754607E-17      0.27008415E-07     -0.15367434E-20
  497.000000000000         0.53098261E-02     -0.18761881E-17      0.23765391E-07     -0.72742595E-21
  498.000000000000         0.53098511E-02     -0.18733044E-17      0.24986272E-07      0.28836557E-20
  499.000000000000         0.53098773E-02     -0.18717582E-17      0.26209682E-07      0.15462205E-20
  500.000000000000         0.53099231E-02     -0.18748899E-17      0.45717178E-07     -0.31317249E-20
